не показывать курсор
тип стимула PONZOTOP
перпендикулярные отрезки в Оппель-Кундта каждые... пикс 19
высота перпендикулярных отрезков в Оппель-Кундта 20
угол стрелок 45
длина стрелок 20
длина штанги (1я часть) 1 152
длина штанги (1я часть) 2 171
длина штанги (1я часть) 3 209
длина штанги (1я часть) 4 247
длина штанги (1я часть) 5 266
длина штанги (1я часть) 6 152
длина штанги (1я часть) 7 171
длина штанги (1я часть) 8 209
длина штанги (1я часть) 9 247
длина штанги (1я часть) 10 266
длина штанги (2я часть) 1 152
длина штанги (2я часть) 2 171
длина штанги (2я часть) 3 209
длина штанги (2я часть) 4 247
длина штанги (2я часть) 5 266
длина штанги (2я часть) 6 152
длина штанги (2я часть) 7 171
длина штанги (2я часть) 8 209
длина штанги (2я часть) 9 247
длина штанги (2я часть) 10 266
длина "закрывашек" 20
расстояние между линиями 240
расстояние до рельсов Понзо 20
ширина линий 4
всего опытов 20
PONZO1_WIDTH:171
686 314  4455
855 323  5003
686 415  5874
858 418  6519
Воспроизведение
688 303  7994
873 308  8704
697 410  9404
901 408  10248
PONZO1_WIDTH:152
697 317  1745
846 315  2303
703 420  3088
848 419  3751
Воспроизведение
699 294  5037
892 297  5567
704 406  6351
904 402  6935
PONZO1_WIDTH:209
673 319  1346
868 321  2073
673 425  2694
881 418  3312
Воспроизведение
687 302  4488
921 302  5000
690 408  5745
939 403  6364
PONZO1_WIDTH:209
666 315  1163
876 319  1782
671 416  2530
868 420  3212
Воспроизведение
700 296  4651
908 298  5200
686 415  5914
920 399  6632
PONZO1_WIDTH:247
646 323  1041
881 314  1759
642 423  2415
894 415  3148
Воспроизведение
673 292  4589
910 285  5209
678 383  5766
935 391  6735
PONZO1_WIDTH:247
645 322  1342
879 323  2087
650 427  2783
886 433  3463
Воспроизведение
655 313  4703
913 318  5340
672 418  6018
939 417  6691
PONZO1_WIDTH:266
641 321  1168
907 311  1786
644 415  2479
908 422  3152
Воспроизведение
656 299  4253
918 305  4827
657 422  5504
953 414  6295
PONZO1_WIDTH:171
687 307  1242
869 318  1792
686 421  2524
867 415  3097
Воспроизведение
702 314  3943
702 314  3943
702 314  3986
884 310  4775
720 413  5311
911 410  6038
PONZO1_WIDTH:266
634 322  1046
886 316  1810
647 427  2468
903 415  3210
Воспроизведение
658 319  4476
929 306  5131
682 396  5898
962 386  6706
PONZO1_WIDTH:152
702 314  1185
842 316  1688
699 419  2314
851 419  2914
Воспроизведение
727 298  4157
880 300  4686
752 409  5540
919 411  6060
NO_ILLUSION0_WIDTH:171
694 245  1166
854 246  1903
683 483  2720
874 479  3527
Воспроизведение
674 239  5400
890 239  6100
660 445  7198
878 443  7870
NO_ILLUSION0_WIDTH:266
638 243  1232
899 246  2139
648 483  2902
895 475  3969
Воспроизведение
630 242  5102
911 245  5992
636 479  6911
932 471  7772
NO_ILLUSION0_WIDTH:171
689 248  1300
853 247  1829
683 483  2830
862 491  3674
Воспроизведение
719 237  5411
905 239  6148
712 501  7150
918 502  7679
NO_ILLUSION0_WIDTH:152
695 247  1373
854 250  1921
690 487  3024
850 483  3840
Воспроизведение
714 238  5327
880 245  6091
701 515  6963
886 498  7617
NO_ILLUSION0_WIDTH:266
627 255  1211
898 256  2170
645 492  3096
898 483  4442
Воспроизведение
646 263  5701
936 246  6392
653 511  7212
910 497  7929
NO_ILLUSION0_WIDTH:209
666 255  1209
880 245  1837
670 489  2483
884 489  3281
Воспроизведение
696 258  4533
907 242  5315
702 505  6157
931 507  6846
NO_ILLUSION0_WIDTH:152
702 250  1340
851 254  2005
695 499  2554
695 499  2554
695 499  2605
860 488  3681
Воспроизведение
707 252  5096
879 250  5895
749 484  6668
901 475  7538
NO_ILLUSION0_WIDTH:247
653 251  1140
907 243  1840
650 479  2684
905 491  3555
Воспроизведение
666 255  5010
915 260  5827
681 479  6797
934 491  7648
NO_ILLUSION0_WIDTH:247
652 242  1356
901 239  2100
650 483  2896
901 486  3650
Воспроизведение
654 256  5136
913 259  5810
686 483  6735
946 486  7633
NO_ILLUSION0_WIDTH:209
671 240  1340
882 245  2067
675 475  2850
880 494  3701
Воспроизведение
667 263  5244
918 260  5936
697 507  6724
935 501  7614
