не показывать курсор
тип стимула PONZOTOP
перпендикулярные отрезки в Оппель-Кундта каждые... пикс 19
высота перпендикулярных отрезков в Оппель-Кундта 20
угол стрелок 45
длина стрелок 20
длина штанги (1я часть) 1 152
длина штанги (1я часть) 2 171
длина штанги (1я часть) 3 209
длина штанги (1я часть) 4 247
длина штанги (1я часть) 5 266
длина штанги (1я часть) 6 152
длина штанги (1я часть) 7 171
длина штанги (1я часть) 8 209
длина штанги (1я часть) 9 247
длина штанги (1я часть) 10 266
длина штанги (2я часть) 1 152
длина штанги (2я часть) 2 171
длина штанги (2я часть) 3 209
длина штанги (2я часть) 4 247
длина штанги (2я часть) 5 266
длина штанги (2я часть) 6 152
длина штанги (2я часть) 7 171
длина штанги (2я часть) 8 209
длина штанги (2я часть) 9 247
длина штанги (2я часть) 10 266
длина "закрывашек" 20
расстояние между линиями 240
расстояние до рельсов Понзо 20
ширина линий 4
всего опытов 20
PONZO1_WIDTH:152
689 313  1775
850 313  2357
685 423  3094
846 425  3802
Воспроизведение
706 287  5175
890 286  5705
721 391  6274
923 398  6730
PONZO1_WIDTH:171
677 316  930
852 323  1531
678 416  2095
866 420  2786
Воспроизведение
701 293  3891
908 303  4555
670 408  5227
928 413  5927
PONZO1_WIDTH:209
658 311  980
874 329  1741
663 416  2343
878 411  3043
Воспроизведение
677 307  3725
677 307  3725
677 307  3785
913 306  4806
684 404  5381
934 391  6152
PONZO1_WIDTH:171
678 318  981
855 320  1636
675 425  2271
853 412  2916
Воспроизведение
696 330  4364
881 334  5108
714 436  5827
906 418  6391
PONZO1_WIDTH:209
666 311  1014
876 321  1632
674 410  2268
878 415  2787
Воспроизведение
657 295  3899
907 293  4455
661 398  4981
942 380  5572
PONZO1_WIDTH:247
638 323  984
898 309  1710
646 422  2335
906 416  3016
Воспроизведение
667 295  4371
956 300  5016
662 423  5702
987 415  6526
PONZO1_WIDTH:266
624 311  1147
904 317  1927
623 427  2506
920 420  3251
Воспроизведение
657 300  4480
953 302  5217
650 389  5783
989 417  6392
PONZO1_WIDTH:152
700 311  701
855 315  1139
702 407  1701
851 420  2276
Воспроизведение
718 299  3576
884 307  4132
725 431  4814
918 436  5523
PONZO1_WIDTH:266
644 321  1185
903 328  2045
645 425  2789
908 423  3516
Воспроизведение
675 300  4726
930 308  5372
675 438  6022
978 437  6704
PONZO1_WIDTH:247
635 322  992
898 319  1836
646 419  2530
902 412  3292
Воспроизведение
652 318  4510
905 312  5255
650 430  5990
946 424  6636
NO_ILLUSION0_WIDTH:152
697 248  1028
851 251  1647
677 490  2455
854 488  3192
Воспроизведение
702 251  4451
884 260  5015
727 479  5865
900 468  6475
NO_ILLUSION0_WIDTH:209
654 251  1171
874 258  1987
668 484  2831
880 484  3496
Воспроизведение
670 259  4833
895 248  5495
676 478  6187
938 494  6779
NO_ILLUSION0_WIDTH:247
650 255  1032
897 245  1696
649 495  2522
906 481  3338
Воспроизведение
669 245  4933
905 250  5694
674 521  6479
913 508  7241
NO_ILLUSION0_WIDTH:266
634 249  1098
898 252  1752
634 487  2502
909 475  3371
Воспроизведение
677 248  4616
926 240  5397
674 498  6055
942 465  6879
NO_ILLUSION0_WIDTH:171
677 242  1103
865 241  1785
678 492  2491
868 477  3056
Воспроизведение
701 245  4391
893 241  4938
715 463  5650
908 452  6151
NO_ILLUSION0_WIDTH:209
652 239  1182
886 240  1900
657 480  2825
875 474  3425
Воспроизведение
654 260  9747
914 262  10187
654 397  10687
983 407  11179
NO_ILLUSION0_WIDTH:171
675 251  1129
858 251  1657
675 488  2227
881 478  2738
Воспроизведение
687 235  3923
878 237  4488
695 470  5127
922 450  5627
NO_ILLUSION0_WIDTH:247
644 241  994
894 248  1648
638 499  2243
903 483  2799
Воспроизведение
647 266  4257
907 255  4795
684 475  5492
954 438  6003
NO_ILLUSION0_WIDTH:266
626 239  1069
905 239  1841
624 490  2534
902 482  3208
Воспроизведение
638 255  4404
908 238  5033
625 504  5735
952 469  6651
NO_ILLUSION0_WIDTH:152
688 245  995
863 257  1515
701 492  2204
846 490  2725
Воспроизведение
705 251  3816
875 254  4328
713 457  5155
900 468  5845
