не показывать курсор
тип стимула PONZOTOP
перпендикулярные отрезки в Оппель-Кундта каждые... пикс 19
высота перпендикулярных отрезков в Оппель-Кундта 20
угол стрелок 45
длина стрелок 20
длина штанги (1я часть) 1 152
длина штанги (1я часть) 2 171
длина штанги (1я часть) 3 209
длина штанги (1я часть) 4 247
длина штанги (1я часть) 5 266
длина штанги (1я часть) 6 152
длина штанги (1я часть) 7 171
длина штанги (1я часть) 8 209
длина штанги (1я часть) 9 247
длина штанги (1я часть) 10 266
длина штанги (2я часть) 1 152
длина штанги (2я часть) 2 171
длина штанги (2я часть) 3 209
длина штанги (2я часть) 4 247
длина штанги (2я часть) 5 266
длина штанги (2я часть) 6 152
длина штанги (2я часть) 7 171
длина штанги (2я часть) 8 209
длина штанги (2я часть) 9 247
длина штанги (2я часть) 10 266
длина "закрывашек" 20
расстояние между линиями 240
расстояние до рельсов Понзо 20
ширина линий 4
всего опытов 20
PONZO1_WIDTH:266
626 319  2823
904 327  3777
625 422  4467
926 423  5311
Воспроизведение
610 351  8167
926 334  8920
551 451  9392
977 467  10247
PONZO1_WIDTH:247
646 321  1870
889 318  2579
631 419  3213
875 415  3963
Воспроизведение
627 326  5485
874 303  6174
599 468  6824
927 472  7549
PONZO1_WIDTH:247
641 313  930
878 321  1669
629 419  2227
902 423  3020
Воспроизведение
630 335  4342
895 347  5095
634 461  5665
922 463  6350
PONZO1_WIDTH:209
666 327  882
878 327  1584
655 418  2213
853 413  3036
Воспроизведение
657 323  4287
897 317  5037
646 432  5634
890 430  6386
PONZO1_WIDTH:152
690 324  960
838 316  1573
693 425  2156
852 419  2713
Воспроизведение
696 323  3944
843 319  4576
682 442  5204
853 427  5819
PONZO1_WIDTH:209
662 326  870
863 325  1592
652 419  2135
886 423  2915
Воспроизведение
662 320  4101
875 318  4791
651 441  5419
886 434  6090
PONZO1_WIDTH:171
679 320  859
854 323  1524
676 423  2134
876 438  2828
Воспроизведение
682 325  4176
846 322  4868
650 446  5492
876 451  6166
PONZO1_WIDTH:171
676 322  861
858 328  1570
677 423  2143
865 411  2806
Воспроизведение
674 316  4085
860 327  4733
654 442  5343
880 426  5961
PONZO1_WIDTH:266
633 319  790
885 327  1602
625 422  2146
913 427  2993
Воспроизведение
634 322  4479
900 318  5220
598 435  5867
903 434  6664
PONZO1_WIDTH:152
686 318  1137
862 327  1846
687 424  2402
859 411  3085
Воспроизведение
674 325  4368
854 339  4960
671 436  5509
854 419  6063
NO_ILLUSION0_WIDTH:152
688 255  999
858 255  1719
677 483  2337
852 483  3118
Воспроизведение
678 251  4260
856 265  4898
671 511  5549
858 509  6160
NO_ILLUSION0_WIDTH:171
670 250  866
857 258  1574
675 482  2182
857 482  2871
Воспроизведение
669 254  4009
862 265  4629
661 535  5220
884 524  5883
NO_ILLUSION0_WIDTH:209
654 251  962
874 255  1661
661 479  2265
864 480  2900
Воспроизведение
650 244  4043
872 253  4693
644 512  5305
885 504  5946
NO_ILLUSION0_WIDTH:152
679 253  838
856 268  1497
681 483  2129
845 483  2761
Воспроизведение
687 244  4010
856 259  4577
675 520  5190
882 519  5744
NO_ILLUSION0_WIDTH:247
629 245  856
889 252  1577
623 488  2143
878 484  2875
Воспроизведение
619 243  3962
899 251  4645
623 499  5242
852 501  5814
NO_ILLUSION0_WIDTH:266
630 253  908
886 256  1627
625 487  2182
913 483  2945
Воспроизведение
619 241  4029
901 260  4746
618 505  5298
927 507  6025
NO_ILLUSION0_WIDTH:171
666 251  888
866 273  1502
672 483  2022
853 481  2568
Воспроизведение
NO_ILLUSION0_WIDTH:209
649 252  709
879 259  1464
642 484  2141
900 487  2807
Воспроизведение
645 265  4120
898 263  4744
624 505  5243
886 507  5830
NO_ILLUSION0_WIDTH:266
636 256  917
908 246  1621
626 501  2159
925 496  2847
Воспроизведение
606 271  4433
894 260  5169
608 515  5750
902 503  6368
NO_ILLUSION0_WIDTH:247
626 253  1103
898 245  1988
625 499  2601
898 484  3404
Воспроизведение
626 260  4903
922 259  5708
617 495  6270
950 483  7021
