не показывать курсор
тип стимула PONZOTOP
перпендикулярные отрезки в Оппель-Кундта каждые... пикс 19
высота перпендикулярных отрезков в Оппель-Кундта 20
угол стрелок 45
длина стрелок 20
длина штанги (1я часть) 1 152
длина штанги (1я часть) 2 171
длина штанги (1я часть) 3 209
длина штанги (1я часть) 4 247
длина штанги (1я часть) 5 266
длина штанги (1я часть) 6 152
длина штанги (1я часть) 7 171
длина штанги (1я часть) 8 209
длина штанги (1я часть) 9 247
длина штанги (1я часть) 10 266
длина штанги (2я часть) 1 152
длина штанги (2я часть) 2 171
длина штанги (2я часть) 3 209
длина штанги (2я часть) 4 247
длина штанги (2я часть) 5 266
длина штанги (2я часть) 6 152
длина штанги (2я часть) 7 171
длина штанги (2я часть) 8 209
длина штанги (2я часть) 9 247
длина штанги (2я часть) 10 266
длина "закрывашек" 20
расстояние между линиями 240
расстояние до рельсов Понзо 20
ширина линий 4
всего опытов 20
PONZO1_WIDTH:247
638 316  806
896 305  1261
630 436  1652
874 421  2165
Воспроизведение
630 319  3274
879 310  3704
574 424  4068
910 423  4578
PONZO1_WIDTH:209
668 327  700
866 319  1104
654 421  1503
866 407  2015
Воспроизведение
658 323  2869
882 315  3354
636 403  3686
918 407  4260
PONZO1_WIDTH:266
618 311  631
894 312  1115
627 415  1598
908 419  2065
Воспроизведение
614 298  2827
896 304  3257
632 413  3698
908 401  4173
PONZO1_WIDTH:171
685 324  649
856 316  1107
692 423  1521
867 415  1914
Воспроизведение
661 310  2667
893 303  3105
658 447  3546
873 447  4022
PONZO1_WIDTH:152
684 323  668
853 319  1081
688 428  1518
830 419  1948
Воспроизведение
691 324  2788
832 313  3227
670 430  3633
855 426  4107
PONZO1_WIDTH:266
626 312  656
907 305  1150
639 415  1595
899 408  2143
Воспроизведение
643 320  3033
909 311  3509
625 424  3887
946 415  4497
PONZO1_WIDTH:171
678 315  654
850 312  1103
662 419  1532
852 414  1970
Воспроизведение
673 331  2730
852 315  3144
652 423  3517
877 418  4019
PONZO1_WIDTH:152
693 315  640
854 312  1044
679 409  1496
846 409  1954
Воспроизведение
689 327  2678
853 323  3081
682 415  3516
878 410  3948
PONZO1_WIDTH:247
647 317  662
891 313  1102
682 409  1543
898 403  2046
Воспроизведение
626 314  2919
903 325  3376
591 430  3763
934 412  4308
PONZO1_WIDTH:209
653 316  576
870 306  998
643 419  1471
874 410  1937
Воспроизведение
654 323  2717
897 314  3112
651 415  3616
912 414  4091
NO_ILLUSION0_WIDTH:152
690 251  749
846 244  1186
660 482  1679
874 476  2091
Воспроизведение
674 259  2833
870 258  3185
667 515  3705
842 499  4072
NO_ILLUSION0_WIDTH:209
654 251  600
886 247  976
654 485  1472
876 479  2002
Воспроизведение
652 250  2725
884 251  3111
646 519  3630
893 502  4079
NO_ILLUSION0_WIDTH:247
629 247  546
894 255  976
624 507  1478
892 480  1944
Воспроизведение
635 255  2604
906 251  3025
630 522  3527
907 515  3994
NO_ILLUSION0_WIDTH:266
627 243  614
894 239  1090
605 486  1519
919 467  1966
Воспроизведение
626 268  2923
894 264  3281
609 499  3749
893 486  4169
NO_ILLUSION0_WIDTH:152
693 252  632
870 252  1009
686 477  1483
837 471  1833
Воспроизведение
677 261  2498
872 259  2829
677 543  3310
838 531  3649
NO_ILLUSION0_WIDTH:266
630 257  580
905 252  1003
605 479  1430
898 472  1932
Воспроизведение
626 244  2560
912 237  3000
624 496  3433
907 487  3881
NO_ILLUSION0_WIDTH:247
639 251  584
888 238  1033
628 477  1511
888 471  1960
Воспроизведение
642 257  2578
902 243  2991
624 511  3450
893 505  3889
NO_ILLUSION0_WIDTH:171
658 248  585
858 245  989
677 485  1453
866 475  1875
Воспроизведение
670 259  2548
859 251  2898
658 491  3385
873 486  3753
NO_ILLUSION0_WIDTH:209
652 245  585
890 243  1014
670 500  1492
894 481  1914
Воспроизведение
646 259  2588
881 257  2938
644 506  3467
849 479  3925
NO_ILLUSION0_WIDTH:171
672 241  536
857 239  895
650 481  1336
874 473  1720
Воспроизведение
646 265  2396
880 262  2738
640 475  3176
878 476  3596
