не показывать курсор
тип стимула PONZOTOP
перпендикулярные отрезки в Оппель-Кундта каждые... пикс 19
высота перпендикулярных отрезков в Оппель-Кундта 20
угол стрелок 45
длина стрелок 20
длина штанги (1я часть) 1 152
длина штанги (1я часть) 2 171
длина штанги (1я часть) 3 209
длина штанги (1я часть) 4 247
длина штанги (1я часть) 5 266
длина штанги (1я часть) 6 152
длина штанги (1я часть) 7 171
длина штанги (1я часть) 8 209
длина штанги (1я часть) 9 247
длина штанги (1я часть) 10 266
длина штанги (2я часть) 1 152
длина штанги (2я часть) 2 171
длина штанги (2я часть) 3 209
длина штанги (2я часть) 4 247
длина штанги (2я часть) 5 266
длина штанги (2я часть) 6 152
длина штанги (2я часть) 7 171
длина штанги (2я часть) 8 209
длина штанги (2я часть) 9 247
длина штанги (2я часть) 10 266
длина "закрывашек" 20
расстояние между линиями 240
расстояние до рельсов Понзо 20
ширина линий 4
всего опытов 20
PONZO1_WIDTH:266
650 327  6320
650 327  6320
650 327  6445
902 321  8416
630 419  9508
899 415  10932
Воспроизведение
629 327  12569
891 324  13854
674 435  14931
935 447  15972
PONZO1_WIDTH:171
686 317  1171
854 316  1949
688 413  2793
854 422  3480
Воспроизведение
674 321  5115
842 327  5694
702 431  6466
879 441  7098
PONZO1_WIDTH:152
697 319  1171
850 322  1704
690 415  2422
838 418  2994
Воспроизведение
670 329  4455
845 335  5150
702 455  5969
865 464  6496
PONZO1_WIDTH:266
633 317  1247
890 308  2165
642 415  2951
892 417  3901
Воспроизведение
626 322  5334
895 328  6160
650 428  6835
928 448  7485
PONZO1_WIDTH:171
691 322  1108
856 322  1610
682 417  2332
854 417  3001
Воспроизведение
664 323  4183
860 334  4792
678 421  5390
880 439  5936
PONZO1_WIDTH:247
647 316  1093
905 316  1980
650 415  2855
883 412  3639
Воспроизведение
645 311  4824
894 325  5614
662 407  6227
921 419  7078
PONZO1_WIDTH:152
700 316  1228
846 316  1761
690 412  2412
847 413  3004
Воспроизведение
694 313  4206
862 325  4689
698 426  5381
857 424  5914
PONZO1_WIDTH:247
649 315  2781
888 318  3618
650 413  4531
890 424  5347
Воспроизведение
639 335  7275
870 343  7932
662 412  8501
897 416  9113
PONZO1_WIDTH:209
662 320  1305
875 315  2167
673 414  3061
874 420  3899
Воспроизведение
658 324  5194
898 327  5976
679 423  6615
907 431  7239
PONZO1_WIDTH:209
666 318  1204
869 316  1946
670 416  2729
873 413  3762
Воспроизведение
654 325  5198
860 330  5967
666 409  7410
894 426  8375
NO_ILLUSION0_WIDTH:171
685 245  3450
855 247  4216
678 483  5191
857 481  6148
Воспроизведение
686 257  8304
860 255  9100
676 443  10032
875 450  10787
NO_ILLUSION0_WIDTH:171
682 244  1963
858 243  2777
677 483  3903
849 483  4824
Воспроизведение
666 262  6266
881 262  7279
696 483  8797
881 490  9573
NO_ILLUSION0_WIDTH:209
661 241  1958
878 247  2872
658 483  3916
874 485  4845
Воспроизведение
638 263  6496
880 266  7625
672 486  9016
886 499  9886
NO_ILLUSION0_WIDTH:209
657 246  1464
878 251  2389
666 483  3491
872 483  4492
Воспроизведение
651 257  5667
855 260  6551
650 508  7592
852 512  8412
NO_ILLUSION0_WIDTH:247
644 248  1428
899 247  2505
647 480  3661
895 481  4814
Воспроизведение
631 255  6176
906 253  7417
650 462  8819
906 472  9783
NO_ILLUSION0_WIDTH:266
630 252  1697
907 246  3054
639 483  4202
903 484  5474
Воспроизведение
625 251  6575
903 247  7630
637 547  9017
905 557  10212
NO_ILLUSION0_WIDTH:266
639 233  1424
900 247  2840
644 482  4217
893 485  5407
Воспроизведение
634 264  7771
876 264  8784
629 531  9974
874 532  10895
NO_ILLUSION0_WIDTH:152
690 250  2366
838 244  3290
687 483  4445
846 487  5193
Воспроизведение
676 302  8340
850 306  9107
675 548  10375
871 555  11123
NO_ILLUSION0_WIDTH:247
643 245  2091
897 241  3255
639 487  4377
895 481  5681
Воспроизведение
655 271  8477
901 282  9521
662 547  10565
915 546  11350
NO_ILLUSION0_WIDTH:152
698 239  1323
698 239  1323
698 239  1528
848 242  2694
696 502  3265
696 502  3265
694 481  3724
853 490  4556
Воспроизведение
675 253  6134
866 252  7105
674 502  8186
881 507  8888
