не показывать курсор
тип стимула PONZOTOP
перпендикулярные отрезки в Оппель-Кундта каждые... пикс 19
высота перпендикулярных отрезков в Оппель-Кундта 20
угол стрелок 45
длина стрелок 20
длина штанги (1я часть) 1 152
длина штанги (1я часть) 2 171
длина штанги (1я часть) 3 209
длина штанги (1я часть) 4 247
длина штанги (1я часть) 5 266
длина штанги (1я часть) 6 152
длина штанги (1я часть) 7 171
длина штанги (1я часть) 8 209
длина штанги (1я часть) 9 247
длина штанги (1я часть) 10 266
длина штанги (2я часть) 1 152
длина штанги (2я часть) 2 171
длина штанги (2я часть) 3 209
длина штанги (2я часть) 4 247
длина штанги (2я часть) 5 266
длина штанги (2я часть) 6 152
длина штанги (2я часть) 7 171
длина штанги (2я часть) 8 209
длина штанги (2я часть) 9 247
длина штанги (2я часть) 10 266
длина "закрывашек" 20
расстояние между линиями 240
расстояние до рельсов Понзо 20
ширина линий 4
всего опытов 20
PONZO1_WIDTH:171
674 298  5262
875 316  5902
674 413  6579
858 418  7131
Воспроизведение
677 319  8647
883 325  9169
673 432  9753
910 423  10365
PONZO1_WIDTH:209
666 309  1344
869 318  1915
665 409  2636
866 412  3170
Воспроизведение
666 324  4610
928 333  5215
666 466  5915
886 469  6420
PONZO1_WIDTH:247
658 315  1426
882 318  2012
638 420  2678
891 418  3179
Воспроизведение
642 318  4625
899 307  5125
648 457  5825
906 455  6282
PONZO1_WIDTH:266
626 331  1712
626 331  1712
626 331  1800
900 313  2800
630 423  3520
896 427  4404
Воспроизведение
626 318  5734
915 331  6370
645 451  6935
914 447  7664
PONZO1_WIDTH:171
685 311  1440
859 307  2024
682 421  2807
846 419  3401
Воспроизведение
685 340  7585
898 323  8381
647 434  8983
889 428  9729
PONZO1_WIDTH:152
698 321  1574
850 325  2246
690 417  2886
848 419  3630
Воспроизведение
696 316  5162
856 327  5678
701 451  6363
868 455  6907
PONZO1_WIDTH:247
645 319  1208
880 320  2001
636 415  2610
882 415  3417
Воспроизведение
653 319  4844
887 315  5399
649 428  6006
899 431  6586
PONZO1_WIDTH:209
666 318  1546
866 320  2367
659 425  3068
874 425  3889
Воспроизведение
662 319  5386
846 324  6352
665 441  7139
864 425  8023
PONZO1_WIDTH:266
630 317  1452
894 319  2454
631 418  3464
891 421  4473
Воспроизведение
634 319  5979
886 330  6955
669 436  7977
920 435  8753
PONZO1_WIDTH:152
700 314  1424
847 320  1968
694 419  2671
846 413  3321
Воспроизведение
679 313  4880
858 325  5578
706 432  6400
881 437  6933
NO_ILLUSION0_WIDTH:247
642 250  2718
880 248  3556
641 499  4334
900 489  4945
Воспроизведение
638 248  6303
874 255  7065
636 457  7823
886 464  8887
NO_ILLUSION0_WIDTH:171
676 250  975
866 248  1341
688 488  2089
845 486  2508
Воспроизведение
667 244  3649
874 255  4073
679 463  4656
886 476  5223
NO_ILLUSION0_WIDTH:247
639 249  945
898 260  1532
644 485  2192
888 489  2762
Воспроизведение
642 250  3990
919 255  4494
657 454  5127
918 459  5738
NO_ILLUSION0_WIDTH:152
676 251  914
850 253  1343
701 484  1916
856 491  2367
Воспроизведение
672 245  3510
883 251  4042
690 475  4702
885 472  5301
NO_ILLUSION0_WIDTH:152
686 247  1192
848 258  1817
687 489  2574
855 484  3101
Воспроизведение
643 271  7070
894 283  7549
655 444  8087
902 447  8595
NO_ILLUSION0_WIDTH:266
621 259  1157
901 250  1897
630 479  2512
914 478  3042
Воспроизведение
642 256  4443
915 262  4975
626 426  5660
910 427  6283
NO_ILLUSION0_WIDTH:209
652 243  1253
878 261  1891
666 487  2515
890 486  2972
Воспроизведение
650 254  4329
894 267  4971
666 466  5749
934 455  6491
NO_ILLUSION0_WIDTH:209
646 243  1431
867 250  2057
654 483  2874
879 475  3690
Воспроизведение
640 260  5041
881 274  5756
638 502  6485
895 503  7094
NO_ILLUSION0_WIDTH:266
623 247  1481
902 247  2085
634 491  2767
905 483  3742
Воспроизведение
622 253  5635
922 270  6213
650 454  6790
948 450  7476
NO_ILLUSION0_WIDTH:171
673 244  1313
860 260  1994
668 492  2693
862 483  3278
Воспроизведение
643 251  5365
896 252  6082
660 482  6668
910 483  7355
