не показывать курсор
тип стимула PONZOTOP
перпендикулярные отрезки в Оппель-Кундта каждые... пикс 19
высота перпендикулярных отрезков в Оппель-Кундта 20
угол стрелок 45
длина стрелок 20
длина штанги (1я часть) 1 152
длина штанги (1я часть) 2 171
длина штанги (1я часть) 3 209
длина штанги (1я часть) 4 247
длина штанги (1я часть) 5 266
длина штанги (1я часть) 6 152
длина штанги (1я часть) 7 171
длина штанги (1я часть) 8 209
длина штанги (1я часть) 9 247
длина штанги (1я часть) 10 266
длина штанги (2я часть) 1 152
длина штанги (2я часть) 2 171
длина штанги (2я часть) 3 209
длина штанги (2я часть) 4 247
длина штанги (2я часть) 5 266
длина штанги (2я часть) 6 152
длина штанги (2я часть) 7 171
длина штанги (2я часть) 8 209
длина штанги (2я часть) 9 247
длина штанги (2я часть) 10 266
длина "закрывашек" 20
расстояние между линиями 240
расстояние до рельсов Понзо 20
ширина линий 4
всего опытов 20
PONZO1_WIDTH:247
651 321  6095
890 323  7064
650 418  7948
904 418  9560
Воспроизведение
650 321  12295
879 315  13254
652 412  14154
945 412  15400
PONZO1_WIDTH:171
692 321  2870
868 324  3528
687 418  4340
854 424  5786
Воспроизведение
700 329  7708
858 329  8666
719 416  9432
895 419  10562
PONZO1_WIDTH:209
666 317  2600
858 316  3361
676 418  3876
881 415  4467
Воспроизведение
690 325  5859
892 316  6528
702 413  7180
912 420  7958
PONZO1_WIDTH:266
638 320  1300
900 311  2374
641 415  3093
898 417  4295
Воспроизведение
676 327  6051
904 324  7054
666 437  7801
919 432  8841
PONZO1_WIDTH:266
643 326  1413
888 314  2274
647 419  2778
902 423  3605
Воспроизведение
662 326  5288
903 323  6190
672 435  6898
933 434  7771
PONZO1_WIDTH:152
702 323  1545
846 321  2031
702 419  2656
856 423  3402
Воспроизведение
714 323  5068
852 328  5633
721 411  6387
882 418  7082
PONZO1_WIDTH:152
701 319  1521
834 315  2120
696 416  2792
850 425  3503
Воспроизведение
682 326  5104
862 325  5954
701 419  6732
860 422  7396
PONZO1_WIDTH:171
681 323  1401
856 310  2045
685 417  2617
857 430  3486
Воспроизведение
698 322  5070
854 323  5766
702 417  6454
887 417  7067
PONZO1_WIDTH:247
647 324  1514
890 311  2501
648 413  3241
890 415  4415
Воспроизведение
654 315  6118
891 320  7092
655 415  7781
906 409  8862
PONZO1_WIDTH:209
673 312  1198
864 322  1733
674 416  2269
884 423  3032
Воспроизведение
690 323  4651
889 321  5397
694 422  5978
925 420  6850
NO_ILLUSION0_WIDTH:171
684 248  1724
847 248  2398
686 492  3238
854 494  4173
Воспроизведение
697 255  5783
867 251  6449
704 482  7271
898 493  7940
NO_ILLUSION0_WIDTH:247
639 253  1412
885 247  2137
650 487  2839
900 495  3769
Воспроизведение
685 259  5299
916 251  6085
684 487  6836
929 490  7690
NO_ILLUSION0_WIDTH:171
690 244  1307
846 248  1895
687 487  2551
847 491  3238
Воспроизведение
702 260  4584
873 255  5192
693 503  5898
882 498  6534
NO_ILLUSION0_WIDTH:209
658 255  1288
878 249  1927
665 481  2598
895 489  3486
Воспроизведение
670 255  4904
883 246  5703
675 490  6420
903 494  7341
NO_ILLUSION0_WIDTH:266
636 252  1699
904 248  2605
642 488  3382
905 497  4289
Воспроизведение
639 253  6599
906 242  7428
671 475  8536
939 458  9513
NO_ILLUSION0_WIDTH:152
698 255  1951
854 254  2512
701 491  3289
854 487  4055
Воспроизведение
707 257  5506
851 252  6076
702 491  6738
882 488  7381
NO_ILLUSION0_WIDTH:247
646 247  1385
868 247  2045
643 481  2751
891 487  3642
Воспроизведение
646 250  5302
895 243  5982
666 474  6639
906 479  7305
NO_ILLUSION0_WIDTH:209
659 251  1201
866 251  1895
670 493  2548
887 495  3416
Воспроизведение
674 259  4674
876 259  5219
690 499  5935
905 497  6577
NO_ILLUSION0_WIDTH:152
694 255  1463
838 251  2046
702 480  2576
840 489  3173
Воспроизведение
700 256  4868
871 245  5294
722 515  6042
862 513  6568
NO_ILLUSION0_WIDTH:266
626 243  2140
898 247  2936
647 491  3674
900 491  4463
Воспроизведение
644 252  6042
918 247  6726
662 501  7484
930 500  8476
