не показывать курсор
тип стимула PONZOTOP
перпендикулярные отрезки в Оппель-Кундта каждые... пикс 19
высота перпендикулярных отрезков в Оппель-Кундта 20
угол стрелок 45
длина стрелок 20
длина штанги (1я часть) 1 152
длина штанги (1я часть) 2 171
длина штанги (1я часть) 3 209
длина штанги (1я часть) 4 247
длина штанги (1я часть) 5 266
длина штанги (1я часть) 6 152
длина штанги (1я часть) 7 171
длина штанги (1я часть) 8 209
длина штанги (1я часть) 9 247
длина штанги (1я часть) 10 266
длина штанги (2я часть) 1 152
длина штанги (2я часть) 2 171
длина штанги (2я часть) 3 209
длина штанги (2я часть) 4 247
длина штанги (2я часть) 5 266
длина штанги (2я часть) 6 152
длина штанги (2я часть) 7 171
длина штанги (2я часть) 8 209
длина штанги (2я часть) 9 247
длина штанги (2я часть) 10 266
длина "закрывашек" 20
расстояние между линиями 240
расстояние до рельсов Понзо 20
ширина линий 4
всего опытов 20
PONZO1_WIDTH:152
680 313  4649
854 313  5132
694 417  5701
843 415  6323
Воспроизведение
702 308  7948
878 313  8506
702 433  9061
889 418  9785
PONZO1_WIDTH:152
697 323  1101
850 324  1688
686 419  2155
843 417  2837
Воспроизведение
706 327  4310
886 323  5014
710 419  5570
890 415  6311
PONZO1_WIDTH:247
646 317  1055
900 313  2059
643 413  2644
886 414  3697
Воспроизведение
665 323  4981
904 314  5973
670 438  6586
934 425  7818
PONZO1_WIDTH:247
654 323  1039
887 314  1914
643 415  2608
898 419  3567
Воспроизведение
646 316  4985
904 315  6015
655 423  6609
925 420  7712
PONZO1_WIDTH:171
686 319  1010
848 315  1719
668 423  2248
850 415  3223
Воспроизведение
698 327  4522
872 323  5257
693 443  5732
871 430  6674
PONZO1_WIDTH:209
667 322  1044
876 328  2071
651 421  2578
870 415  3661
Воспроизведение
666 323  5060
864 320  6007
658 439  6510
896 438  7375
PONZO1_WIDTH:209
668 318  1108
870 319  1980
666 416  2476
882 423  3422
Воспроизведение
654 314  4642
898 313  5543
677 439  6175
902 429  7204
PONZO1_WIDTH:266
624 315  989
900 319  2113
640 418  2565
906 417  3703
Воспроизведение
627 327  4987
922 328  6180
670 441  6641
952 441  7882
PONZO1_WIDTH:171
686 324  1022
870 324  1810
689 418  2267
866 408  3148
Воспроизведение
666 333  4352
866 337  5112
676 439  5637
863 427  6413
PONZO1_WIDTH:266
644 315  1074
890 320  2117
642 418  2701
903 413  3963
Воспроизведение
653 320  5339
918 328  6568
675 441  7084
950 436  8379
NO_ILLUSION0_WIDTH:209
654 263  1100
878 251  1963
666 491  2604
870 493  3615
Воспроизведение
650 252  4940
874 256  5944
677 502  6597
890 494  7496
NO_ILLUSION0_WIDTH:171
679 249  1216
846 251  2007
680 499  2769
846 488  3498
Воспроизведение
645 250  4715
861 254  5674
694 505  6372
890 491  7240
NO_ILLUSION0_WIDTH:209
655 250  935
858 247  1786
665 491  2438
872 487  3413
Воспроизведение
649 259  4815
881 261  5865
698 493  6570
913 492  7666
NO_ILLUSION0_WIDTH:152
685 251  987
839 254  1758
698 499  2436
846 487  3215
Воспроизведение
672 258  4565
845 259  5229
688 507  5958
870 493  6848
NO_ILLUSION0_WIDTH:171
674 255  1029
850 251  1673
675 495  2295
850 481  3100
Воспроизведение
653 267  4537
855 256  5271
690 475  5925
869 474  6767
NO_ILLUSION0_WIDTH:247
638 258  978
889 259  1991
647 487  2643
890 481  3761
Воспроизведение
646 243  5086
928 247  6173
662 499  6849
924 492  8060
NO_ILLUSION0_WIDTH:247
650 255  948
881 259  1842
652 491  2517
898 488  3745
Воспроизведение
634 260  5096
910 257  6202
656 504  7009
946 487  8434
NO_ILLUSION0_WIDTH:266
632 244  1084
897 253  2175
625 479  2796
894 487  3595
Воспроизведение
626 258  4636
898 252  5619
654 497  6223
910 497  7136
NO_ILLUSION0_WIDTH:266
638 256  857
909 260  1633
639 494  2138
911 487  3052
Воспроизведение
626 257  4444
938 259  5406
668 504  6022
989 502  6890
NO_ILLUSION0_WIDTH:152
679 257  867
842 259  1468
687 483  2158
851 498  3021
Воспроизведение
666 251  4472
867 252  5199
673 524  5869
883 505  6694
