не показывать курсор
тип стимула PONZOTOP
перпендикулярные отрезки в Оппель-Кундта каждые... пикс 19
высота перпендикулярных отрезков в Оппель-Кундта 20
угол стрелок 45
длина стрелок 20
длина штанги (1я часть) 1 152
длина штанги (1я часть) 2 171
длина штанги (1я часть) 3 209
длина штанги (1я часть) 4 247
длина штанги (1я часть) 5 266
длина штанги (1я часть) 6 152
длина штанги (1я часть) 7 171
длина штанги (1я часть) 8 209
длина штанги (1я часть) 9 247
длина штанги (1я часть) 10 266
длина штанги (2я часть) 1 152
длина штанги (2я часть) 2 171
длина штанги (2я часть) 3 209
длина штанги (2я часть) 4 247
длина штанги (2я часть) 5 266
длина штанги (2я часть) 6 152
длина штанги (2я часть) 7 171
длина штанги (2я часть) 8 209
длина штанги (2я часть) 9 247
длина штанги (2я часть) 10 266
длина "закрывашек" 20
расстояние между линиями 240
расстояние до рельсов Понзо 20
ширина линий 4
всего опытов 20
PONZO1_WIDTH:209
653 327  1657
865 310  2384
663 423  3086
871 423  3645
Воспроизведение
656 313  4995
853 315  5571
652 438  6338
879 426  7173
PONZO1_WIDTH:171
677 307  1152
847 324  1705
683 407  2409
850 420  2973
Воспроизведение
676 323  4108
831 327  4609
679 435  5350
841 431  6126
PONZO1_WIDTH:266
625 316  1123
898 318  1913
632 414  2616
875 419  3409
893 423  3553
893 423  3553
Воспроизведение
619 324  4580
892 330  5425
650 422  6236
885 410  7053
PONZO1_WIDTH:247
643 321  1108
894 316  1939
643 417  2681
876 415  3496
Воспроизведение
630 308  4776
897 313  5505
652 405  6442
878 400  7350
PONZO1_WIDTH:171
682 303  998
846 320  1747
676 424  2364
860 412  3036
Воспроизведение
671 312  4483
842 315  5139
662 433  5855
852 424  6684
PONZO1_WIDTH:152
683 311  1198
838 314  1845
685 429  2518
838 413  3195
Воспроизведение
702 310  4688
876 322  5332
687 435  6133
858 431  6822
PONZO1_WIDTH:152
690 314  1313
847 321  2050
694 419  2734
825 416  3369
Воспроизведение
675 316  4654
844 313  5379
683 405  6171
833 402  6981
PONZO1_WIDTH:247
638 303  1158
879 315  2031
646 411  2785
879 419  3652
Воспроизведение
650 308  4999
881 320  5749
660 409  6618
900 406  7509
PONZO1_WIDTH:266
630 319  1051
906 327  1867
634 410  2635
886 410  3416
Воспроизведение
625 311  4741
876 317  5509
627 412  6252
859 406  7031
PONZO1_WIDTH:209
667 310  966
865 315  1465
670 414  2390
872 411  2960
Воспроизведение
650 315  4097
854 315  4624
666 423  5567
850 427  6167
NO_ILLUSION0_WIDTH:171
678 253  1165
851 248  1658
699 486  2634
846 479  3037
Воспроизведение
660 245  4378
844 256  4898
662 457  5693
822 463  6170
NO_ILLUSION0_WIDTH:152
697 250  1199
842 240  1614
699 483  2462
842 482  2893
Воспроизведение
675 243  4292
824 249  4733
668 483  5585
831 477  6130
NO_ILLUSION0_WIDTH:247
642 243  1071
878 247  1659
650 483  2502
880 484  3079
Воспроизведение
632 247  4277
858 248  4927
650 500  5748
880 500  6541
NO_ILLUSION0_WIDTH:209
662 247  1021
873 254  1588
676 490  2353
854 486  3070
Воспроизведение
645 238  4130
845 239  4690
665 489  5501
856 491  6174
NO_ILLUSION0_WIDTH:171
677 246  980
852 251  1499
701 483  2374
847 478  2891
Воспроизведение
679 245  4176
828 240  4717
676 495  5513
845 495  6035
NO_ILLUSION0_WIDTH:152
695 245  1071
825 244  1510
690 487  2323
830 484  2858
Воспроизведение
682 248  4154
798 247  4597
671 491  5402
829 500  5999
NO_ILLUSION0_WIDTH:247
648 241  1239
874 259  1800
651 483  2533
871 487  3089
Воспроизведение
630 248  4365
890 238  5074
638 493  5942
890 492  6787
NO_ILLUSION0_WIDTH:266
630 242  1115
890 255  1753
642 483  2505
894 483  3501
Воспроизведение
620 238  4611
902 249  5325
646 500  6238
906 499  7096
NO_ILLUSION0_WIDTH:266
637 243  1291
894 255  1778
643 486  2710
892 487  3801
Воспроизведение
627 262  5074
883 256  5898
634 501  6605
903 498  7396
NO_ILLUSION0_WIDTH:209
653 247  930
868 251  1611
670 484  2374
856 483  3103
Воспроизведение
651 233  4310
860 239  4963
668 447  5775
863 443  6751
