не показывать курсор
тип стимула PONZOTOP
перпендикулярные отрезки в Оппель-Кундта каждые... пикс 19
высота перпендикулярных отрезков в Оппель-Кундта 20
угол стрелок 45
длина стрелок 20
длина штанги (1я часть) 1 152
длина штанги (1я часть) 2 171
длина штанги (1я часть) 3 209
длина штанги (1я часть) 4 247
длина штанги (1я часть) 5 266
длина штанги (1я часть) 6 152
длина штанги (1я часть) 7 171
длина штанги (1я часть) 8 209
длина штанги (1я часть) 9 247
длина штанги (1я часть) 10 266
длина штанги (2я часть) 1 152
длина штанги (2я часть) 2 171
длина штанги (2я часть) 3 209
длина штанги (2я часть) 4 247
длина штанги (2я часть) 5 266
длина штанги (2я часть) 6 152
длина штанги (2я часть) 7 171
длина штанги (2я часть) 8 209
длина штанги (2я часть) 9 247
длина штанги (2я часть) 10 266
длина "закрывашек" 20
расстояние между линиями 240
расстояние до рельсов Понзо 20
ширина линий 4
всего опытов 20
PONZO1_WIDTH:171
677 323  1841
838 319  2240
681 417  3023
834 415  3520
Воспроизведение
683 310  4796
862 305  5140
687 419  5963
860 414  6425
PONZO1_WIDTH:152
694 316  976
856 325  1359
702 423  2273
828 417  2811
Воспроизведение
695 322  4650
839 320  5027
690 427  5901
824 428  6331
PONZO1_WIDTH:247
638 317  1058
882 316  1677
646 415  2405
878 415  3046
Воспроизведение
648 313  4213
878 311  4707
668 435  5541
881 432  6176
PONZO1_WIDTH:171
681 317  1064
874 313  1514
681 419  2291
849 419  2840
Воспроизведение
668 315  4036
830 306  4454
662 425  5278
825 412  5833
PONZO1_WIDTH:209
656 323  774
864 323  1388
669 415  2093
849 415  2722
Воспроизведение
667 312  3820
859 311  4298
651 432  5091
874 417  5716
PONZO1_WIDTH:247
644 322  818
876 320  1475
645 418  2153
879 415  2755
Воспроизведение
635 312  3761
878 312  4332
650 441  5095
865 438  5763
PONZO1_WIDTH:266
634 325  823
894 318  1457
634 415  2100
884 408  2727
Воспроизведение
628 324  3847
886 315  4416
630 417  5120
892 421  5730
PONZO1_WIDTH:152
690 317  852
831 323  1236
702 420  1919
832 422  2343
Воспроизведение
694 308  3391
842 313  3753
702 413  4639
842 407  5025
PONZO1_WIDTH:266
636 321  1167
878 310  1783
639 424  2518
886 410  3040
Воспроизведение
626 322  4192
894 312  4718
630 428  5486
894 420  6037
PONZO1_WIDTH:209
677 311  1115
858 321  1607
659 417  2368
854 414  2926
Воспроизведение
660 316  4025
860 321  4461
649 428  5208
857 417  5737
NO_ILLUSION0_WIDTH:209
672 253  1535
884 258  1957
671 483  3045
861 480  3589
Воспроизведение
652 248  4797
849 243  5242
659 471  6197
874 465  6769
NO_ILLUSION0_WIDTH:171
688 254  1165
843 251  1590
677 483  2428
849 481  2992
Воспроизведение
674 249  4168
858 251  4638
678 480  5467
837 478  6015
NO_ILLUSION0_WIDTH:152
692 244  870
826 240  1248
698 488  2207
838 478  2653
Воспроизведение
679 245  4638
831 243  5029
680 495  5970
835 491  6591
NO_ILLUSION0_WIDTH:266
639 245  1327
877 248  1856
646 487  2695
897 477  3307
Воспроизведение
633 247  5168
876 247  5684
625 501  6584
896 489  7320
NO_ILLUSION0_WIDTH:247
647 257  980
891 252  1550
649 486  2342
879 484  3042
Воспроизведение
638 243  4055
890 241  4587
649 498  5383
921 491  6002
NO_ILLUSION0_WIDTH:266
629 248  940
883 247  1587
641 487  2335
898 484  2975
Воспроизведение
624 247  4057
902 235  4593
645 504  5388
910 510  6061
NO_ILLUSION0_WIDTH:209
670 254  1021
847 249  1424
673 491  2202
878 487  2899
Воспроизведение
646 247  4172
854 255  4722
670 471  5512
869 475  5999
NO_ILLUSION0_WIDTH:247
650 247  1120
880 247  1560
650 495  2502
875 489  3088
Воспроизведение
648 254  4476
885 249  4908
645 510  5771
886 506  6324
NO_ILLUSION0_WIDTH:152
696 242  1105
837 247  1515
701 490  2382
850 488  2739
Воспроизведение
681 246  3853
838 231  4299
701 475  5173
846 474  5673
NO_ILLUSION0_WIDTH:171
682 243  892
864 239  1264
678 495  2074
850 481  2592
Воспроизведение
678 246  3884
827 254  4270
682 510  5209
825 503  5571
