не показывать курсор
тип стимула PONZOTOP
перпендикулярные отрезки в Оппель-Кундта каждые... пикс 19
высота перпендикулярных отрезков в Оппель-Кундта 20
угол стрелок 45
длина стрелок 20
длина штанги (1я часть) 1 152
длина штанги (1я часть) 2 171
длина штанги (1я часть) 3 209
длина штанги (1я часть) 4 247
длина штанги (1я часть) 5 266
длина штанги (1я часть) 6 152
длина штанги (1я часть) 7 171
длина штанги (1я часть) 8 209
длина штанги (1я часть) 9 247
длина штанги (1я часть) 10 266
длина штанги (2я часть) 1 152
длина штанги (2я часть) 2 171
длина штанги (2я часть) 3 209
длина штанги (2я часть) 4 247
длина штанги (2я часть) 5 266
длина штанги (2я часть) 6 152
длина штанги (2я часть) 7 171
длина штанги (2я часть) 8 209
длина штанги (2я часть) 9 247
длина штанги (2я часть) 10 266
длина "закрывашек" 20
расстояние между линиями 240
расстояние до рельсов Понзо 20
ширина линий 4
всего опытов 20
PONZO1_WIDTH:209
666 319  2674
874 308  3149
681 429  3465
681 429  3466
681 429  3578
870 419  4213
Воспроизведение
676 318  5308
854 322  5739
662 412  6432
898 414  6907
PONZO1_WIDTH:171
686 320  1193
845 324  1676
681 429  2278
849 419  2817
Воспроизведение
687 314  3955
845 315  4485
698 410  5147
858 412  5693
PONZO1_WIDTH:266
637 320  1114
878 327  1778
646 420  2346
892 422  2965
Воспроизведение
635 317  3934
866 310  4553
654 419  5160
898 425  5813
PONZO1_WIDTH:209
670 323  1017
866 321  1484
681 429  2075
882 427  2615
Воспроизведение
675 315  4002
871 311  4549
668 411  5150
902 420  5741
PONZO1_WIDTH:247
653 318  975
888 318  1559
650 418  2104
908 427  2723
Воспроизведение
646 323  3761
877 307  4388
679 405  4908
908 405  5518
PONZO1_WIDTH:152
702 318  894
847 319  1316
694 416  1881
854 425  2321
Воспроизведение
702 315  3417
855 308  3938
705 404  4562
870 414  5073
PONZO1_WIDTH:247
640 326  1260
888 321  1771
643 423  2342
885 426  2952
Воспроизведение
656 313  4290
886 306  4837
677 407  5629
908 408  6132
PONZO1_WIDTH:171
687 324  1002
858 319  1470
684 418  2021
858 423  2487
Воспроизведение
678 312  3590
862 307  4102
702 426  4732
890 431  5216
PONZO1_WIDTH:152
699 314  937
839 319  1377
700 418  1914
847 432  2452
Воспроизведение
693 303  3471
858 307  3902
712 415  4529
877 407  4960
PONZO1_WIDTH:266
643 328  768
885 326  1514
642 412  2011
906 423  2530
Воспроизведение
647 307  3783
888 319  4349
653 405  5071
893 401  5636
NO_ILLUSION0_WIDTH:209
660 249  1283
871 252  1749
658 493  2350
878 490  2816
Воспроизведение
670 247  3904
866 250  4361
673 466  4986
896 468  5453
NO_ILLUSION0_WIDTH:266
638 252  989
895 246  1574
636 491  2218
904 487  2774
Воспроизведение
647 243  3970
880 252  4489
634 479  5178
942 479  5796
NO_ILLUSION0_WIDTH:209
662 251  990
869 259  1475
672 483  2139
876 491  2570
Воспроизведение
660 243  3682
870 249  4174
650 475  4820
912 468  5393
NO_ILLUSION0_WIDTH:247
633 253  864
896 267  1402
647 487  1946
902 499  2456
Воспроизведение
650 247  3603
864 253  4061
652 478  4849
929 477  5433
NO_ILLUSION0_WIDTH:171
688 255  999
853 252  1349
686 495  1957
856 494  2405
Воспроизведение
681 245  3466
862 244  3853
690 470  4532
912 475  5007
NO_ILLUSION0_WIDTH:266
629 245  1029
894 253  1558
650 485  2125
905 491  2637
Воспроизведение
652 252  3808
882 246  4275
652 464  5056
960 475  5639
NO_ILLUSION0_WIDTH:152
702 257  921
848 250  1344
700 491  1863
849 498  2195
Воспроизведение
704 250  3287
830 249  3620
699 460  4358
878 456  4816
NO_ILLUSION0_WIDTH:152
696 251  991
836 276  1378
694 479  1870
856 496  2273
Воспроизведение
704 250  3457
837 251  3781
694 467  4416
862 474  4864
NO_ILLUSION0_WIDTH:171
679 256  968
838 260  1373
690 490  1996
854 493  2417
Воспроизведение
690 248  3447
839 254  3816
691 475  4518
886 467  4994
NO_ILLUSION0_WIDTH:247
650 254  987
889 255  1446
650 487  1991
890 495  2502
Воспроизведение
660 251  3584
877 251  4008
658 450  4678
917 451  5315
