не показывать курсор
тип стимула PONZOTOP
перпендикулярные отрезки в Оппель-Кундта каждые... пикс 19
высота перпендикулярных отрезков в Оппель-Кундта 20
угол стрелок 45
длина стрелок 20
длина штанги (1я часть) 1 152
длина штанги (1я часть) 2 171
длина штанги (1я часть) 3 209
длина штанги (1я часть) 4 247
длина штанги (1я часть) 5 266
длина штанги (1я часть) 6 152
длина штанги (1я часть) 7 171
длина штанги (1я часть) 8 209
длина штанги (1я часть) 9 247
длина штанги (1я часть) 10 266
длина штанги (2я часть) 1 152
длина штанги (2я часть) 2 171
длина штанги (2я часть) 3 209
длина штанги (2я часть) 4 247
длина штанги (2я часть) 5 266
длина штанги (2я часть) 6 152
длина штанги (2я часть) 7 171
длина штанги (2я часть) 8 209
длина штанги (2я часть) 9 247
длина штанги (2я часть) 10 266
длина "закрывашек" 20
расстояние между линиями 240
расстояние до рельсов Понзо 20
ширина линий 4
всего опытов 20
PONZO1_WIDTH:209
670 328  1227
878 323  1683
661 423  2182
869 427  2691
Воспроизведение
678 320  3878
862 317  4172
677 425  4660
890 411  5026
PONZO1_WIDTH:266
644 319  723
894 321  1091
636 425  1477
890 426  1816
Воспроизведение
649 309  3800
879 299  4114
649 425  4551
907 427  4899
PONZO1_WIDTH:171
686 311  756
850 319  1033
682 419  1393
866 423  1669
Воспроизведение
692 315  2607
852 315  2839
690 432  3278
867 431  3527
PONZO1_WIDTH:152
700 319  656
844 317  871
690 414  1262
847 415  1512
Воспроизведение
707 314  2532
858 321  2774
693 435  3130
864 430  3462
PONZO1_WIDTH:247
650 315  636
896 319  922
650 422  1304
886 428  1662
Воспроизведение
687 300  2676
875 299  2954
683 412  3410
883 410  3677
PONZO1_WIDTH:209
674 322  687
862 318  1010
670 416  1396
873 415  1701
Воспроизведение
677 315  2683
856 313  2971
689 427  3386
891 425  3682
PONZO1_WIDTH:266
658 327  685
915 324  999
641 418  1376
901 419  1699
Воспроизведение
672 311  2746
889 310  3096
673 427  3563
904 416  3968
PONZO1_WIDTH:247
658 318  778
894 316  1144
644 415  1590
886 428  1984
Воспроизведение
662 310  2990
868 309  3349
666 418  3876
880 413  4324
PONZO1_WIDTH:171
690 313  714
850 317  1018
688 420  1407
861 426  1745
Воспроизведение
702 314  2875
868 312  3234
717 412  3808
887 419  4184
PONZO1_WIDTH:152
701 316  710
838 317  987
702 418  1469
841 427  1791
Воспроизведение
694 313  3057
848 309  3363
717 416  3898
874 417  4237
NO_ILLUSION0_WIDTH:247
659 244  861
894 251  1191
646 485  1634
896 493  2029
Воспроизведение
650 239  2947
892 245  3288
656 467  3872
924 477  4248
NO_ILLUSION0_WIDTH:209
679 265  806
889 253  1118
665 488  1594
877 495  2014
Воспроизведение
675 251  3068
868 241  3390
642 490  4008
894 483  4554
NO_ILLUSION0_WIDTH:247
663 255  681
907 250  966
664 495  1416
908 494  1765
Воспроизведение
668 243  2947
877 245  3260
658 501  3786
904 502  4163
NO_ILLUSION0_WIDTH:266
654 261  817
894 262  1328
645 488  1659
904 491  1981
Воспроизведение
668 253  2981
898 251  3302
642 478  3847
893 468  4186
NO_ILLUSION0_WIDTH:209
672 252  856
884 259  1151
658 504  1584
866 487  1942
Воспроизведение
690 243  2940
867 257  3226
660 479  3739
910 488  4042
NO_ILLUSION0_WIDTH:171
690 245  765
853 243  1024
682 503  1482
858 492  1794
Воспроизведение
706 251  2973
854 253  3216
665 499  3774
887 484  4140
NO_ILLUSION0_WIDTH:152
691 244  625
870 259  902
700 503  1386
862 501  1663
Воспроизведение
709 250  2606
860 251  2820
698 482  3368
899 482  3718
NO_ILLUSION0_WIDTH:152
696 245  667
858 247  911
692 492  1385
853 489  1654
Воспроизведение
710 243  2619
856 240  2833
682 471  3337
890 467  3649
NO_ILLUSION0_WIDTH:266
654 255  741
908 255  1063
657 482  1534
894 499  1847
Воспроизведение
676 260  3087
885 250  3392
654 467  3866
915 457  4324
NO_ILLUSION0_WIDTH:171
685 245  704
866 249  963
687 499  1444
860 495  1757
Воспроизведение
700 251  2845
857 259  3094
683 505  3626
871 495  3931
