не показывать курсор
тип стимула PONZOTOP
перпендикулярные отрезки в Оппель-Кундта каждые... пикс 19
высота перпендикулярных отрезков в Оппель-Кундта 20
угол стрелок 45
длина стрелок 20
длина штанги (1я часть) 1 152
длина штанги (1я часть) 2 171
длина штанги (1я часть) 3 209
длина штанги (1я часть) 4 247
длина штанги (1я часть) 5 266
длина штанги (1я часть) 6 152
длина штанги (1я часть) 7 171
длина штанги (1я часть) 8 209
длина штанги (1я часть) 9 247
длина штанги (1я часть) 10 266
длина штанги (2я часть) 1 152
длина штанги (2я часть) 2 171
длина штанги (2я часть) 3 209
длина штанги (2я часть) 4 247
длина штанги (2я часть) 5 266
длина штанги (2я часть) 6 152
длина штанги (2я часть) 7 171
длина штанги (2я часть) 8 209
длина штанги (2я часть) 9 247
длина штанги (2я часть) 10 266
длина "закрывашек" 20
расстояние между линиями 240
расстояние до рельсов Понзо 20
ширина линий 4
всего опытов 20
PONZO1_WIDTH:209
662 323  4112
874 323  4757
654 419  5368
878 422  6005
Воспроизведение
677 311  7647
878 310  8034
662 416  8563
896 417  8993
PONZO1_WIDTH:152
701 325  822
857 329  1163
694 427  1711
846 426  2124
Воспроизведение
680 314  2995
837 322  3299
679 421  3764
850 419  4177
PONZO1_WIDTH:247
626 319  695
881 328  1208
651 423  1681
900 424  2200
Воспроизведение
650 327  3015
882 331  3391
652 414  3882
892 419  4304
PONZO1_WIDTH:266
634 325  694
894 331  1197
641 420  1666
893 423  2113
Воспроизведение
650 309  2803
901 313  3197
659 421  3694
910 424  4132
PONZO1_WIDTH:171
690 314  620
847 322  979
676 415  1429
854 426  1815
Воспроизведение
680 311  2585
867 311  2907
679 409  3387
862 415  3736
PONZO1_WIDTH:171
681 318  652
850 324  1011
689 417  1474
854 425  1877
Воспроизведение
677 310  3479
831 316  3773
692 412  4232
856 412  4538
PONZO1_WIDTH:266
623 317  651
892 323  1155
646 410  1609
884 419  2038
Воспроизведение
646 308  2715
891 309  3101
654 407  3562
911 413  3955
PONZO1_WIDTH:247
651 317  657
874 323  1016
647 419  1526
880 424  1901
Воспроизведение
654 304  2597
882 315  2964
669 423  3449
896 430  3807
PONZO1_WIDTH:152
709 315  623
846 317  911
697 419  1411
849 424  1681
Воспроизведение
694 311  2599
858 317  2894
702 415  3506
867 419  3785
PONZO1_WIDTH:209
657 318  681
868 324  1068
670 423  1522
856 429  1899
Воспроизведение
677 314  2668
874 319  3010
677 407  3506
881 418  3829
NO_ILLUSION0_WIDTH:152
696 249  810
853 257  1107
690 488  1686
840 484  1972
Воспроизведение
679 253  3090
842 259  3359
717 444  3966
870 452  4199
NO_ILLUSION0_WIDTH:247
648 257  838
889 259  1241
645 486  1807
897 495  2363
Воспроизведение
650 246  3233
901 253  3664
670 439  4195
903 431  4538
NO_ILLUSION0_WIDTH:266
629 251  759
906 258  1218
628 487  1715
903 482  2180
Воспроизведение
637 249  2911
910 251  3314
666 478  3865
932 481  4278
NO_ILLUSION0_WIDTH:171
676 247  715
870 251  1065
679 483  1621
854 487  1925
Воспроизведение
664 243  2699
850 245  3013
697 457  3587
878 463  3892
NO_ILLUSION0_WIDTH:171
678 251  717
861 251  1059
682 479  1586
850 491  1926
Воспроизведение
678 249  2687
877 263  3002
702 454  3558
884 455  3861
NO_ILLUSION0_WIDTH:266
626 251  762
903 254  1168
638 485  1717
908 488  2129
Воспроизведение
639 239  2879
918 243  3301
661 471  3802
910 472  4197
NO_ILLUSION0_WIDTH:247
646 255  653
896 261  1013
644 492  1578
900 495  1946
Воспроизведение
638 245  2717
901 249  3074
649 467  3659
910 473  4026
NO_ILLUSION0_WIDTH:209
663 242  692
877 251  1022
674 478  1595
871 488  1918
Воспроизведение
653 245  2687
886 248  3029
677 451  3558
899 459  3880
NO_ILLUSION0_WIDTH:209
650 252  687
886 251  1028
670 481  1566
869 487  1878
Воспроизведение
656 249  2690
879 255  3031
685 477  3540
906 482  3862
NO_ILLUSION0_WIDTH:152
686 251  726
854 259  1013
699 491  1613
852 494  1927
Воспроизведение
682 243  2731
866 251  3027
705 466  3600
890 470  3896
