не показывать курсор
тип стимула PONZOTOP
перпендикулярные отрезки в Оппель-Кундта каждые... пикс 19
высота перпендикулярных отрезков в Оппель-Кундта 20
угол стрелок 45
длина стрелок 20
длина штанги (1я часть) 1 152
длина штанги (1я часть) 2 171
длина штанги (1я часть) 3 209
длина штанги (1я часть) 4 247
длина штанги (1я часть) 5 266
длина штанги (1я часть) 6 152
длина штанги (1я часть) 7 171
длина штанги (1я часть) 8 209
длина штанги (1я часть) 9 247
длина штанги (1я часть) 10 266
длина штанги (2я часть) 1 152
длина штанги (2я часть) 2 171
длина штанги (2я часть) 3 209
длина штанги (2я часть) 4 247
длина штанги (2я часть) 5 266
длина штанги (2я часть) 6 152
длина штанги (2я часть) 7 171
длина штанги (2я часть) 8 209
длина штанги (2я часть) 9 247
длина штанги (2я часть) 10 266
длина "закрывашек" 20
расстояние между линиями 240
расстояние до рельсов Понзо 20
ширина линий 4
всего опытов 20
PONZO1_WIDTH:266
635 317  11066
910 323  11684
635 406  12167
918 411  12803
Воспроизведение
637 324  14441
910 324  14826
621 409  15285
PONZO1_WIDTH:171
923 420  76
691 325  995
849 334  1307
692 418  1754
870 427  2048
Воспроизведение
701 319  3276
890 324  3608
686 411  4164
898 421  4494
PONZO1_WIDTH:247
650 325  957
893 325  1540
642 429  2063
886 428  2629
Воспроизведение
674 322  3976
913 323  4461
673 446  4999
918 447  5438
PONZO1_WIDTH:152
693 329  1036
838 327  1510
686 428  2074
844 434  2611
Воспроизведение
699 320  3985
866 319  4477
700 426  5008
859 431  5358
PONZO1_WIDTH:171
686 320  877
869 318  1342
687 427  1921
875 428  2368
Воспроизведение
694 319  3496
885 322  3953
698 414  4587
883 418  5034
PONZO1_WIDTH:209
666 323  990
872 319  1573
655 430  2128
879 423  2567
Воспроизведение
660 320  3927
885 315  4446
664 431  5034
893 431  5490
PONZO1_WIDTH:247
638 327  825
886 325  1398
638 435  1935
910 431  2427
Воспроизведение
650 315  3660
890 320  4171
654 420  4754
913 435  5139
PONZO1_WIDTH:266
635 322  943
902 316  1515
637 423  2107
905 419  2671
Воспроизведение
642 323  3848
911 316  4394
674 443  4970
938 447  5436
PONZO1_WIDTH:152
697 334  876
849 326  1359
692 423  1988
838 423  2371
Воспроизведение
675 324  3635
886 325  4102
709 430  4562
886 435  4928
PONZO1_WIDTH:209
664 319  946
886 319  1494
670 438  2034
880 439  2454
Воспроизведение
662 314  3616
883 314  4091
674 422  4659
905 420  5044
NO_ILLUSION0_WIDTH:266
636 247  851
907 247  1333
638 494  1922
902 494  2416
Воспроизведение
635 247  3457
927 255  3923
649 466  4501
927 453  4896
NO_ILLUSION0_WIDTH:266
635 259  1166
915 256  1623
630 495  2224
920 486  2690
Воспроизведение
646 259  3791
895 255  4258
640 510  4888
913 500  5282
NO_ILLUSION0_WIDTH:171
675 246  833
858 255  1237
685 507  1877
885 493  2207
Воспроизведение
676 252  4052
887 259  4429
690 477  5050
902 473  5372
NO_ILLUSION0_WIDTH:209
660 258  787
880 264  1235
654 498  1793
892 482  2205
Воспроизведение
656 254  3700
882 252  4068
644 478  4628
896 472  4996
NO_ILLUSION0_WIDTH:209
651 249  770
873 255  1181
670 499  1818
901 492  2176
Воспроизведение
654 247  3299
886 253  3720
666 488  4257
903 483  4688
NO_ILLUSION0_WIDTH:152
689 255  844
853 256  1211
687 494  1841
850 490  2163
Воспроизведение
689 251  3320
851 254  3668
696 483  4298
870 476  4611
NO_ILLUSION0_WIDTH:171
690 251  882
871 259  1178
678 503  1790
864 503  2078
Воспроизведение
683 242  3152
866 247  3456
678 475  4048
888 478  4326
NO_ILLUSION0_WIDTH:152
684 255  1108
854 256  1404
688 497  2108
858 491  2367
Воспроизведение
695 255  3460
862 258  3781
712 471  4439
876 472  4679
NO_ILLUSION0_WIDTH:247
637 251  807
922 247  1264
646 483  1766
931 491  2187
Воспроизведение
643 243  3276
899 250  3697
660 477  4235
930 478  4628
NO_ILLUSION0_WIDTH:247
633 264  861
906 264  1308
651 485  1855
925 485  2205
Воспроизведение
643 254  3428
908 252  3830
659 487  4443
940 478  4783
