не показывать курсор
тип стимула PONZOTOP
перпендикулярные отрезки в Оппель-Кундта каждые... пикс 19
высота перпендикулярных отрезков в Оппель-Кундта 20
угол стрелок 45
длина стрелок 20
длина штанги (1я часть) 1 152
длина штанги (1я часть) 2 171
длина штанги (1я часть) 3 209
длина штанги (1я часть) 4 247
длина штанги (1я часть) 5 266
длина штанги (1я часть) 6 152
длина штанги (1я часть) 7 171
длина штанги (1я часть) 8 209
длина штанги (1я часть) 9 247
длина штанги (1я часть) 10 266
длина штанги (2я часть) 1 152
длина штанги (2я часть) 2 171
длина штанги (2я часть) 3 209
длина штанги (2я часть) 4 247
длина штанги (2я часть) 5 266
длина штанги (2я часть) 6 152
длина штанги (2я часть) 7 171
длина штанги (2я часть) 8 209
длина штанги (2я часть) 9 247
длина штанги (2я часть) 10 266
длина "закрывашек" 20
расстояние между линиями 240
расстояние до рельсов Понзо 20
ширина линий 4
всего опытов 20
PONZO1_WIDTH:266
678 320  3362
894 319  4195
633 414  5301
894 418  6160
Воспроизведение
644 324  7149
893 327  8001
651 410  8852
929 407  9740
PONZO1_WIDTH:266
634 311  1073
889 320  2115
626 415  2927
900 416  3851
Воспроизведение
634 332  4791
910 329  5590
645 399  6300
930 395  7054
PONZO1_WIDTH:247
651 321  1088
875 319  1879
650 416  2651
889 416  3594
Воспроизведение
675 327  4132
675 327  4133
675 327  4234
889 326  5302
686 415  6118
926 410  6970
PONZO1_WIDTH:152
694 326  1126
837 322  1968
702 422  3044
846 419  3895
Воспроизведение
694 326  5014
890 327  5866
719 395  6629
917 383  7463
PONZO1_WIDTH:247
646 322  1124
880 318  1913
650 418  2660
885 419  3377
Воспроизведение
655 331  4202
911 332  5046
655 408  5933
PONZO1_WIDTH:171
917 404  10
675 327  978
838 321  1694
680 419  2382
842 411  3126
Воспроизведение
675 327  3985
837 334  4586
702 407  5100
702 407  5101
702 407  5151
PONZO1_WIDTH:152
857 408  2
695 324  1011
838 323  1864
690 419  2823
842 418  3790
Воспроизведение
701 331  4786
858 333  5549
702 430  6470
862 424  7151
PONZO1_WIDTH:209
667 322  1361
866 319  2535
670 423  3434
869 420  4564
Воспроизведение
670 322  5784
902 325  6753
650 411  7660
892 404  8575
PONZO1_WIDTH:171
677 323  1182
850 322  2203
686 417  3080
850 421  3824
Воспроизведение
687 332  4669
862 332  5415
714 375  6242
873 387  6744
PONZO1_WIDTH:209
665 308  2222
871 317  3253
670 416  4187
Воспроизведение
873 415  5317
666 327  6328
911 327  7379
690 411  8360
936 412  9435
NO_ILLUSION0_WIDTH:171
684 254  1319
844 257  2350
682 491  3480
856 488  4287
Воспроизведение
674 256  5511
866 255  6193
717 443  6962
837 438  7410
NO_ILLUSION0_WIDTH:247
645 255  1265
885 253  2360
643 490  3313
878 492  4165
Воспроизведение
658 249  4688
658 249  4688
658 249  4782
913 254  5894
631 475  6675
898 473  7274
NO_ILLUSION0_WIDTH:266
642 259  1349
895 253  2057
641 493  2902
901 487  3906
Воспроизведение
658 249  4760
916 259  5595
650 451  6253
NO_ILLUSION0_WIDTH:152
911 440  10
688 246  859
688 246  859
688 246  902
842 251  1996
694 483  2997
843 490  3660
Воспроизведение
688 246  4646
844 252  5211
702 443  6079
873 439  6714
NO_ILLUSION0_WIDTH:152
688 246  1034
842 252  1707
690 488  2819
840 498  3509
Воспроизведение
707 257  4686
822 253  5216
691 432  6070
NO_ILLUSION0_WIDTH:209
856 427  9
659 251  1579
871 252  2584
662 490  3684
876 491  4697
Воспроизведение
688 246  6245
887 251  7042
682 449  8072
911 446  8798
NO_ILLUSION0_WIDTH:171
685 257  1381
849 251  2134
676 491  3134
848 490  3993
Воспроизведение
679 255  5032
866 251  5679
682 439  6532
868 435  7105
NO_ILLUSION0_WIDTH:266
626 249  1104
898 254  2216
636 483  3124
898 486  4181
Воспроизведение
642 251  5506
904 247  6422
644 455  7210
900 466  7908
NO_ILLUSION0_WIDTH:209
662 254  1026
869 248  1787
663 486  2538
873 493  3338
Воспроизведение
658 258  4549
884 250  5257
672 423  5940
898 421  6568
NO_ILLUSION0_WIDTH:247
642 253  1142
889 251  2110
664 483  2499
664 483  2499
664 483  2593
889 492  3667
Воспроизведение
669 271  4763
871 273  5419
667 461  6121
897 443  6731
