не показывать курсор
тип стимула PONZOTOP
перпендикулярные отрезки в Оппель-Кундта каждые... пикс 19
высота перпендикулярных отрезков в Оппель-Кундта 20
угол стрелок 45
длина стрелок 20
длина штанги (1я часть) 1 152
длина штанги (1я часть) 2 171
длина штанги (1я часть) 3 209
длина штанги (1я часть) 4 247
длина штанги (1я часть) 5 266
длина штанги (1я часть) 6 152
длина штанги (1я часть) 7 171
длина штанги (1я часть) 8 209
длина штанги (1я часть) 9 247
длина штанги (1я часть) 10 266
длина штанги (2я часть) 1 152
длина штанги (2я часть) 2 171
длина штанги (2я часть) 3 209
длина штанги (2я часть) 4 247
длина штанги (2я часть) 5 266
длина штанги (2я часть) 6 152
длина штанги (2я часть) 7 171
длина штанги (2я часть) 8 209
длина штанги (2я часть) 9 247
длина штанги (2я часть) 10 266
длина "закрывашек" 20
расстояние между линиями 240
расстояние до рельсов Понзо 20
ширина линий 4
всего опытов 20
PONZO1_WIDTH:209
669 327  1432
870 319  2139
673 428  2880
864 423  3794
Воспроизведение
670 331  5028
853 331  5597
651 423  6093
PONZO1_WIDTH:152
877 434  4
700 322  784
834 323  1258
693 420  1711
837 417  2188
Воспроизведение
697 330  2881
858 328  3416
707 433  3954
858 430  4416
PONZO1_WIDTH:171
683 328  744
856 321  1420
699 420  2043
859 421  2563
Воспроизведение
678 332  3311
873 326  3988
693 428  4497
862 428  4937
PONZO1_WIDTH:209
659 325  742
872 323  1423
666 420  1931
882 421  2474
Воспроизведение
674 327  3164
877 332  3611
678 415  4095
PONZO1_WIDTH:152
886 420  32
704 317  806
838 321  1351
698 418  1814
836 420  2243
Воспроизведение
696 330  2877
876 324  3380
718 416  3822
PONZO1_WIDTH:247
881 418  24
636 315  810
892 318  1521
658 414  2014
897 419  2753
Воспроизведение
662 311  3687
874 307  4271
676 406  4785
PONZO1_WIDTH:266
884 399  8
636 327  758
898 325  1623
649 421  2212
906 423  2805
Воспроизведение
639 323  3515
947 318  4057
672 412  4649
940 419  5099
PONZO1_WIDTH:247
656 331  766
909 327  1436
649 417  1934
Воспроизведение
905 425  2599
654 320  3196
916 335  3748
657 414  4361
PONZO1_WIDTH:171
880 405  51
690 331  689
857 320  1201
690 418  1684
Воспроизведение
863 425  2312
683 323  2911
887 319  3380
718 415  3915
PONZO1_WIDTH:266
877 407  16
636 331  744
894 322  1689
643 418  2616
889 423  3240
Воспроизведение
649 338  3997
914 322  4610
661 410  5294
923 400  5876
NO_ILLUSION0_WIDTH:247
647 260  851
891 255  1661
654 497  2330
882 495  3071
Воспроизведение
649 275  4067
906 275  4728
645 474  5355
NO_ILLUSION0_WIDTH:171
898 469  41
691 256  716
858 251  1428
694 494  1898
862 491  2411
Воспроизведение
702 266  3154
844 262  3691
690 455  4245
NO_ILLUSION0_WIDTH:209
857 442  27
669 256  737
888 250  1402
682 492  2038
873 487  2547
Воспроизведение
665 268  3265
875 261  3895
678 477  4379
NO_ILLUSION0_WIDTH:152
864 480  0
694 251  716
844 255  1347
692 501  1910
853 494  2545
Воспроизведение
696 259  3271
858 255  4017
690 479  4517
825 471  4947
NO_ILLUSION0_WIDTH:209
662 265  801
865 254  1382
662 487  2025
867 489  2588
Воспроизведение
660 264  3229
882 265  3715
663 454  4262
NO_ILLUSION0_WIDTH:266
892 442  24
638 248  717
906 256  1286
638 491  1797
Воспроизведение
910 495  2356
629 267  2936
921 271  3414
636 494  4001
910 471  4384
NO_ILLUSION0_WIDTH:247
646 254  576
889 260  1231
644 487  1950
884 496  2495
Воспроизведение
646 267  3221
893 266  3774
641 495  4306
911 489  4888
NO_ILLUSION0_WIDTH:171
687 235  936
858 239  1645
690 483  2307
864 476  2824
Воспроизведение
687 259  3519
858 258  3987
703 444  4592
862 423  5011
NO_ILLUSION0_WIDTH:266
647 243  843
915 242  1807
635 483  2435
Воспроизведение
908 468  3104
654 263  3721
939 263  4371
679 495  5054
921 502  5696
NO_ILLUSION0_WIDTH:152
700 271  1388
839 255  1761
705 484  2198
824 476  2580
Воспроизведение
690 278  3110
844 283  3421
694 445  3810
823 447  4206
