не показывать курсор
тип стимула PONZOTOP
перпендикулярные отрезки в Оппель-Кундта каждые... пикс 19
высота перпендикулярных отрезков в Оппель-Кундта 20
угол стрелок 45
длина стрелок 20
длина штанги (1я часть) 1 152
длина штанги (1я часть) 2 171
длина штанги (1я часть) 3 209
длина штанги (1я часть) 4 247
длина штанги (1я часть) 5 266
длина штанги (1я часть) 6 152
длина штанги (1я часть) 7 171
длина штанги (1я часть) 8 209
длина штанги (1я часть) 9 247
длина штанги (1я часть) 10 266
длина штанги (2я часть) 1 152
длина штанги (2я часть) 2 171
длина штанги (2я часть) 3 209
длина штанги (2я часть) 4 247
длина штанги (2я часть) 5 266
длина штанги (2я часть) 6 152
длина штанги (2я часть) 7 171
длина штанги (2я часть) 8 209
длина штанги (2я часть) 9 247
длина штанги (2я часть) 10 266
длина "закрывашек" 20
расстояние между линиями 240
расстояние до рельсов Понзо 20
ширина линий 4
всего опытов 20
PONZO1_WIDTH:266
638 321  3206
901 326  3681
642 423  4122
902 418  4436
Воспроизведение
643 308  5466
894 328  5753
643 392  6111
914 391  6426
PONZO1_WIDTH:247
626 327  742
887 317  1056
644 415  1460
895 415  1792
Воспроизведение
626 294  2585
911 283  2855
653 387  3214
894 386  3491
PONZO1_WIDTH:247
641 323  610
890 315  906
650 419  1306
912 405  1584
Воспроизведение
646 316  2878
930 309  3165
646 399  3620
892 402  3906
PONZO1_WIDTH:171
675 318  603
873 303  810
671 432  1234
849 427  1540
Воспроизведение
642 314  2260
868 319  2484
651 427  2839
858 432  3108
PONZO1_WIDTH:266
635 325  594
888 323  872
646 427  1241
914 419  1500
Воспроизведение
642 317  2198
866 312  2431
643 414  2772
887 409  3050
PONZO1_WIDTH:152
699 319  652
854 325  867
691 421  1265
860 414  1524
Воспроизведение
661 300  2521
883 311  2781
686 415  3182
857 426  3388
PONZO1_WIDTH:209
666 330  725
864 330  1040
674 423  1499
859 423  1757
Воспроизведение
649 309  2862
892 306  3114
652 410  3616
893 405  3921
PONZO1_WIDTH:209
682 319  703
881 314  1142
658 420  1534
874 418  1839
Воспроизведение
673 318  2757
882 314  3018
662 408  3426
890 413  3687
PONZO1_WIDTH:152
701 323  586
856 325  810
688 419  1300
862 416  1569
Воспроизведение
650 323  2953
856 304  3257
676 388  3677
852 395  3873
PONZO1_WIDTH:171
678 320  636
852 322  924
682 423  1325
854 419  1594
Воспроизведение
684 314  2456
862 315  2716
681 411  3117
862 412  3387
NO_ILLUSION0_WIDTH:266
649 243  1161
889 250  1476
641 489  2027
Воспроизведение
895 493  2512
637 249  3361
947 260  3621
635 469  4098
923 474  4411
NO_ILLUSION0_WIDTH:266
627 250  755
906 251  1061
635 495  1508
914 483  1812
Воспроизведение
640 251  2736
894 253  2997
650 472  3495
898 458  3809
NO_ILLUSION0_WIDTH:247
639 255  763
894 246  1076
646 501  1566
903 481  1925
Воспроизведение
656 259  2794
906 256  3073
650 481  3580
889 482  3866
NO_ILLUSION0_WIDTH:171
676 251  626
858 252  941
675 494  1442
865 485  1738
Воспроизведение
669 258  2743
894 262  3012
650 485  3553
891 484  3814
NO_ILLUSION0_WIDTH:247
642 247  789
882 247  1086
645 499  1622
895 487  1899
Воспроизведение
657 258  2717
942 252  2969
678 465  3552
912 459  3811
NO_ILLUSION0_WIDTH:152
687 246  731
857 255  992
691 483  1485
857 497  1698
Воспроизведение
649 258  2605
890 251  2875
663 479  3382
846 474  3623
NO_ILLUSION0_WIDTH:152
689 259  653
860 255  921
694 494  1438
858 488  1679
Воспроизведение
691 259  3134
887 255  3366
676 496  3869
830 483  4110
NO_ILLUSION0_WIDTH:171
690 247  777
855 255  1057
678 499  1606
851 491  1875
Воспроизведение
680 258  2889
884 259  3122
674 471  3611
850 474  3873
NO_ILLUSION0_WIDTH:209
674 257  716
879 255  949
670 488  1515
870 489  1839
Воспроизведение
678 262  2851
882 260  3085
668 498  3722
893 485  3937
NO_ILLUSION0_WIDTH:209
662 255  826
862 252  1159
666 483  1682
844 483  1924
Воспроизведение
637 263  4289
854 283  4522
650 473  5006
861 468  5231
