не показывать курсор
тип стимула PONZOTOP
перпендикулярные отрезки в Оппель-Кундта каждые... пикс 19
высота перпендикулярных отрезков в Оппель-Кундта 20
угол стрелок 45
длина стрелок 20
длина штанги (1я часть) 1 152
длина штанги (1я часть) 2 171
длина штанги (1я часть) 3 209
длина штанги (1я часть) 4 247
длина штанги (1я часть) 5 266
длина штанги (1я часть) 6 152
длина штанги (1я часть) 7 171
длина штанги (1я часть) 8 209
длина штанги (1я часть) 9 247
длина штанги (1я часть) 10 266
длина штанги (2я часть) 1 152
длина штанги (2я часть) 2 171
длина штанги (2я часть) 3 209
длина штанги (2я часть) 4 247
длина штанги (2я часть) 5 266
длина штанги (2я часть) 6 152
длина штанги (2я часть) 7 171
длина штанги (2я часть) 8 209
длина штанги (2я часть) 9 247
длина штанги (2я часть) 10 266
длина "закрывашек" 20
расстояние между линиями 240
расстояние до рельсов Понзо 20
ширина линий 4
всего опытов 20
PONZO1_WIDTH:266
638 315  6198
893 315  6808
628 413  7299
903 419  7764
Воспроизведение
656 308  8953
891 312  9310
645 410  9720
910 403  10125
PONZO1_WIDTH:171
681 318  670
852 311  1110
686 421  1564
850 423  1995
Воспроизведение
686 315  2896
878 301  3245
681 407  3628
874 395  4013
PONZO1_WIDTH:152
688 308  689
855 309  995
684 426  1353
852 412  1641
Воспроизведение
680 316  2444
859 306  2712
692 424  3046
827 409  3360
PONZO1_WIDTH:171
682 316  679
851 317  975
678 423  1326
850 415  1622
Воспроизведение
675 315  2285
877 315  2553
677 431  2876
878 426  3181
PONZO1_WIDTH:266
638 315  576
900 318  934
638 443  1267
904 406  1643
Воспроизведение
643 311  2424
855 312  2701
642 405  3000
935 411  3306
PONZO1_WIDTH:247
645 326  583
884 317  914
657 419  1342
885 414  1690
Воспроизведение
656 313  2452
904 311  2776
669 419  3148
858 419  3515
PONZO1_WIDTH:152
697 314  580
837 315  867
686 432  1222
869 418  1536
Воспроизведение
671 309  2320
861 319  2607
663 407  2957
897 398  3351
PONZO1_WIDTH:209
677 316  680
886 323  1055
674 416  1412
888 408  1771
Воспроизведение
666 312  2532
890 327  2810
654 403  3198
PONZO1_WIDTH:247
909 405  21
654 323  673
901 325  951
650 421  1312
903 418  1651
Воспроизведение
635 338  2283
918 335  2597
649 415  2965
942 420  3296
PONZO1_WIDTH:209
658 316  562
884 313  894
652 421  1257
909 410  1617
Воспроизведение
607 319  3154
865 311  3415
622 409  3722
847 407  3990
NO_ILLUSION0_WIDTH:152
676 256  583
851 251  878
693 476  1298
857 484  1583
Воспроизведение
672 245  2603
864 246  2836
653 470  3404
881 470  3663
NO_ILLUSION0_WIDTH:209
665 243  643
876 243  911
669 474  1254
906 483  1673
Воспроизведение
658 239  2389
885 253  2764
676 464  3314
885 450  3627
NO_ILLUSION0_WIDTH:171
694 249  740
860 246  1017
690 503  1493
859 481  1842
Воспроизведение
669 270  2602
869 264  2881
678 478  3413
883 470  3745
NO_ILLUSION0_WIDTH:247
639 244  684
902 251  1016
638 485  1508
891 486  1866
Воспроизведение
627 264  2520
909 263  2797
622 502  3342
932 498  3656
NO_ILLUSION0_WIDTH:152
685 243  652
870 241  931
686 493  1405
859 491  1674
Воспроизведение
657 263  2416
854 266  2675
642 487  3137
877 491  3440
NO_ILLUSION0_WIDTH:266
633 263  599
912 255  957
629 483  1376
926 472  1733
Воспроизведение
634 269  2454
941 287  2758
623 500  3328
886 480  3676
NO_ILLUSION0_WIDTH:247
638 259  605
914 253  903
641 495  1372
900 492  1686
Воспроизведение
629 271  2501
931 275  2823
626 490  3287
906 474  3601
NO_ILLUSION0_WIDTH:171
682 262  557
854 261  843
667 483  1317
870 477  1621
Воспроизведение
672 248  2424
894 250  2727
655 493  3298
881 486  3575
NO_ILLUSION0_WIDTH:209
666 253  626
889 249  903
657 484  1355
887 482  1622
Воспроизведение
589 263  2370
881 266  2665
610 472  3213
863 462  3515
NO_ILLUSION0_WIDTH:266
628 264  546
920 263  859
620 495  1358
914 484  1716
Воспроизведение
629 257  2731
901 257  2993
648 442  3564
935 445  3913
