не показывать курсор
тип стимула PONZOTOP
перпендикулярные отрезки в Оппель-Кундта каждые... пикс 19
высота перпендикулярных отрезков в Оппель-Кундта 20
угол стрелок 45
длина стрелок 20
длина штанги (1я часть) 1 152
длина штанги (1я часть) 2 171
длина штанги (1я часть) 3 209
длина штанги (1я часть) 4 247
длина штанги (1я часть) 5 266
длина штанги (1я часть) 6 152
длина штанги (1я часть) 7 171
длина штанги (1я часть) 8 209
длина штанги (1я часть) 9 247
длина штанги (1я часть) 10 266
длина штанги (2я часть) 1 152
длина штанги (2я часть) 2 171
длина штанги (2я часть) 3 209
длина штанги (2я часть) 4 247
длина штанги (2я часть) 5 266
длина штанги (2я часть) 6 152
длина штанги (2я часть) 7 171
длина штанги (2я часть) 8 209
длина штанги (2я часть) 9 247
длина штанги (2я часть) 10 266
длина "закрывашек" 20
расстояние между линиями 240
расстояние до рельсов Понзо 20
ширина линий 4
всего опытов 20
PONZO1_WIDTH:247
638 311  1013
882 331  1228
621 428  1642
924 431  1876
Воспроизведение
623 327  2504
944 333  2729
601 428  3047
PONZO1_WIDTH:266
954 444  10
605 331  506
936 340  757
622 429  1107
926 439  1340
Воспроизведение
622 326  1780
951 329  2004
581 425  2308
913 433  2569
PONZO1_WIDTH:171
648 319  429
880 324  618
664 413  964
882 423  1143
Воспроизведение
650 310  1753
922 310  1959
639 406  2333
907 407  2540
PONZO1_WIDTH:209
654 320  478
908 331  684
632 414  1076
904 426  1282
Воспроизведение
631 329  1814
950 326  2066
635 423  2431
921 431  2645
PONZO1_WIDTH:152
663 320  385
867 322  582
666 425  998
895 428  1211
Воспроизведение
644 327  1891
918 327  2125
653 410  2465
932 415  2688
PONZO1_WIDTH:209
649 335  554
908 341  770
626 420  1111
897 417  1326
Воспроизведение
625 328  1950
930 329  2193
617 428  2566
946 437  2789
PONZO1_WIDTH:171
652 329  461
899 333  658
650 422  1036
889 424  1234
Воспроизведение
635 332  1960
927 325  2175
620 428  2530
927 429  2746
PONZO1_WIDTH:247
623 333  529
914 337  745
623 430  1123
962 436  1357
Воспроизведение
614 332  1986
937 327  2211
600 419  2599
935 413  2814
PONZO1_WIDTH:152
659 334  651
885 332  839
647 423  1217
903 429  1406
Воспроизведение
622 311  2271
909 312  2476
646 410  2818
920 408  3007
PONZO1_WIDTH:266
605 331  561
921 322  776
622 419  1183
937 413  1389
Воспроизведение
608 334  2008
946 333  2232
610 411  2630
961 409  2880
NO_ILLUSION0_WIDTH:209
674 258  652
880 253  841
670 489  1302
928 486  1501
Воспроизведение
645 263  2266
926 251  2500
647 435  2897
918 439  3085
NO_ILLUSION0_WIDTH:247
651 243  457
918 251  672
646 483  1164
982 503  1405
Воспроизведение
585 259  2082
950 266  2332
618 458  2781
992 475  3014
NO_ILLUSION0_WIDTH:209
650 239  447
929 239  681
646 482  1110
908 482  1317
Воспроизведение
623 240  1901
959 251  2134
654 479  2545
989 488  2759
NO_ILLUSION0_WIDTH:247
631 254  473
922 255  698
625 492  1114
948 515  1339
Воспроизведение
614 259  1920
933 268  2180
638 475  2568
968 479  2792
NO_ILLUSION0_WIDTH:266
654 247  108
654 247  108
630 243  757
926 232  1053
625 482  1523
919 483  1739
Воспроизведение
641 254  2586
986 234  2837
654 479  3336
990 501  3552
NO_ILLUSION0_WIDTH:152
676 251  462
914 254  633
686 482  1122
907 494  1293
Воспроизведение
657 263  2115
880 261  2313
660 481  2808
945 484  2995
NO_ILLUSION0_WIDTH:266
612 259  617
950 265  860
616 483  1353
937 485  1586
Воспроизведение
616 255  2224
962 266  2504
610 469  2978
980 499  3220
NO_ILLUSION0_WIDTH:171
654 247  468
916 249  675
651 492  1142
907 487  1348
Воспроизведение
630 253  1984
966 259  2236
627 491  2647
916 508  2843
NO_ILLUSION0_WIDTH:171
654 247  513
902 247  745
651 501  1244
923 502  1460
Воспроизведение
615 250  2171
937 246  2386
620 496  2940
NO_ILLUSION0_WIDTH:152
980 506  2
657 265  658
885 261  855
657 504  1318
938 510  1524
Воспроизведение
628 263  2305
934 239  2556
629 473  3027
989 475  3261
