не показывать курсор
тип стимула PONZOTOP
перпендикулярные отрезки в Оппель-Кундта каждые... пикс 19
высота перпендикулярных отрезков в Оппель-Кундта 20
угол стрелок 45
длина стрелок 20
длина штанги (1я часть) 1 152
длина штанги (1я часть) 2 171
длина штанги (1я часть) 3 209
длина штанги (1я часть) 4 247
длина штанги (1я часть) 5 266
длина штанги (1я часть) 6 152
длина штанги (1я часть) 7 171
длина штанги (1я часть) 8 209
длина штанги (1я часть) 9 247
длина штанги (1я часть) 10 266
длина штанги (2я часть) 1 152
длина штанги (2я часть) 2 171
длина штанги (2я часть) 3 209
длина штанги (2я часть) 4 247
длина штанги (2я часть) 5 266
длина штанги (2я часть) 6 152
длина штанги (2я часть) 7 171
длина штанги (2я часть) 8 209
длина штанги (2я часть) 9 247
длина штанги (2я часть) 10 266
длина "закрывашек" 20
расстояние между линиями 240
расстояние до рельсов Понзо 20
ширина линий 4
всего опытов 20
PONZO1_WIDTH:152
690 322  1985
860 315  2208
664 406  2567
870 414  2771
Воспроизведение
651 329  3419
879 328  3643
667 415  3960
873 429  4174
PONZO1_WIDTH:152
675 319  407
866 306  614
670 417  954
873 415  1133
Воспроизведение
670 317  1891
858 301  2079
647 410  2379
877 403  2595
PONZO1_WIDTH:171
674 317  470
873 314  649
661 405  981
881 399  1151
Воспроизведение
675 314  2071
934 316  2286
648 403  2616
886 389  2796
PONZO1_WIDTH:209
640 327  461
910 327  667
652 419  1065
902 430  1290
Воспроизведение
642 305  1904
889 304  2101
622 422  2417
895 404  2642
PONZO1_WIDTH:247
646 314  468
898 311  692
626 405  1043
918 402  1276
Воспроизведение
636 321  2123
878 315  2338
611 416  2661
907 423  2866
PONZO1_WIDTH:266
629 317  416
919 315  640
598 431  926
934 419  1141
Воспроизведение
607 333  1873
902 335  2078
590 431  2406
934 415  2622
PONZO1_WIDTH:209
632 317  484
910 314  699
632 405  1014
938 415  1219
Воспроизведение
625 323  1965
946 313  2225
642 420  2522
967 415  2700
PONZO1_WIDTH:171
624 323  492
899 313  726
666 411  1061
897 407  1241
Воспроизведение
600 313  2120
934 299  2352
649 407  2713
940 411  2893
PONZO1_WIDTH:247
599 319  551
910 316  784
620 409  1122
926 405  1319
Воспроизведение
576 325  2215
950 318  2476
599 403  2873
951 404  3113
PONZO1_WIDTH:266
623 331  521
938 328  743
619 411  1122
937 414  1347
Воспроизведение
628 308  2135
945 302  2366
630 412  2715
974 408  2937
NO_ILLUSION0_WIDTH:247
656 259  579
935 251  803
647 475  1237
924 483  1469
Воспроизведение
630 259  2408
953 270  2622
661 463  3025
958 479  3222
NO_ILLUSION0_WIDTH:209
677 258  635
935 236  858
680 475  1306
906 494  1494
Воспроизведение
684 251  2281
971 260  2514
660 446  2903
957 473  3116
NO_ILLUSION0_WIDTH:171
647 256  549
894 259  773
672 464  1170
905 507  1357
Воспроизведение
618 241  2196
948 261  2429
649 495  2820
965 511  3024
NO_ILLUSION0_WIDTH:247
630 251  560
928 253  792
654 481  1190
926 491  1414
Воспроизведение
623 236  2089
953 243  2350
641 501  2770
950 518  2994
NO_ILLUSION0_WIDTH:171
639 235  486
914 249  728
672 469  1100
931 481  1294
Воспроизведение
611 239  2282
948 259  2526
704 495  2957
1014 523  3161
NO_ILLUSION0_WIDTH:266
622 236  571
938 254  840
636 484  1187
981 509  1401
Воспроизведение
624 251  2280
954 271  2532
639 503  2953
958 509  3159
NO_ILLUSION0_WIDTH:266
599 239  627
911 255  869
599 478  1325
916 479  1540
Воспроизведение
581 239  2525
942 242  2767
622 479  3188
934 485  3384
NO_ILLUSION0_WIDTH:209
645 247  653
943 272  869
650 470  1266
910 479  1481
Воспроизведение
602 250  2346
975 251  2579
634 494  3029
930 511  3251
NO_ILLUSION0_WIDTH:152
638 241  421
886 234  618
687 475  1066
879 496  1209
Воспроизведение
651 245  2000
927 244  2260
673 469  2675
923 470  2881
NO_ILLUSION0_WIDTH:152
676 261  649
889 269  873
677 482  1270
897 480  1476
Воспроизведение
654 232  2217
907 243  2432
679 503  2793
926 485  2998
