не показывать курсор
тип стимула PONZOTOP
перпендикулярные отрезки в Оппель-Кундта каждые... пикс 19
высота перпендикулярных отрезков в Оппель-Кундта 20
угол стрелок 45
длина стрелок 20
длина штанги (1я часть) 1 152
длина штанги (1я часть) 2 171
длина штанги (1я часть) 3 209
длина штанги (1я часть) 4 247
длина штанги (1я часть) 5 266
длина штанги (1я часть) 6 152
длина штанги (1я часть) 7 171
длина штанги (1я часть) 8 209
длина штанги (1я часть) 9 247
длина штанги (1я часть) 10 266
длина штанги (2я часть) 1 152
длина штанги (2я часть) 2 171
длина штанги (2я часть) 3 209
длина штанги (2я часть) 4 247
длина штанги (2я часть) 5 266
длина штанги (2я часть) 6 152
длина штанги (2я часть) 7 171
длина штанги (2я часть) 8 209
длина штанги (2я часть) 9 247
длина штанги (2я часть) 10 266
длина "закрывашек" 20
расстояние между линиями 240
расстояние до рельсов Понзо 20
ширина линий 4
всего опытов 20
PONZO1_WIDTH:247
641 315  2198
887 320  2836
640 411  3662
885 418  4391
Воспроизведение
674 323  5968
898 317  6760
700 443  7503
920 435  8358
PONZO1_WIDTH:247
643 316  1152
883 317  1971
645 415  2692
882 414  3546
Воспроизведение
676 307  5142
896 307  5978
694 412  6634
947 417  7500
PONZO1_WIDTH:209
661 322  1189
869 321  1998
652 420  2684
869 416  3510
Воспроизведение
678 333  4804
877 321  5649
694 435  6383
913 437  7148
PONZO1_WIDTH:171
678 322  1181
839 319  1911
676 412  2533
846 422  3199
Воспроизведение
682 319  4984
856 311  5731
711 422  6419
873 422  7113
PONZO1_WIDTH:171
678 311  1223
848 313  1981
665 415  2631
846 415  3350
Воспроизведение
697 303  5031
891 308  5805
728 437  6461
904 439  7269
PONZO1_WIDTH:266
629 322  1041
886 315  1960
626 415  2731
890 411  3503
Воспроизведение
634 322  4808
907 319  5878
681 412  6604
942 413  7485
PONZO1_WIDTH:209
659 326  996
867 323  1815
666 425  2493
872 423  3249
Воспроизведение
664 307  4720
903 311  5656
684 406  6330
877 406  7057
PONZO1_WIDTH:266
627 323  1200
900 323  2128
633 412  2868
913 414  3795
Воспроизведение
657 327  5176
898 327  6119
650 430  6881
921 427  7817
PONZO1_WIDTH:152
683 315  1282
839 321  1839
672 412  2904
848 412  3624
Воспроизведение
702 335  5369
862 337  6017
725 439  6855
920 443  7593
PONZO1_WIDTH:152
683 327  1188
847 313  1936
680 413  2608
854 419  3399
Воспроизведение
698 333  5117
897 335  5925
733 447  6631
924 442  7430
NO_ILLUSION0_WIDTH:266
629 252  1305
901 247  2329
625 484  3181
896 482  4216
Воспроизведение
622 268  5831
914 261  6696
674 475  7532
933 472  8422
NO_ILLUSION0_WIDTH:209
660 240  1214
872 252  2268
656 479  2991
876 486  3792
Воспроизведение
626 258  5242
863 259  6133
650 496  6882
890 487  7736
NO_ILLUSION0_WIDTH:152
687 247  1186
833 247  1834
693 482  2811
851 483  3439
Воспроизведение
672 248  5078
861 250  5851
697 492  6901
877 495  7583
NO_ILLUSION0_WIDTH:266
629 255  1156
890 245  2074
632 482  2908
902 486  3870
Воспроизведение
651 268  5414
933 263  6350
674 515  7116
952 514  7944
NO_ILLUSION0_WIDTH:247
641 242  1192
882 246  2110
641 488  2783
897 489  3683
Воспроизведение
652 266  5064
912 256  5910
678 487  6640
931 495  7540
NO_ILLUSION0_WIDTH:152
686 251  1103
835 247  1742
676 487  2505
846 488  3296
Воспроизведение
686 262  4773
874 263  5511
721 513  6414
926 511  7178
NO_ILLUSION0_WIDTH:171
685 254  1133
849 251  1754
677 487  2506
845 483  3279
Воспроизведение
659 258  4754
874 243  5511
691 511  6426
909 516  7236
NO_ILLUSION0_WIDTH:247
631 246  1102
882 246  2037
641 488  2896
880 493  3733
Воспроизведение
671 264  5363
891 268  6128
701 507  6962
925 506  7754
NO_ILLUSION0_WIDTH:209
661 247  1239
872 251  1995
656 476  2959
872 479  3669
Воспроизведение
650 270  5123
874 269  5905
661 458  6624
911 463  7452
NO_ILLUSION0_WIDTH:171
679 258  1247
850 259  1894
677 490  2716
840 486  3372
Воспроизведение
682 246  4929
901 242  5757
709 475  6607
924 471  7164
