не показывать курсор
тип стимула PONZOTOP
перпендикулярные отрезки в Оппель-Кундта каждые... пикс 19
высота перпендикулярных отрезков в Оппель-Кундта 20
угол стрелок 45
длина стрелок 20
длина штанги (1я часть) 1 152
длина штанги (1я часть) 2 171
длина штанги (1я часть) 3 209
длина штанги (1я часть) 4 247
длина штанги (1я часть) 5 266
длина штанги (1я часть) 6 152
длина штанги (1я часть) 7 171
длина штанги (1я часть) 8 209
длина штанги (1я часть) 9 247
длина штанги (1я часть) 10 266
длина штанги (2я часть) 1 152
длина штанги (2я часть) 2 171
длина штанги (2я часть) 3 209
длина штанги (2я часть) 4 247
длина штанги (2я часть) 5 266
длина штанги (2я часть) 6 152
длина штанги (2я часть) 7 171
длина штанги (2я часть) 8 209
длина штанги (2я часть) 9 247
длина штанги (2я часть) 10 266
длина "закрывашек" 20
расстояние между линиями 240
расстояние до рельсов Понзо 20
ширина линий 4
всего опытов 20
PONZO1_WIDTH:152
677 315  1626
845 307  2193
682 415  2871
844 415  3429
Воспроизведение
696 324  4875
868 311  5514
699 443  5978
885 432  6622
PONZO1_WIDTH:266
620 319  1061
894 308  1861
626 413  2449
901 422  3205
Воспроизведение
641 327  4639
874 314  5304
669 443  5961
908 428  6642
PONZO1_WIDTH:171
670 323  1000
843 313  1691
661 419  2273
862 413  2849
Воспроизведение
678 324  4332
881 318  4961
697 443  5463
929 431  6235
PONZO1_WIDTH:171
662 306  1033
854 314  1716
664 418  2214
864 415  2807
Воспроизведение
677 327  4287
885 321  4997
700 467  5593
935 451  6187
PONZO1_WIDTH:209
650 325  946
874 311  1674
654 418  2186
867 416  2879
Воспроизведение
682 325  4243
921 318  4909
689 455  5419
958 446  6210
PONZO1_WIDTH:247
638 307  933
880 306  1535
634 424  2150
880 416  2823
Воспроизведение
650 329  4376
895 312  5168
690 441  5637
894 432  6354
PONZO1_WIDTH:152
675 314  994
842 311  1469
678 414  2143
850 412  2699
Воспроизведение
669 327  4103
903 311  4733
668 456  5251
902 450  5897
PONZO1_WIDTH:247
626 311  954
882 310  1646
624 421  2152
885 407  2978
Воспроизведение
644 327  4167
936 316  4787
690 413  5355
966 407  6136
PONZO1_WIDTH:209
650 316  977
902 320  1535
633 416  2066
875 412  2776
Воспроизведение
627 316  4262
903 314  4980
650 459  5499
922 448  6155
PONZO1_WIDTH:266
622 318  990
902 305  1744
623 415  2350
902 404  3058
Воспроизведение
646 317  4427
920 315  5155
677 430  5734
962 421  6588
NO_ILLUSION0_WIDTH:152
686 245  1008
847 244  1457
689 482  2219
827 480  2811
Воспроизведение
671 271  4409
846 271  4922
664 447  5504
881 447  6205
NO_ILLUSION0_WIDTH:209
650 251  940
875 248  1560
650 476  2233
869 487  2898
Воспроизведение
653 255  4300
850 263  4903
654 467  5633
894 459  6487
NO_ILLUSION0_WIDTH:152
691 246  1024
842 245  1562
678 485  2205
828 483  2709
Воспроизведение
680 261  4029
856 263  4532
682 485  5142
915 483  5736
NO_ILLUSION0_WIDTH:266
622 245  1026
908 245  1852
621 488  2495
898 486  3195
Воспроизведение
653 259  4738
874 265  5520
646 456  6218
904 468  7019
NO_ILLUSION0_WIDTH:247
628 251  966
893 253  1800
628 482  2481
888 481  3091
Воспроизведение
654 263  4630
927 262  5486
671 459  6198
942 461  6954
NO_ILLUSION0_WIDTH:209
647 244  1094
873 252  1796
643 491  2490
871 487  3082
Воспроизведение
667 271  4455
892 282  5264
698 479  5898
954 480  6641
NO_ILLUSION0_WIDTH:266
622 243  1070
901 246  1905
623 484  2683
901 479  3491
Воспроизведение
652 270  4730
919 267  5476
670 479  5963
928 487  6836
NO_ILLUSION0_WIDTH:171
672 252  973
853 245  1584
654 479  2166
850 487  2768
Воспроизведение
691 263  4215
882 258  4816
700 456  5339
902 452  6112
NO_ILLUSION0_WIDTH:171
653 242  949
856 242  1623
674 475  2226
874 487  2727
Воспроизведение
685 242  4286
894 238  4895
681 448  5451
904 459  6098
NO_ILLUSION0_WIDTH:247
639 244  1031
886 243  1876
642 489  2518
882 483  3344
Воспроизведение
659 270  4678
915 267  5406
682 501  6033
947 499  6698
