не показывать курсор
тип стимула PONZOTOP
перпендикулярные отрезки в Оппель-Кундта каждые... пикс 19
высота перпендикулярных отрезков в Оппель-Кундта 20
угол стрелок 45
длина стрелок 20
длина штанги (1я часть) 1 152
длина штанги (1я часть) 2 171
длина штанги (1я часть) 3 209
длина штанги (1я часть) 4 247
длина штанги (1я часть) 5 266
длина штанги (1я часть) 6 152
длина штанги (1я часть) 7 171
длина штанги (1я часть) 8 209
длина штанги (1я часть) 9 247
длина штанги (1я часть) 10 266
длина штанги (2я часть) 1 152
длина штанги (2я часть) 2 171
длина штанги (2я часть) 3 209
длина штанги (2я часть) 4 247
длина штанги (2я часть) 5 266
длина штанги (2я часть) 6 152
длина штанги (2я часть) 7 171
длина штанги (2я часть) 8 209
длина штанги (2я часть) 9 247
длина штанги (2я часть) 10 266
длина "закрывашек" 20
расстояние между линиями 240
расстояние до рельсов Понзо 20
ширина линий 4
всего опытов 20
PONZO1_WIDTH:247
650 314  2983
881 302  3451
647 413  3945
898 427  4286
Воспроизведение
661 324  6070
905 305  6456
654 437  6953
911 441  7348
PONZO1_WIDTH:152
702 327  1026
850 318  1313
700 423  1880
857 427  2150
Воспроизведение
686 324  3708
854 312  3968
684 453  4609
875 449  4906
PONZO1_WIDTH:266
635 324  1059
902 314  1507
646 420  2172
902 422  2485
Воспроизведение
660 315  3880
912 312  4311
673 453  4818
925 439  5212
PONZO1_WIDTH:152
697 325  863
841 319  1178
702 422  1716
846 431  2039
Воспроизведение
694 371  2788
694 357  2815
703 327  3563
884 314  3940
705 447  4409
862 444  4651
PONZO1_WIDTH:209
670 331  842
857 316  1201
666 419  1667
869 423  2025
Воспроизведение
660 298  3226
882 302  3638
662 452  4167
905 454  4552
PONZO1_WIDTH:266
643 327  877
886 319  1300
633 427  1747
899 420  2160
Воспроизведение
655 321  3285
926 308  3681
662 442  4155
931 432  4532
PONZO1_WIDTH:209
660 327  873
858 312  1242
672 424  1706
870 424  2109
Воспроизведение
686 315  3318
890 307  3714
670 426  4132
909 416  4509
PONZO1_WIDTH:247
646 327  842
868 320  1238
650 423  1618
888 424  1969
Воспроизведение
651 311  3109
890 303  3477
654 441  3879
903 434  4236
PONZO1_WIDTH:171
683 328  819
851 325  1167
700 419  1633
853 412  1938
Воспроизведение
656 317  2971
868 303  3330
671 425  3735
864 414  4057
PONZO1_WIDTH:171
690 322  733
838 313  1083
690 416  1534
848 418  1866
Воспроизведение
672 320  2903
851 311  3270
692 433  3735
875 421  4075
NO_ILLUSION0_WIDTH:209
671 250  943
861 255  1365
667 482  1972
860 485  2377
Воспроизведение
651 256  4697
877 246  5047
691 480  5536
889 475  5833
NO_ILLUSION0_WIDTH:247
651 256  801
887 251  1197
674 492  1813
905 488  2117
Воспроизведение
646 267  3276
909 267  3644
666 490  4133
912 476  4446
NO_ILLUSION0_WIDTH:209
660 258  837
868 255  1179
675 495  1685
889 488  1946
Воспроизведение
676 283  3150
910 272  3552
702 526  4091
931 521  4467
NO_ILLUSION0_WIDTH:171
700 246  903
860 255  1199
689 481  1729
865 489  2070
Воспроизведение
690 267  3526
878 263  3857
682 481  4385
869 478  4635
NO_ILLUSION0_WIDTH:152
700 252  773
854 248  997
705 484  1535
844 484  1751
Воспроизведение
710 259  2969
880 260  3239
722 481  3779
895 483  4057
NO_ILLUSION0_WIDTH:152
698 256  844
841 251  1114
697 475  1608
858 481  1851
Воспроизведение
702 278  3390
874 263  3668
727 482  4170
891 485  4430
NO_ILLUSION0_WIDTH:266
662 251  812
930 264  1152
650 490  1660
899 486  1956
Воспроизведение
648 270  3037
904 264  3360
665 473  4005
918 471  4328
NO_ILLUSION0_WIDTH:247
657 258  875
879 253  1189
668 491  1728
883 490  2052
Воспроизведение
650 269  3581
898 265  3913
680 479  4354
924 482  4723
NO_ILLUSION0_WIDTH:266
641 256  1166
898 256  1506
651 483  2088
894 488  2385
Воспроизведение
638 269  3358
914 262  3690
673 496  4369
914 501  4656
NO_ILLUSION0_WIDTH:171
678 252  872
875 244  1168
678 491  1708
862 485  1987
Воспроизведение
690 267  3351
879 271  3630
704 479  4229
888 476  4462
