не показывать курсор
тип стимула PONZOTOP
перпендикулярные отрезки в Оппель-Кундта каждые... пикс 19
высота перпендикулярных отрезков в Оппель-Кундта 20
угол стрелок 45
длина стрелок 20
длина штанги (1я часть) 1 152
длина штанги (1я часть) 2 171
длина штанги (1я часть) 3 209
длина штанги (1я часть) 4 247
длина штанги (1я часть) 5 266
длина штанги (1я часть) 6 152
длина штанги (1я часть) 7 171
длина штанги (1я часть) 8 209
длина штанги (1я часть) 9 247
длина штанги (1я часть) 10 266
длина штанги (2я часть) 1 152
длина штанги (2я часть) 2 171
длина штанги (2я часть) 3 209
длина штанги (2я часть) 4 247
длина штанги (2я часть) 5 266
длина штанги (2я часть) 6 152
длина штанги (2я часть) 7 171
длина штанги (2я часть) 8 209
длина штанги (2я часть) 9 247
длина штанги (2я часть) 10 266
длина "закрывашек" 20
расстояние между линиями 240
расстояние до рельсов Понзо 20
ширина линий 4
всего опытов 20
PONZO1_WIDTH:152
692 308  1901
846 315  2162
697 408  2725
854 418  2977
Воспроизведение
664 291  4821
850 284  5063
673 455  5459
880 461  5692
PONZO1_WIDTH:209
677 314  920
870 306  1207
696 409  1612
886 411  1909
Воспроизведение
651 293  3118
858 284  3423
659 462  3801
906 447  4061
PONZO1_WIDTH:209
649 314  866
858 312  1241
667 427  1699
896 427  1976
Воспроизведение
634 289  3057
878 281  3352
657 459  3742
903 423  4011
PONZO1_WIDTH:266
655 330  771
894 322  1121
646 437  1542
892 416  1856
Воспроизведение
647 297  3398
905 289  3668
630 482  4078
904 444  4320
PONZO1_WIDTH:152
689 311  831
872 323  1065
684 429  1422
896 423  1593
Воспроизведение
682 306  2772
880 301  3013
684 441  3335
900 431  3559
PONZO1_WIDTH:266
644 311  798
903 309  1085
613 435  1459
883 410  1809
Воспроизведение
650 295  2825
928 297  3148
651 432  3498
933 419  3766
PONZO1_WIDTH:171
691 311  714
866 310  956
672 434  1321
865 422  1581
Воспроизведение
714 298  2631
918 292  2909
706 439  3305
912 422  3555
PONZO1_WIDTH:247
642 315  744
905 326  1032
654 417  1438
882 403  1709
Воспроизведение
638 298  3267
879 290  3571
638 420  3928
908 414  4196
PONZO1_WIDTH:171
671 321  661
857 323  885
674 434  1278
864 419  1547
Воспроизведение
680 303  2733
892 295  3002
671 451  3412
904 440  3654
PONZO1_WIDTH:247
631 320  721
909 311  1025
635 427  1432
905 411  1825
Воспроизведение
635 295  3031
898 297  3272
648 435  3708
920 423  4022
NO_ILLUSION0_WIDTH:247
628 244  810
897 250  1142
661 487  1816
909 492  2138
Воспроизведение
653 278  3264
934 270  3605
665 508  4046
947 493  4397
NO_ILLUSION0_WIDTH:152
702 248  818
848 255  1079
695 495  1604
860 493  1927
Воспроизведение
658 259  3310
873 249  3598
695 500  4068
892 479  4345
NO_ILLUSION0_WIDTH:266
626 247  1173
909 255  1570
629 499  1968
910 480  2316
Воспроизведение
641 243  3614
943 260  3955
647 510  4473
930 479  4813
NO_ILLUSION0_WIDTH:266
632 247  1090
903 253  1447
654 487  2006
922 482  2426
Воспроизведение
637 250  3559
902 253  3971
642 503  4364
910 485  4739
NO_ILLUSION0_WIDTH:247
651 256  832
897 257  1208
642 501  1743
904 491  2127
Воспроизведение
649 243  3378
910 249  3728
671 485  4161
939 477  4465
NO_ILLUSION0_WIDTH:209
666 255  699
885 260  994
660 498  1504
880 490  1809
Воспроизведение
644 267  3697
897 259  4021
685 527  4469
930 516  4729
NO_ILLUSION0_WIDTH:171
675 237  936
854 251  1287
695 481  1775
857 496  2088
Воспроизведение
665 240  3401
891 243  3769
678 479  4229
900 487  4543
NO_ILLUSION0_WIDTH:209
673 251  728
887 251  1041
673 487  1513
884 491  1817
Воспроизведение
650 243  2995
888 242  3344
670 546  3794
876 534  4135
NO_ILLUSION0_WIDTH:171
690 262  795
855 260  1100
695 501  1589
860 501  1858
Воспроизведение
672 260  3130
874 252  3390
666 507  3832
855 513  4110
NO_ILLUSION0_WIDTH:152
692 255  733
853 252  1037
701 500  1575
843 485  1880
Воспроизведение
665 244  3162
854 239  3494
692 523  3977
903 507  4248
