не показывать курсор
тип стимула PONZOTOP
перпендикулярные отрезки в Оппель-Кундта каждые... пикс 19
высота перпендикулярных отрезков в Оппель-Кундта 20
угол стрелок 45
длина стрелок 20
длина штанги (1я часть) 1 152
длина штанги (1я часть) 2 171
длина штанги (1я часть) 3 209
длина штанги (1я часть) 4 247
длина штанги (1я часть) 5 266
длина штанги (1я часть) 6 152
длина штанги (1я часть) 7 171
длина штанги (1я часть) 8 209
длина штанги (1я часть) 9 247
длина штанги (1я часть) 10 266
длина штанги (2я часть) 1 152
длина штанги (2я часть) 2 171
длина штанги (2я часть) 3 209
длина штанги (2я часть) 4 247
длина штанги (2я часть) 5 266
длина штанги (2я часть) 6 152
длина штанги (2я часть) 7 171
длина штанги (2я часть) 8 209
длина штанги (2я часть) 9 247
длина штанги (2я часть) 10 266
длина "закрывашек" 20
расстояние между линиями 240
расстояние до рельсов Понзо 20
ширина линий 4
всего опытов 20
PONZO1_WIDTH:247
648 311  4978
905 315  5696
645 419  6427
881 418  7189
Воспроизведение
642 310  8502
865 309  9193
653 436  9843
878 443  10526
PONZO1_WIDTH:152
700 320  752
867 330  1121
679 431  1604
842 431  2000
Воспроизведение
831 418  2905
673 408  3454
851 305  3905
666 321  4453
PONZO1_WIDTH:171
850 319  618
685 319  1085
859 419  1709
692 419  2249
Воспроизведение
675 419  3146
827 425  3739
654 323  4385
826 335  5032
PONZO1_WIDTH:209
879 314  638
672 323  1232
887 419  1780
666 415  2372
Воспроизведение
652 422  3375
854 424  4184
650 316  4868
850 330  5560
PONZO1_WIDTH:171
855 313  668
691 320  1154
858 427  1724
693 420  2246
Воспроизведение
676 421  3326
844 426  4043
661 307  4807
826 315  5425
PONZO1_WIDTH:266
904 323  766
646 319  1331
906 426  1971
622 419  2546
Воспроизведение
630 416  3366
869 423  4086
623 313  4817
874 316  5626
PONZO1_WIDTH:152
858 314  588
700 314  1001
854 425  1626
702 421  2057
Воспроизведение
686 414  3291
846 419  4054
686 303  4700
834 313  5446
PONZO1_WIDTH:209
878 325  842
669 320  1364
883 430  1998
673 418  2528
Воспроизведение
669 421  3472
854 417  4209
669 300  4867
852 303  5667
PONZO1_WIDTH:247
897 322  784
659 323  1259
890 429  1909
652 419  2528
Воспроизведение
638 421  3434
855 427  4036
858 315  4683
628 316  5489
PONZO1_WIDTH:266
646 317  857
890 328  1342
912 429  1871
610 424  2392
Воспроизведение
647 418  3670
902 420  4344
877 293  5031
606 301  5724
NO_ILLUSION0_WIDTH:152
700 243  863
844 255  1206
700 486  1863
832 505  2231
Воспроизведение
828 487  3972
674 491  4522
826 268  5379
669 263  6027
NO_ILLUSION0_WIDTH:152
693 253  886
846 254  1326
696 490  2056
832 494  2505
Воспроизведение
847 495  3998
709 493  4701
849 255  5471
686 260  6137
NO_ILLUSION0_WIDTH:171
680 256  955
850 261  1503
677 491  2182
835 495  2713
Воспроизведение
849 494  4026
672 489  4851
846 271  5718
681 271  6491
NO_ILLUSION0_WIDTH:247
647 250  796
901 267  1362
649 497  1954
902 499  2529
Воспроизведение
882 499  3796
628 496  4695
875 276  5419
648 274  6138
NO_ILLUSION0_WIDTH:266
624 252  864
894 260  1512
642 493  2219
895 505  2893
Воспроизведение
902 501  3864
612 501  4880
892 264  5701
637 276  6628
NO_ILLUSION0_WIDTH:209
662 255  796
882 258  1461
674 495  2244
856 496  3015
Воспроизведение
858 491  4243
656 494  5069
863 258  6031
653 261  6838
NO_ILLUSION0_WIDTH:171
687 255  735
841 255  1282
688 496  1976
841 503  2516
Воспроизведение
854 494  3613
682 488  4440
687 277  5395
841 271  6059
NO_ILLUSION0_WIDTH:247
898 247  904
653 256  1587
651 480  2317
881 500  2945
Воспроизведение
901 495  4273
633 501  5439
651 268  6309
864 270  7189
NO_ILLUSION0_WIDTH:209
872 259  801
655 266  1646
876 499  2436
673 497  3118
Воспроизведение
653 495  4178
876 488  5112
650 263  5922
846 271  6640
NO_ILLUSION0_WIDTH:266
915 250  941
641 261  1615
908 491  2345
642 497  3056
Воспроизведение
642 494  4479
888 491  5394
625 266  6320
893 270  7199
