не показывать курсор
тип стимула PONZOTOP
перпендикулярные отрезки в Оппель-Кундта каждые... пикс 19
высота перпендикулярных отрезков в Оппель-Кундта 20
угол стрелок 45
длина стрелок 20
длина штанги (1я часть) 1 152
длина штанги (1я часть) 2 171
длина штанги (1я часть) 3 209
длина штанги (1я часть) 4 247
длина штанги (1я часть) 5 266
длина штанги (1я часть) 6 152
длина штанги (1я часть) 7 171
длина штанги (1я часть) 8 209
длина штанги (1я часть) 9 247
длина штанги (1я часть) 10 266
длина штанги (2я часть) 1 152
длина штанги (2я часть) 2 171
длина штанги (2я часть) 3 209
длина штанги (2я часть) 4 247
длина штанги (2я часть) 5 266
длина штанги (2я часть) 6 152
длина штанги (2я часть) 7 171
длина штанги (2я часть) 8 209
длина штанги (2я часть) 9 247
длина штанги (2я часть) 10 266
длина "закрывашек" 20
расстояние между линиями 240
расстояние до рельсов Понзо 20
ширина линий 4
всего опытов 20
PONZO1_WIDTH:171
702 322  4007
852 327  4745
726 418  5674
848 417  6339
Воспроизведение
854 415  7361
700 418  8421
845 310  9434
678 308  10457
PONZO1_WIDTH:209
669 317  1095
872 320  2192
662 419  3261
866 415  4437
Воспроизведение
829 415  6153
657 421  7160
664 315  8353
879 315  9683
PONZO1_WIDTH:209
880 319  917
880 319  917
880 319  949
674 328  2127
670 419  2846
861 418  3861
Воспроизведение
872 412  4855
872 412  4856
872 412  4906
675 409  6388
685 295  7293
877 289  8596
PONZO1_WIDTH:247
894 323  1188
656 325  2123
650 417  2809
884 422  4040
Воспроизведение
886 421  5612
650 418  7032
661 304  7945
881 303  9248
PONZO1_WIDTH:266
906 321  931
650 320  1849
648 419  2678
896 427  3791
Воспроизведение
904 423  4978
656 418  6613
669 317  7547
920 320  9182
PONZO1_WIDTH:152
847 321  1083
703 317  1864
700 415  2603
834 414  3376
Воспроизведение
846 416  4485
694 417  5554
703 315  6447
846 313  7597
PONZO1_WIDTH:152
850 316  847
850 316  847
850 316  916
706 318  1743
700 413  2474
829 410  3345
Воспроизведение
843 420  4497
691 420  5621
694 321  6422
849 326  7563
PONZO1_WIDTH:247
892 324  990
655 323  1899
648 423  2718
881 415  3716
Воспроизведение
894 415  4905
654 416  6074
678 303  6941
890 298  8073
PONZO1_WIDTH:266
906 319  973
654 319  2115
646 422  2965
898 418  4259
Воспроизведение
905 422  5348
650 423  6859
656 319  7786
906 317  9187
PONZO1_WIDTH:171
855 317  1020
694 323  1883
683 417  2807
843 423  3751
Воспроизведение
854 422  5013
685 420  6047
683 330  6862
865 332  7932
NO_ILLUSION0_WIDTH:171
848 243  1172
689 256  2035
727 488  3138
854 485  3784
Воспроизведение
856 492  5168
698 484  6220
704 282  7401
859 282  8551
NO_ILLUSION0_WIDTH:266
904 251  940
654 256  1973
637 484  3055
901 483  4251
Воспроизведение
906 489  5392
639 488  6795
646 300  7863
907 291  9452
NO_ILLUSION0_WIDTH:171
854 250  994
682 256  1793
690 491  2837
851 485  3673
Воспроизведение
857 487  4670
702 494  5684
700 305  7045
856 309  8034
NO_ILLUSION0_WIDTH:152
845 249  961
700 258  1510
698 491  2523
835 483  3216
Воспроизведение
850 487  4409
695 483  5407
695 333  6599
838 323  7650
NO_ILLUSION0_WIDTH:152
841 254  972
704 249  1583
698 487  2568
840 492  3467
Воспроизведение
851 485  5033
784 484  5563
778 483  5907
709 483  6464
687 278  7545
838 277  8416
NO_ILLUSION0_WIDTH:247
898 250  982
655 252  1878
651 482  2787
881 495  3847
Воспроизведение
892 490  5067
657 483  6469
702 301  7557
902 297  8705
NO_ILLUSION0_WIDTH:209
877 248  919
676 251  1701
669 483  2546
864 490  3364
Воспроизведение
876 495  4648
662 489  6014
682 317  6979
888 311  8318
NO_ILLUSION0_WIDTH:266
906 248  950
638 253  1848
643 487  2813
903 469  3793
Воспроизведение
908 483  5390
626 478  6882
624 280  7844
898 271  9209
NO_ILLUSION0_WIDTH:209
876 250  1068
674 255  2039
665 485  2918
870 484  3753
Воспроизведение
878 486  4518
878 486  4518
878 486  4587
682 483  6142
690 292  7241
872 284  8463
NO_ILLUSION0_WIDTH:247
896 250  819
662 259  1556
650 487  2632
889 487  3674
Воспроизведение
896 485  4645
659 486  6191
665 320  7186
901 314  8713
