не показывать курсор
тип стимула PONZOTOP
перпендикулярные отрезки в Оппель-Кундта каждые... пикс 19
высота перпендикулярных отрезков в Оппель-Кундта 20
угол стрелок 45
длина стрелок 20
длина штанги (1я часть) 1 152
длина штанги (1я часть) 2 171
длина штанги (1я часть) 3 209
длина штанги (1я часть) 4 247
длина штанги (1я часть) 5 266
длина штанги (1я часть) 6 152
длина штанги (1я часть) 7 171
длина штанги (1я часть) 8 209
длина штанги (1я часть) 9 247
длина штанги (1я часть) 10 266
длина штанги (2я часть) 1 152
длина штанги (2я часть) 2 171
длина штанги (2я часть) 3 209
длина штанги (2я часть) 4 247
длина штанги (2я часть) 5 266
длина штанги (2я часть) 6 152
длина штанги (2я часть) 7 171
длина штанги (2я часть) 8 209
длина штанги (2я часть) 9 247
длина штанги (2я часть) 10 266
длина "закрывашек" 20
расстояние между линиями 240
расстояние до рельсов Понзо 20
ширина линий 4
всего опытов 20
PONZO1_WIDTH:266
626 314  4472
626 314  4472
626 314  12497
901 324  14966
637 420  16184
925 421  18107
Воспроизведение
668 313  19726
874 319  21091
659 391  21956
894 391  23419
PONZO1_WIDTH:247
647 325  1921
903 328  3419
654 425  4284
902 423  5864
Воспроизведение
648 314  7257
858 313  8397
653 389  9244
853 391  10618
PONZO1_WIDTH:247
626 314  9553
894 320  11736
647 421  12615
898 425  14418
Воспроизведение
654 310  15899
848 319  17148
632 403  18007
872 403  19605
PONZO1_WIDTH:209
658 315  8439
873 317  10020
664 423  10745
875 420  12343
Воспроизведение
670 317  13651
847 322  14935
659 406  15751
838 410  17162
PONZO1_WIDTH:171
687 315  1528
855 316  2731
678 419  3545
870 415  5036
Воспроизведение
702 312  6343
840 317  7429
690 390  8318
847 391  9584
PONZO1_WIDTH:152
693 315  1372
853 321  2564
684 415  3198
845 419  4545
Воспроизведение
696 307  5855
829 311  6869
703 391  7577
820 389  8580
PONZO1_WIDTH:152
699 323  1657
843 324  2708
698 416  3409
848 423  4655
Воспроизведение
716 309  6012
834 316  6866
701 408  7747
830 414  8824
PONZO1_WIDTH:209
671 320  1778
866 324  2926
661 412  3641
876 422  5196
Воспроизведение
686 312  6381
845 319  7368
674 395  8167
830 404  9226
PONZO1_WIDTH:266
631 318  1674
908 329  3190
638 415  3984
911 424  5816
Воспроизведение
643 316  7115
855 324  8399
622 391  9267
834 399  10810
PONZO1_WIDTH:171
684 319  1836
858 323  2895
678 422  3638
862 427  5073
Воспроизведение
691 317  6378
851 330  7472
693 401  8307
851 408  9573
NO_ILLUSION0_WIDTH:152
690 248  1834
841 255  2785
687 488  3671
847 492  4881
Воспроизведение
710 239  6396
842 243  7356
696 391  8127
830 396  9447
NO_ILLUSION0_WIDTH:209
662 248  1919
881 259  3336
662 489  4285
874 498  5793
Воспроизведение
669 250  7486
844 253  8751
652 402  9554
828 408  10873
NO_ILLUSION0_WIDTH:247
641 253  2032
891 254  3415
643 492  4286
898 497  5748
Воспроизведение
668 278  7048
873 286  8270
656 342  9024
866 351  10854
NO_ILLUSION0_WIDTH:247
646 251  2121
905 259  3574
637 494  4468
900 499  6416
Воспроизведение
665 251  9552
871 248  10764
657 415  11719
888 427  13289
NO_ILLUSION0_WIDTH:266
634 249  1695
917 262  3345
639 487  4204
915 503  5856
Воспроизведение
653 296  7271
864 308  8689
637 495  9581
851 494  11152
NO_ILLUSION0_WIDTH:171
686 247  1695
858 255  2915
678 490  3679
864 499  5176
Воспроизведение
695 244  6446
850 253  7595
696 432  8351
859 436  9875
NO_ILLUSION0_WIDTH:209
670 247  1838
875 257  2843
658 489  3622
890 499  4986
Воспроизведение
678 243  6248
858 259  7289
685 464  8125
868 470  9362
NO_ILLUSION0_WIDTH:266
631 248  1642
904 258  3187
638 487  4045
912 494  5895
Воспроизведение
674 246  7128
889 255  8331
651 462  9099
874 466  10481
NO_ILLUSION0_WIDTH:171
679 239  1734
863 255  2809
678 491  3768
868 496  5186
Воспроизведение
690 240  6503
858 251  7642
698 435  8534
871 446  9775
NO_ILLUSION0_WIDTH:152
690 241  1618
855 250  2660
689 492  3602
860 501  4669
Воспроизведение
701 241  5897
849 251  6785
701 463  7713
862 470  8737
