не показывать курсор
тип стимула PONZOTOP
перпендикулярные отрезки в Оппель-Кундта каждые... пикс 19
высота перпендикулярных отрезков в Оппель-Кундта 20
угол стрелок 45
длина стрелок 20
длина штанги (1я часть) 1 152
длина штанги (1я часть) 2 171
длина штанги (1я часть) 3 209
длина штанги (1я часть) 4 247
длина штанги (1я часть) 5 266
длина штанги (1я часть) 6 152
длина штанги (1я часть) 7 171
длина штанги (1я часть) 8 209
длина штанги (1я часть) 9 247
длина штанги (1я часть) 10 266
длина штанги (2я часть) 1 152
длина штанги (2я часть) 2 171
длина штанги (2я часть) 3 209
длина штанги (2я часть) 4 247
длина штанги (2я часть) 5 266
длина штанги (2я часть) 6 152
длина штанги (2я часть) 7 171
длина штанги (2я часть) 8 209
длина штанги (2я часть) 9 247
длина штанги (2я часть) 10 266
длина "закрывашек" 20
расстояние между линиями 240
расстояние до рельсов Понзо 20
ширина линий 4
всего опытов 20
PONZO1_WIDTH:152
691 322  19354
834 314  20477
695 419  21560
853 416  22933
Воспроизведение
686 338  25896
686 338  25896
686 338  25954
854 338  27284
716 429  28224
878 416  29677
PONZO1_WIDTH:247
641 315  1824
886 314  3179
646 419  4142
886 415  5587
Воспроизведение
676 319  7154
869 319  8276
675 413  9206
855 405  10622
PONZO1_WIDTH:152
686 317  1668
839 320  2664
700 420  3664
840 419  4668
Воспроизведение
707 307  6353
856 305  7286
726 389  8166
855 381  9277
PONZO1_WIDTH:171
679 315  1722
841 319  2816
680 415  3761
853 415  5214
Воспроизведение
699 319  6815
850 315  7830
714 407  8795
844 406  9674
PONZO1_WIDTH:209
666 313  1652
860 318  3069
662 416  4007
862 410  5442
Воспроизведение
663 314  7009
852 318  8103
678 406  8935
839 404  10165
PONZO1_WIDTH:247
639 323  1590
880 319  3071
649 411  3992
879 411  5454
Воспроизведение
650 309  6899
858 312  8012
661 403  8904
855 397  10142
PONZO1_WIDTH:266
635 320  1739
896 317  3199
630 417  4108
900 417  5999
Воспроизведение
647 319  7512
878 315  8723
650 398  9576
856 397  10992
PONZO1_WIDTH:171
677 320  1657
850 319  2788
687 419  3843
854 418  4911
Воспроизведение
694 308  6645
866 305  7712
702 396  8565
850 387  9750
PONZO1_WIDTH:266
631 317  1647
896 317  3199
645 419  4169
900 417  5675
Воспроизведение
642 307  7239
874 308  8423
649 403  9383
866 399  10853
PONZO1_WIDTH:209
659 319  1803
864 322  2907
670 417  4029
869 419  5472
Воспроизведение
670 319  7231
843 310  8254
659 395  9147
830 395  10365
NO_ILLUSION0_WIDTH:266
636 254  5196
892 249  6901
638 491  8317
899 487  9993
Воспроизведение
629 255  11920
891 247  13167
633 380  14195
880 379  15701
NO_ILLUSION0_WIDTH:247
648 244  2475
884 251  3864
650 488  5126
883 487  6462
Воспроизведение
650 282  8398
882 277  9699
629 389  10729
854 381  12110
NO_ILLUSION0_WIDTH:247
647 251  1927
885 248  3246
650 487  4511
883 482  6261
Воспроизведение
634 244  8463
846 245  9521
626 397  10595
854 397  11824
NO_ILLUSION0_WIDTH:266
628 248  1891
894 247  3217
632 487  4331
904 487  5919
Воспроизведение
657 256  7857
866 255  9005
652 389  10139
881 387  11582
NO_ILLUSION0_WIDTH:209
667 249  2375
870 251  3612
673 491  5044
877 487  6415
Воспроизведение
674 247  8371
849 251  9421
678 410  10614
854 404  11870
NO_ILLUSION0_WIDTH:209
672 254  44450
868 247  45608
666 484  46765
879 488  48100
Воспроизведение
677 252  51144
869 251  52069
677 420  52998
878 421  54145
NO_ILLUSION0_WIDTH:171
684 244  1751
843 248  2604
686 483  3632
849 490  4681
Воспроизведение
729 247  6391
875 248  7271
706 437  8137
868 435  9071
NO_ILLUSION0_WIDTH:171
684 244  1694
850 251  2637
682 483  3611
854 485  4885
Воспроизведение
701 277  6684
850 271  7498
699 407  8583
854 405  9650
NO_ILLUSION0_WIDTH:152
698 247  1643
839 251  2577
700 484  3603
846 487  4689
Воспроизведение
707 291  6104
843 286  6929
696 408  7920
828 407  8925
NO_ILLUSION0_WIDTH:152
693 250  1622
834 251  2394
700 487  3476
846 488  4544
Воспроизведение
703 252  6197
861 246  7119
689 451  8223
834 448  9202
