не показывать курсор
тип стимула PONZOTOP
перпендикулярные отрезки в Оппель-Кундта каждые... пикс 19
высота перпендикулярных отрезков в Оппель-Кундта 20
угол стрелок 45
длина стрелок 20
длина штанги (1я часть) 1 152
длина штанги (1я часть) 2 171
длина штанги (1я часть) 3 209
длина штанги (1я часть) 4 247
длина штанги (1я часть) 5 266
длина штанги (1я часть) 6 152
длина штанги (1я часть) 7 171
длина штанги (1я часть) 8 209
длина штанги (1я часть) 9 247
длина штанги (1я часть) 10 266
длина штанги (2я часть) 1 152
длина штанги (2я часть) 2 171
длина штанги (2я часть) 3 209
длина штанги (2я часть) 4 247
длина штанги (2я часть) 5 266
длина штанги (2я часть) 6 152
длина штанги (2я часть) 7 171
длина штанги (2я часть) 8 209
длина штанги (2я часть) 9 247
длина штанги (2я часть) 10 266
длина "закрывашек" 20
расстояние между линиями 240
расстояние до рельсов Понзо 20
ширина линий 4
всего опытов 20
PONZO1_WIDTH:209
657 331  4567
866 325  5356
654 420  6078
865 432  6757
Воспроизведение
664 322  7981
881 329  8725
664 410  9459
878 421  10540
PONZO1_WIDTH:152
685 321  1370
866 313  2177
694 418  3169
856 415  4149
Воспроизведение
702 324  5685
864 308  6544
682 397  7342
854 385  8325
PONZO1_WIDTH:209
673 316  1224
881 319  2007
667 426  2725
866 423  3839
Воспроизведение
682 319  5363
874 314  6458
701 411  7348
881 411  8480
PONZO1_WIDTH:247
646 314  1154
877 313  2116
650 417  3008
898 417  3940
Воспроизведение
650 322  5348
879 321  6359
674 399  7225
903 397  8489
PONZO1_WIDTH:152
689 311  944
839 308  1742
685 417  2496
842 413  3436
Воспроизведение
688 311  5037
844 306  5831
673 395  6560
PONZO1_WIDTH:266
846 390  62
628 323  1422
898 314  2336
626 423  3019
900 428  4356
Воспроизведение
642 314  5904
888 315  6888
627 397  7693
905 396  8854
PONZO1_WIDTH:247
650 319  1198
882 315  2174
650 417  2790
896 427  3912
Воспроизведение
658 316  5227
900 323  6379
664 405  7070
924 405  8273
PONZO1_WIDTH:171
675 327  810
853 318  1576
674 418  2216
853 416  3029
Воспроизведение
691 322  4419
885 322  5267
678 405  5984
882 405  7014
PONZO1_WIDTH:266
628 323  1070
902 324  1956
624 418  2588
889 414  3598
Воспроизведение
634 329  4873
890 324  6030
645 403  6852
908 407  8350
PONZO1_WIDTH:171
678 322  835
854 319  1500
677 419  2071
850 415  2955
Воспроизведение
671 330  4397
874 323  5201
662 392  5931
842 387  6900
NO_ILLUSION0_WIDTH:266
630 264  1142
910 259  2020
639 490  2668
877 499  3545
Воспроизведение
630 262  5073
904 249  6094
628 445  6835
896 443  7950
NO_ILLUSION0_WIDTH:266
622 252  1012
910 257  1945
627 487  2559
914 503  3649
Воспроизведение
629 260  5153
913 258  6087
604 480  6863
910 482  7984
NO_ILLUSION0_WIDTH:171
678 254  991
856 253  1600
678 484  2208
858 491  3253
Воспроизведение
678 271  4789
845 268  5496
650 489  6421
880 487  7493
NO_ILLUSION0_WIDTH:209
674 248  1379
890 247  2437
688 507  3267
882 506  4199
Воспроизведение
670 247  5499
897 258  6446
646 462  7161
873 465  8140
NO_ILLUSION0_WIDTH:209
661 255  1058
879 246  1785
651 492  2467
894 503  3481
Воспроизведение
650 259  4553
886 253  5504
632 486  6199
870 491  7245
NO_ILLUSION0_WIDTH:152
684 257  800
850 258  1321
686 491  1920
855 499  2544
Воспроизведение
679 263  3706
855 262  4298
650 486  4901
835 475  5696
NO_ILLUSION0_WIDTH:247
647 257  850
898 246  1562
645 486  2104
880 489  2976
Воспроизведение
646 263  4361
908 261  5204
631 485  5862
884 490  6803
NO_ILLUSION0_WIDTH:152
691 258  1051
850 245  1589
689 490  2192
849 494  2821
Воспроизведение
702 269  4613
888 258  5359
684 451  5993
886 451  6681
NO_ILLUSION0_WIDTH:247
627 248  1067
897 247  1792
640 487  2364
894 502  3279
Воспроизведение
627 254  4839
892 251  5838
629 447  6631
894 445  7671
NO_ILLUSION0_WIDTH:171
672 260  1014
862 267  1721
684 490  2346
868 491  3057
Воспроизведение
659 263  4257
873 251  5029
646 495  6222
869 502  6928
