не показывать курсор
тип стимула PONZOTOP
перпендикулярные отрезки в Оппель-Кундта каждые... пикс 19
высота перпендикулярных отрезков в Оппель-Кундта 20
угол стрелок 45
длина стрелок 20
длина штанги (1я часть) 1 152
длина штанги (1я часть) 2 171
длина штанги (1я часть) 3 209
длина штанги (1я часть) 4 247
длина штанги (1я часть) 5 266
длина штанги (1я часть) 6 152
длина штанги (1я часть) 7 171
длина штанги (1я часть) 8 209
длина штанги (1я часть) 9 247
длина штанги (1я часть) 10 266
длина штанги (2я часть) 1 152
длина штанги (2я часть) 2 171
длина штанги (2я часть) 3 209
длина штанги (2я часть) 4 247
длина штанги (2я часть) 5 266
длина штанги (2я часть) 6 152
длина штанги (2я часть) 7 171
длина штанги (2я часть) 8 209
длина штанги (2я часть) 9 247
длина штанги (2я часть) 10 266
длина "закрывашек" 20
расстояние между линиями 240
расстояние до рельсов Понзо 20
ширина линий 4
всего опытов 20
PONZO1_WIDTH:152
698 320  2158
833 315  2619
691 415  3298
846 405  3865
Воспроизведение
660 307  6605
833 313  7208
667 388  7784
856 386  8520
PONZO1_WIDTH:171
682 318  967
848 315  1547
682 422  2147
862 422  2776
Воспроизведение
684 319  4140
865 323  4717
689 417  5408
869 409  6110
PONZO1_WIDTH:266
642 312  1057
899 311  1767
626 419  2372
897 412  3320
Воспроизведение
634 325  4447
918 315  5204
647 407  5989
925 399  6910
PONZO1_WIDTH:209
662 317  934
874 318  1602
656 422  2216
875 418  2934
Воспроизведение
658 313  4023
928 308  4753
662 405  5536
909 395  6475
PONZO1_WIDTH:247
645 318  758
890 311  1469
650 411  2200
883 411  2907
Воспроизведение
641 323  4054
890 311  4843
657 391  5687
894 387  6549
PONZO1_WIDTH:152
689 321  1083
858 315  1706
682 418  2329
846 415  3065
Воспроизведение
677 322  4411
854 321  5137
670 407  5914
854 403  6740
PONZO1_WIDTH:171
676 318  902
859 319  1559
675 418  2316
848 414  3045
Воспроизведение
677 323  4340
874 319  5082
678 404  5871
880 405  6703
PONZO1_WIDTH:266
634 319  1071
900 315  1886
630 409  2614
888 412  3428
Воспроизведение
642 317  4604
894 325  5218
635 393  6049
925 389  7001
PONZO1_WIDTH:247
641 319  925
876 319  1649
650 416  2306
886 415  3108
Воспроизведение
635 324  4248
908 315  5066
647 396  5720
886 383  6478
PONZO1_WIDTH:209
657 321  927
858 317  1552
652 417  2265
875 410  3133
Воспроизведение
654 316  4383
878 313  5261
668 399  6196
905 399  7014
NO_ILLUSION0_WIDTH:247
650 254  1442
896 251  2115
650 486  2828
886 485  3805
Воспроизведение
634 262  5130
890 263  5832
618 444  6612
874 449  7551
NO_ILLUSION0_WIDTH:171
678 252  861
862 255  1491
679 483  2214
846 487  2967
Воспроизведение
676 256  4166
878 255  4843
676 439  5676
850 443  6580
NO_ILLUSION0_WIDTH:266
637 248  913
901 251  1646
630 486  2384
894 485  3610
Воспроизведение
633 247  4610
897 239  5403
626 440  6158
882 435  7116
NO_ILLUSION0_WIDTH:247
650 241  1017
898 253  1812
645 488  2565
895 480  3563
Воспроизведение
637 259  4882
874 255  5673
640 439  6572
894 442  7453
NO_ILLUSION0_WIDTH:171
682 255  797
849 258  1533
674 488  2307
853 484  3110
Воспроизведение
668 260  4589
886 257  5319
674 464  6653
860 465  7325
NO_ILLUSION0_WIDTH:152
678 250  1012
850 252  1551
702 486  2130
702 486  2130
702 486  2186
834 487  3072
Воспроизведение
677 264  4371
862 267  5041
678 471  5903
857 470  6627
NO_ILLUSION0_WIDTH:152
689 251  1184
846 250  1694
702 486  2509
853 491  3182
Воспроизведение
682 263  4506
841 266  5135
676 444  6029
846 447  6858
NO_ILLUSION0_WIDTH:209
664 251  1149
870 250  1852
666 484  2611
869 483  3501
Воспроизведение
662 275  4802
878 270  5513
670 451  6276
894 450  7301
NO_ILLUSION0_WIDTH:209
659 256  950
879 247  1508
668 482  2361
872 477  3145
Воспроизведение
655 259  4553
927 260  5389
650 409  6095
906 413  6995
NO_ILLUSION0_WIDTH:266
631 247  1076
894 255  1820
646 486  2605
915 491  3674
Воспроизведение
632 261  4712
935 264  5627
626 456  6350
899 463  7238
