не показывать курсор
тип стимула PONZOTOP
перпендикулярные отрезки в Оппель-Кундта каждые... пикс 19
высота перпендикулярных отрезков в Оппель-Кундта 20
угол стрелок 45
длина стрелок 20
длина штанги (1я часть) 1 152
длина штанги (1я часть) 2 171
длина штанги (1я часть) 3 209
длина штанги (1я часть) 4 247
длина штанги (1я часть) 5 266
длина штанги (1я часть) 6 152
длина штанги (1я часть) 7 171
длина штанги (1я часть) 8 209
длина штанги (1я часть) 9 247
длина штанги (1я часть) 10 266
длина штанги (2я часть) 1 152
длина штанги (2я часть) 2 171
длина штанги (2я часть) 3 209
длина штанги (2я часть) 4 247
длина штанги (2я часть) 5 266
длина штанги (2я часть) 6 152
длина штанги (2я часть) 7 171
длина штанги (2я часть) 8 209
длина штанги (2я часть) 9 247
длина штанги (2я часть) 10 266
длина "закрывашек" 20
расстояние между линиями 240
расстояние до рельсов Понзо 20
ширина линий 4
всего опытов 20
PONZO1_WIDTH:209
750 323  15318
865 321  16043
673 417  17483
862 416  18467
Воспроизведение
680 307  20803
849 313  21508
680 436  22395
857 433  23288
PONZO1_WIDTH:152
694 316  5159
842 316  6126
704 417  6971
845 415  7759
Воспроизведение
701 305  9564
853 310  10260
702 441  11359
870 442  12000
PONZO1_WIDTH:152
701 315  2059
835 315  2955
698 415  4125
846 412  5205
Воспроизведение
702 315  7257
841 323  8074
706 444  9248
842 439  9934
PONZO1_WIDTH:247
650 321  2895
883 322  4130
652 418  5054
893 416  6164
Воспроизведение
651 326  7517
877 320  8283
654 447  9184
880 450  10123
PONZO1_WIDTH:266
646 318  1637
892 319  2588
642 416  4898
895 412  5981
Воспроизведение
650 334  7588
894 332  8416
612 452  9371
902 451  10302
PONZO1_WIDTH:247
646 310  3687
882 315  4572
650 415  5447
881 413  6248
Воспроизведение
658 327  7788
897 334  8517
651 443  9438
887 447  10253
PONZO1_WIDTH:171
685 323  1306
852 315  2167
688 415  2993
854 415  3764
Воспроизведение
702 328  5151
871 329  5801
702 417  6595
878 422  7337
PONZO1_WIDTH:266
642 316  1333
895 322  2251
630 419  3112
901 415  4214
Воспроизведение
650 327  5597
879 330  6408
649 432  7327
880 439  8049
PONZO1_WIDTH:171
687 321  1268
846 319  2072
682 416  2847
854 416  3510
Воспроизведение
683 316  4794
849 318  5473
678 427  6334
858 431  7181
PONZO1_WIDTH:209
662 321  1311
863 322  2106
662 423  2934
870 421  3677
Воспроизведение
660 330  4874
873 336  5604
678 435  6495
862 435  7277
NO_ILLUSION0_WIDTH:152
690 258  1132
840 251  1772
700 487  2781
843 481  3558
Воспроизведение
684 247  4596
838 249  5247
692 485  6185
838 485  6929
NO_ILLUSION0_WIDTH:247
637 250  1202
889 251  2135
647 489  3090
893 482  3859
Воспроизведение
650 250  5091
872 262  5823
659 500  6855
878 508  7640
NO_ILLUSION0_WIDTH:171
678 257  1127
849 245  2009
688 493  2892
855 491  3533
Воспроизведение
678 250  4681
845 246  5381
682 504  6297
862 499  7054
NO_ILLUSION0_WIDTH:209
653 253  959
866 247  1696
670 487  2566
869 484  3299
Воспроизведение
657 264  4455
862 264  5290
650 503  6372
849 499  7145
NO_ILLUSION0_WIDTH:171
682 245  1022
852 252  1677
683 481  2463
857 485  3003
Воспроизведение
677 272  4158
844 273  4839
666 511  5740
846 515  6329
NO_ILLUSION0_WIDTH:152
680 243  856
835 243  1722
701 491  2595
848 487  3150
Воспроизведение
698 265  4252
846 255  5002
690 504  5812
851 505  6375
NO_ILLUSION0_WIDTH:266
629 245  1118
907 256  2083
631 487  2986
898 484  3962
Воспроизведение
642 261  5352
893 264  6095
622 495  7010
880 498  7779
NO_ILLUSION0_WIDTH:247
645 258  965
886 252  1745
650 485  2858
893 484  3794
Воспроизведение
647 249  5650
886 255  6484
636 483  7493
886 484  8327
NO_ILLUSION0_WIDTH:266
630 250  1123
902 250  1933
640 484  3002
896 487  3933
Воспроизведение
639 250  5236
883 251  5966
626 490  6913
874 500  7617
NO_ILLUSION0_WIDTH:209
656 247  1059
874 245  1904
669 490  2737
866 487  3424
Воспроизведение
678 258  4619
860 257  5308
654 495  6212
854 493  6983
