не показывать курсор
тип стимула PONZOTOP
перпендикулярные отрезки в Оппель-Кундта каждые... пикс 19
высота перпендикулярных отрезков в Оппель-Кундта 20
угол стрелок 45
длина стрелок 20
длина штанги (1я часть) 1 152
длина штанги (1я часть) 2 171
длина штанги (1я часть) 3 209
длина штанги (1я часть) 4 247
длина штанги (1я часть) 5 266
длина штанги (1я часть) 6 152
длина штанги (1я часть) 7 171
длина штанги (1я часть) 8 209
длина штанги (1я часть) 9 247
длина штанги (1я часть) 10 266
длина штанги (2я часть) 1 152
длина штанги (2я часть) 2 171
длина штанги (2я часть) 3 209
длина штанги (2я часть) 4 247
длина штанги (2я часть) 5 266
длина штанги (2я часть) 6 152
длина штанги (2я часть) 7 171
длина штанги (2я часть) 8 209
длина штанги (2я часть) 9 247
длина штанги (2я часть) 10 266
длина "закрывашек" 20
расстояние между линиями 240
расстояние до рельсов Понзо 20
ширина линий 4
всего опытов 20
PONZO1_WIDTH:266
635 313  3040
885 324  3881
638 419  4658
890 411  5409
Воспроизведение
644 321  6773
902 322  7518
650 435  8325
927 418  9155
PONZO1_WIDTH:209
658 314  1228
863 323  1914
664 419  2699
858 415  3425
Воспроизведение
679 315  4763
879 328  5603
680 427  6476
898 420  7291
PONZO1_WIDTH:171
676 314  1242
845 321  1770
676 423  2499
847 419  3077
Воспроизведение
700 311  4636
874 317  5252
692 435  6139
904 415  6725
PONZO1_WIDTH:247
641 319  1304
889 329  1990
626 417  2669
889 421  3331
Воспроизведение
637 307  4673
891 315  5385
626 421  6100
933 417  6827
PONZO1_WIDTH:171
677 318  1104
844 323  1606
677 424  2214
858 424  2772
Воспроизведение
685 300  4186
863 306  4707
674 423  5504
892 435  6135
PONZO1_WIDTH:152
687 317  1192
839 325  1658
689 415  2265
846 427  2714
Воспроизведение
691 316  4254
861 324  4808
686 431  5543
886 433  6161
PONZO1_WIDTH:247
638 320  1071
877 322  1646
626 415  2363
894 413  3061
Воспроизведение
632 312  4464
894 316  5212
619 416  5960
887 425  6854
PONZO1_WIDTH:209
655 320  1057
865 317  1541
650 421  2176
869 425  2705
Воспроизведение
644 326  4356
857 327  4955
636 423  5678
889 426  6502
PONZO1_WIDTH:266
625 315  1229
897 317  1900
624 424  2520
897 419  3124
Воспроизведение
625 330  4248
895 332  4905
596 427  5542
898 429  6259
PONZO1_WIDTH:152
694 321  964
845 323  1378
686 419  1988
865 425  2479
Воспроизведение
681 319  3873
859 324  4379
674 419  5073
875 422  5678
NO_ILLUSION0_WIDTH:247
634 243  1120
890 249  1726
636 484  2465
900 486  3143
Воспроизведение
617 255  4401
896 260  5022
622 491  5810
903 489  6518
NO_ILLUSION0_WIDTH:247
638 246  1067
890 265  1604
646 489  2308
900 499  3032
Воспроизведение
624 245  5093
897 253  5735
617 481  6789
902 491  7388
NO_ILLUSION0_WIDTH:171
678 243  1099
853 250  1540
677 484  2237
856 492  2792
Воспроизведение
667 248  3929
860 259  4443
669 499  5435
871 511  6008
NO_ILLUSION0_WIDTH:171
680 247  1115
844 255  1512
678 490  2281
863 481  2756
Воспроизведение
678 246  4066
860 246  4518
674 503  5510
878 500  6032
NO_ILLUSION0_WIDTH:152
695 250  1131
859 251  1457
699 487  2241
848 491  2598
Воспроизведение
678 247  3924
851 250  4294
676 479  5105
849 479  5569
NO_ILLUSION0_WIDTH:209
657 241  1107
879 261  1559
658 488  2344
873 488  2934
Воспроизведение
650 251  4342
885 250  4937
645 501  5870
880 503  6431
NO_ILLUSION0_WIDTH:266
623 255  1173
907 255  1707
624 489  2425
906 487  3000
Воспроизведение
628 226  4548
900 226  5103
634 510  6019
906 515  6719
NO_ILLUSION0_WIDTH:266
629 244  1278
922 249  1845
626 490  2536
907 489  3282
Воспроизведение
621 243  4659
909 245  5281
623 516  6093
910 515  6892
NO_ILLUSION0_WIDTH:152
680 239  1125
859 263  1551
684 483  2175
844 495  2634
Воспроизведение
683 239  4016
838 245  4447
677 503  5372
855 507  5964
NO_ILLUSION0_WIDTH:209
651 251  1170
879 247  1671
654 483  2395
872 487  2968
Воспроизведение
650 235  4377
877 241  4905
649 506  5731
892 510  6360
