не показывать курсор
тип стимула PONZOTOP
перпендикулярные отрезки в Оппель-Кундта каждые... пикс 19
высота перпендикулярных отрезков в Оппель-Кундта 20
угол стрелок 45
длина стрелок 20
длина штанги (1я часть) 1 152
длина штанги (1я часть) 2 171
длина штанги (1я часть) 3 209
длина штанги (1я часть) 4 247
длина штанги (1я часть) 5 266
длина штанги (1я часть) 6 152
длина штанги (1я часть) 7 171
длина штанги (1я часть) 8 209
длина штанги (1я часть) 9 247
длина штанги (1я часть) 10 266
длина штанги (2я часть) 1 152
длина штанги (2я часть) 2 171
длина штанги (2я часть) 3 209
длина штанги (2я часть) 4 247
длина штанги (2я часть) 5 266
длина штанги (2я часть) 6 152
длина штанги (2я часть) 7 171
длина штанги (2я часть) 8 209
длина штанги (2я часть) 9 247
длина штанги (2я часть) 10 266
длина "закрывашек" 20
расстояние между линиями 240
расстояние до рельсов Понзо 20
ширина линий 4
всего опытов 20
PONZO1_WIDTH:247
650 320  1938
897 329  2764
658 421  3542
890 429  4197
Воспроизведение
673 321  5532
878 328  6252
672 447  7013
899 455  7697
PONZO1_WIDTH:152
701 330  906
837 332  1428
702 415  2120
837 425  2754
Воспроизведение
698 327  4099
850 332  4742
699 429  5667
844 439  6303
PONZO1_WIDTH:266
654 323  1045
890 325  1869
641 423  2510
893 427  3306
Воспроизведение
653 321  4722
892 336  5505
666 446  6317
891 462  7058
PONZO1_WIDTH:171
702 325  916
843 326  1582
698 420  2245
844 427  2806
Воспроизведение
690 327  4189
862 334  4900
708 442  5811
867 450  6431
PONZO1_WIDTH:247
658 317  1138
897 327  1938
652 418  2569
886 428  3481
Воспроизведение
661 338  5272
885 347  6006
650 469  6791
878 481  7637
PONZO1_WIDTH:266
646 321  1030
893 326  1936
645 419  2631
897 427  3439
Воспроизведение
680 329  4654
923 336  5604
676 441  6496
893 456  7267
PONZO1_WIDTH:209
677 319  799
877 327  1356
676 419  2099
869 429  2785
Воспроизведение
694 334  4033
909 342  4846
710 439  5603
899 452  6321
PONZO1_WIDTH:171
691 324  832
854 328  1397
698 418  2103
846 427  2743
Воспроизведение
720 339  4003
893 347  4762
738 417  5517
933 434  6189
PONZO1_WIDTH:152
707 327  744
842 335  1243
699 427  1869
839 431  2443
Воспроизведение
700 343  4044
849 347  4729
692 444  5632
869 449  6467
PONZO1_WIDTH:209
681 327  1046
864 329  1837
677 418  2490
865 423  3274
Воспроизведение
655 346  5365
849 364  5979
654 469  6684
856 485  7259
NO_ILLUSION0_WIDTH:152
695 256  868
858 249  1314
694 485  1946
860 493  2422
Воспроизведение
706 251  3683
865 251  4233
723 507  5059
887 515  5686
NO_ILLUSION0_WIDTH:247
654 251  803
890 257  1488
655 487  2131
900 495  2812
Воспроизведение
662 261  3824
888 270  4519
653 484  5282
878 499  5931
NO_ILLUSION0_WIDTH:171
688 255  759
862 262  1273
688 490  1927
855 495  2555
Воспроизведение
686 273  3784
868 275  4706
689 439  5629
875 458  6303
NO_ILLUSION0_WIDTH:209
667 247  814
879 266  1403
673 491  2059
874 499  2680
Воспроизведение
654 290  4061
870 305  4846
690 529  5758
871 539  6491
NO_ILLUSION0_WIDTH:266
639 248  894
901 258  1541
638 483  2146
918 503  2795
Воспроизведение
638 267  4083
902 275  4743
643 511  5542
904 520  6208
NO_ILLUSION0_WIDTH:266
643 258  775
913 266  1342
641 485  2011
905 491  2648
Воспроизведение
634 273  3759
909 283  4419
645 501  5151
895 519  5870
NO_ILLUSION0_WIDTH:209
670 248  741
883 261  1222
664 488  1880
872 495  2505
Воспроизведение
666 273  3662
868 285  4496
684 523  5265
876 531  5830
NO_ILLUSION0_WIDTH:152
700 249  799
853 254  1286
700 497  1962
852 494  2418
Воспроизведение
698 278  3782
883 279  4513
704 479  5361
866 486  6090
NO_ILLUSION0_WIDTH:247
650 257  907
894 265  1514
648 495  2195
898 495  2885
Воспроизведение
652 259  6750
900 277  7326
680 455  8134
871 479  8562
NO_ILLUSION0_WIDTH:171
685 246  923
879 256  1398
690 487  1982
877 499  2383
Воспроизведение
682 272  3431
880 281  3956
711 491  4670
888 495  5146
