не показывать курсор
тип стимула PONZOTOP
перпендикулярные отрезки в Оппель-Кундта каждые... пикс 19
высота перпендикулярных отрезков в Оппель-Кундта 20
угол стрелок 45
длина стрелок 20
длина штанги (1я часть) 1 152
длина штанги (1я часть) 2 171
длина штанги (1я часть) 3 209
длина штанги (1я часть) 4 247
длина штанги (1я часть) 5 266
длина штанги (1я часть) 6 152
длина штанги (1я часть) 7 171
длина штанги (1я часть) 8 209
длина штанги (1я часть) 9 247
длина штанги (1я часть) 10 266
длина штанги (2я часть) 1 152
длина штанги (2я часть) 2 171
длина штанги (2я часть) 3 209
длина штанги (2я часть) 4 247
длина штанги (2я часть) 5 266
длина штанги (2я часть) 6 152
длина штанги (2я часть) 7 171
длина штанги (2я часть) 8 209
длина штанги (2я часть) 9 247
длина штанги (2я часть) 10 266
длина "закрывашек" 20
расстояние между линиями 240
расстояние до рельсов Понзо 20
ширина линий 4
всего опытов 20
PONZO1_WIDTH:247
650 311  2088
879 306  2546
653 424  3125
877 418  3923
Воспроизведение
630 298  5101
875 316  5607
626 423  6046
869 415  6582
PONZO1_WIDTH:266
626 331  830
882 311  1460
625 419  1979
894 422  2701
Воспроизведение
626 265  4319
919 271  4889
636 388  5423
894 399  5964
PONZO1_WIDTH:209
670 315  943
870 320  1390
660 415  1888
872 425  2466
Воспроизведение
666 296  3691
922 298  4139
642 417  4662
890 415  5111
PONZO1_WIDTH:152
694 327  870
862 323  1258
702 426  1733
829 413  2233
Воспроизведение
675 311  3333
887 317  3720
677 446  4282
872 432  4722
PONZO1_WIDTH:171
679 318  1114
858 313  1572
694 418  2250
854 421  2833
Воспроизведение
676 310  3932
886 311  4434
674 433  4951
871 425  5488
PONZO1_WIDTH:152
691 325  984
866 325  1432
694 407  1964
849 421  2394
Воспроизведение
710 301  3378
911 307  3763
722 431  4348
879 441  4763
PONZO1_WIDTH:247
642 323  909
902 318  1416
628 420  1963
902 420  2533
Воспроизведение
668 299  3544
927 295  3992
657 430  4516
917 420  4990
PONZO1_WIDTH:209
663 320  877
869 318  1336
674 415  1979
867 419  2465
Воспроизведение
667 295  3483
910 289  3908
676 410  4400
890 395  4857
PONZO1_WIDTH:266
632 319  941
900 322  1457
631 419  1983
902 425  2487
Воспроизведение
641 290  3496
902 302  4034
650 402  4522
871 411  4980
PONZO1_WIDTH:171
677 323  960
855 315  1397
675 429  1910
850 419  2383
Воспроизведение
689 298  3479
897 302  3906
676 403  4424
860 395  4865
NO_ILLUSION0_WIDTH:152
688 241  925
846 247  1335
691 491  1916
862 487  2296
Воспроизведение
699 230  3362
870 239  3758
682 444  4261
845 443  4705
NO_ILLUSION0_WIDTH:247
634 244  955
888 255  1445
649 491  1948
892 491  2454
Воспроизведение
697 247  3535
935 259  4009
693 440  4526
929 444  5047
NO_ILLUSION0_WIDTH:171
662 245  969
871 247  1472
683 488  1973
850 490  2477
Воспроизведение
677 240  3637
880 243  4119
688 452  4668
868 442  5113
NO_ILLUSION0_WIDTH:152
694 245  925
842 251  1316
691 489  1918
853 487  2343
Воспроизведение
702 248  3606
914 263  3984
703 446  4456
867 447  4864
NO_ILLUSION0_WIDTH:266
633 243  1016
880 245  1646
631 484  2225
905 490  2884
Воспроизведение
653 268  3994
922 289  4591
666 459  5123
918 451  5644
NO_ILLUSION0_WIDTH:171
676 251  968
849 259  1409
677 491  2018
863 487  2508
Воспроизведение
684 258  3757
874 261  4228
677 443  4780
878 445  5281
NO_ILLUSION0_WIDTH:266
634 246  1037
906 243  1641
625 480  2204
896 494  2862
Воспроизведение
668 235  3977
935 256  4404
671 463  5000
901 466  5444
NO_ILLUSION0_WIDTH:209
648 255  930
874 252  1435
672 479  1964
866 495  2461
Воспроизведение
674 242  3691
888 257  4183
666 437  4723
868 452  5300
NO_ILLUSION0_WIDTH:247
634 251  895
889 254  1499
647 484  2082
897 489  2709
Воспроизведение
666 230  3738
942 246  4249
676 463  4865
926 456  5492
NO_ILLUSION0_WIDTH:209
675 246  1126
885 252  1632
665 487  2191
871 491  2740
Воспроизведение
678 223  3885
922 227  4432
675 454  4938
890 463  5474
