не показывать курсор
тип стимула PONZOTOP
перпендикулярные отрезки в Оппель-Кундта каждые... пикс 19
высота перпендикулярных отрезков в Оппель-Кундта 20
угол стрелок 45
длина стрелок 20
длина штанги (1я часть) 1 152
длина штанги (1я часть) 2 171
длина штанги (1я часть) 3 209
длина штанги (1я часть) 4 247
длина штанги (1я часть) 5 266
длина штанги (1я часть) 6 152
длина штанги (1я часть) 7 171
длина штанги (1я часть) 8 209
длина штанги (1я часть) 9 247
длина штанги (1я часть) 10 266
длина штанги (2я часть) 1 152
длина штанги (2я часть) 2 171
длина штанги (2я часть) 3 209
длина штанги (2я часть) 4 247
длина штанги (2я часть) 5 266
длина штанги (2я часть) 6 152
длина штанги (2я часть) 7 171
длина штанги (2я часть) 8 209
длина штанги (2я часть) 9 247
длина штанги (2я часть) 10 266
длина "закрывашек" 20
расстояние между линиями 240
расстояние до рельсов Понзо 20
ширина линий 4
всего опытов 20
PONZO1_WIDTH:209
672 309  3508
885 309  3930
661 416  4372
870 416  4860
Воспроизведение
662 300  6065
919 303  6458
660 406  6913
882 407  7290
PONZO1_WIDTH:266
643 325  877
930 317  1299
627 413  1781
903 415  2227
Воспроизведение
669 299  3125
926 279  3503
670 405  4005
908 415  4384
PONZO1_WIDTH:171
701 326  1016
878 315  1341
678 422  1759
855 420  2107
Воспроизведение
679 299  3173
903 292  3550
697 399  4019
863 407  4286
PONZO1_WIDTH:247
646 319  904
901 319  1337
653 409  1792
889 420  2201
Воспроизведение
651 322  3298
910 339  3677
659 444  4147
899 447  4525
PONZO1_WIDTH:171
674 315  1023
866 328  1420
691 418  1813
848 413  2127
Воспроизведение
686 308  3287
908 309  3676
706 420  4087
898 412  4505
PONZO1_WIDTH:247
648 319  1115
910 310  1556
647 413  1979
900 412  2498
Воспроизведение
658 300  3595
936 308  4028
659 416  4412
897 409  4838
PONZO1_WIDTH:152
698 326  893
878 333  1192
707 415  1687
862 411  1956
Воспроизведение
694 302  3074
880 302  3373
702 422  3796
852 415  4079
PONZO1_WIDTH:209
665 310  1000
895 329  1377
675 425  1862
867 425  2193
Воспроизведение
669 322  3304
907 319  3682
674 419  4248
897 411  4597
PONZO1_WIDTH:266
637 314  924
921 316  1352
646 408  1807
904 413  2241
Воспроизведение
675 323  3242
899 330  3683
702 434  4201
891 418  4547
PONZO1_WIDTH:152
679 313  1159
853 322  1473
681 407  1902
859 405  2215
Воспроизведение
688 307  3310
899 301  3605
681 411  4063
862 407  4409
NO_ILLUSION0_WIDTH:209
671 250  1101
894 252  1414
649 479  1855
876 483  2250
Воспроизведение
691 267  3537
898 279  3867
678 483  4353
873 461  4667
NO_ILLUSION0_WIDTH:266
634 255  1067
933 250  1415
626 483  1886
898 483  2298
Воспроизведение
666 257  3464
911 268  3794
672 472  4265
900 463  4581
NO_ILLUSION0_WIDTH:171
678 254  863
868 254  1159
678 494  1584
851 484  1930
Воспроизведение
692 235  3197
872 236  3499
694 514  4048
848 495  4364
NO_ILLUSION0_WIDTH:266
628 242  1113
924 248  1474
637 476  1960
892 485  2353
Воспроизведение
654 261  3622
898 254  3981
654 469  4497
873 462  4866
NO_ILLUSION0_WIDTH:247
650 255  957
889 260  1350
644 491  1774
881 484  2184
Воспроизведение
631 263  4434
887 259  4842
653 431  5313
863 409  5728
NO_ILLUSION0_WIDTH:247
661 241  1486
913 259  1896
636 479  2460
873 479  2963
Воспроизведение
646 236  4169
934 244  4531
644 430  4986
882 424  5347
NO_ILLUSION0_WIDTH:152
686 247  1082
868 248  1396
698 477  1884
864 487  2181
Воспроизведение
694 236  3450
854 238  3717
677 476  4234
834 463  4554
NO_ILLUSION0_WIDTH:171
685 238  975
866 254  1274
686 488  1759
865 483  2121
Воспроизведение
703 240  3705
899 246  3993
711 423  4446
868 421  4692
NO_ILLUSION0_WIDTH:152
697 245  1105
862 243  1437
683 486  1829
851 487  2113
Воспроизведение
700 245  3337
875 260  3667
714 447  4216
829 442  4404
NO_ILLUSION0_WIDTH:209
664 246  1095
874 266  1519
670 482  2005
890 482  2366
Воспроизведение
689 235  3730
936 244  4138
710 404  4625
906 405  4955
