не показывать курсор
тип стимула PONZOTOP
перпендикулярные отрезки в Оппель-Кундта каждые... пикс 19
высота перпендикулярных отрезков в Оппель-Кундта 20
угол стрелок 45
длина стрелок 20
длина штанги (1я часть) 1 152
длина штанги (1я часть) 2 171
длина штанги (1я часть) 3 209
длина штанги (1я часть) 4 247
длина штанги (1я часть) 5 266
длина штанги (1я часть) 6 152
длина штанги (1я часть) 7 171
длина штанги (1я часть) 8 209
длина штанги (1я часть) 9 247
длина штанги (1я часть) 10 266
длина штанги (2я часть) 1 152
длина штанги (2я часть) 2 171
длина штанги (2я часть) 3 209
длина штанги (2я часть) 4 247
длина штанги (2я часть) 5 266
длина штанги (2я часть) 6 152
длина штанги (2я часть) 7 171
длина штанги (2я часть) 8 209
длина штанги (2я часть) 9 247
длина штанги (2я часть) 10 266
длина "закрывашек" 20
расстояние между линиями 240
расстояние до рельсов Понзо 20
ширина линий 4
всего опытов 20
PONZO1_WIDTH:266
627 319  10788
906 321  12395
635 423  13406
901 415  15035
Воспроизведение
626 327  17225
929 299  18945
606 428  19861
901 415  21329
PONZO1_WIDTH:171
681 333  1259
854 309  2617
682 419  3604
848 417  5006
Воспроизведение
672 326  6502
854 312  7640
702 435  8783
871 435  9950
PONZO1_WIDTH:247
646 323  1103
879 319  2446
650 416  3187
882 411  4749
Воспроизведение
649 325  6043
892 312  7273
648 428  8312
884 419  9747
PONZO1_WIDTH:152
696 316  960
834 313  2032
700 419  2922
838 415  4121
Воспроизведение
678 325  5384
866 318  6472
664 452  7271
854 449  8575
PONZO1_WIDTH:209
667 319  822
862 314  2102
671 420  2874
867 415  4405
Воспроизведение
647 337  5633
877 328  6880
653 442  7668
870 426  9092
PONZO1_WIDTH:247
649 321  855
880 312  2349
644 420  3231
883 417  5032
Воспроизведение
630 314  6403
874 307  7759
640 401  8760
886 393  10192
PONZO1_WIDTH:266
645 314  801
890 307  2156
642 418  3146
898 416  4635
Воспроизведение
618 312  5741
894 296  6957
622 407  7839
899 404  9038
PONZO1_WIDTH:209
664 318  973
863 310  2493
672 425  3294
866 414  4807
Воспроизведение
649 312  5935
882 298  7184
678 418  7969
898 405  9436
PONZO1_WIDTH:171
679 311  959
852 312  2081
687 429  2868
855 411  3991
Воспроизведение
678 329  5266
858 313  6641
691 417  7499
878 405  8754
PONZO1_WIDTH:152
688 319  1038
834 317  2205
699 424  3172
858 411  4546
Воспроизведение
686 326  5712
860 305  6941
684 412  7871
870 406  9290
NO_ILLUSION0_WIDTH:152
692 260  5574
840 257  6845
689 490  7820
840 485  9114
Воспроизведение
686 265  10614
857 263  11826
694 499  12756
858 484  14208
NO_ILLUSION0_WIDTH:152
695 264  1877
838 257  3047
697 497  4117
836 486  5443
Воспроизведение
674 261  6877
842 254  7768
694 494  8627
861 479  9925
NO_ILLUSION0_WIDTH:171
675 257  1185
841 255  2453
686 497  3631
842 492  4672
Воспроизведение
675 247  6642
862 246  7968
686 467  8821
865 465  10362
NO_ILLUSION0_WIDTH:171
679 259  2836
843 257  4053
685 496  5185
855 483  6472
Воспроизведение
672 266  7806
854 258  8848
671 474  9857
848 467  11532
NO_ILLUSION0_WIDTH:209
656 259  38730
865 246  40418
667 502  41494
866 491  43019
Воспроизведение
651 253  44249
884 240  45907
666 504  46869
888 504  48994
NO_ILLUSION0_WIDTH:266
631 264  1591
894 258  3841
638 490  4864
904 491  7010
Воспроизведение
623 264  8950
895 251  10567
642 469  11365
929 471  13592
NO_ILLUSION0_WIDTH:247
639 256  1465
883 252  3706
649 497  4823
896 489  7053
Воспроизведение
NO_ILLUSION0_WIDTH:247
650 256  2646
890 245  4558
630 498  5802
886 499  8441
Воспроизведение
604 263  10870
899 263  13062
598 490  14197
937 499  16957
NO_ILLUSION0_WIDTH:209
668 263  4943
866 254  6775
668 496  8067
870 491  10366
Воспроизведение
625 265  12986
870 257  14992
629 511  16534
874 510  20703
NO_ILLUSION0_WIDTH:266
631 256  4183
900 253  6536
635 493  7701
895 501  9672
Воспроизведение
623 259  11087
923 259  13139
639 467  14199
926 473  16911
