не показывать курсор
тип стимула PONZOTOP
перпендикулярные отрезки в Оппель-Кундта каждые... пикс 19
высота перпендикулярных отрезков в Оппель-Кундта 20
угол стрелок 45
длина стрелок 20
длина штанги (1я часть) 1 152
длина штанги (1я часть) 2 171
длина штанги (1я часть) 3 209
длина штанги (1я часть) 4 247
длина штанги (1я часть) 5 266
длина штанги (1я часть) 6 152
длина штанги (1я часть) 7 171
длина штанги (1я часть) 8 209
длина штанги (1я часть) 9 247
длина штанги (1я часть) 10 266
длина штанги (2я часть) 1 152
длина штанги (2я часть) 2 171
длина штанги (2я часть) 3 209
длина штанги (2я часть) 4 247
длина штанги (2я часть) 5 266
длина штанги (2я часть) 6 152
длина штанги (2я часть) 7 171
длина штанги (2я часть) 8 209
длина штанги (2я часть) 9 247
длина штанги (2я часть) 10 266
длина "закрывашек" 20
расстояние между линиями 240
расстояние до рельсов Понзо 20
ширина линий 4
всего опытов 20
PONZO1_WIDTH:247
646 319  65588
894 318  68579
650 416  70162
889 418  73217
Воспроизведение
583 307  80504
721 305  81793
579 302  85577
891 299  87639
598 372  93253
906 371  96073
PONZO1_WIDTH:171
682 319  11587
850 319  13007
682 418  14567
854 421  16357
Воспроизведение
627 307  22910
828 304  24339
626 387  26006
818 381  27767
PONZO1_WIDTH:171
684 316  3984
855 320  5787
682 416  7285
854 416  9112
Воспроизведение
651 304  12367
887 300  14357
679 383  16758
878 381  18720
PONZO1_WIDTH:152
698 320  3491
846 314  5559
696 416  7018
848 417  8710
Воспроизведение
699 332  11465
877 325  13440
704 395  15278
882 382  17407
PONZO1_WIDTH:209
670 317  11298
874 319  13888
671 414  15350
874 416  17870
Воспроизведение
648 315  21096
884 309  23586
635 386  25274
635 386  25274
635 386  25465
901 389  28276
PONZO1_WIDTH:152
698 321  3029
844 317  4480
727 415  6416
843 412  8544
Воспроизведение
660 307  11468
866 305  13455
680 371  15333
842 369  17247
PONZO1_WIDTH:266
635 314  3852
900 313  7967
634 420  9655
903 419  13073
Воспроизведение
630 307  15362
906 300  18289
624 386  19752
926 382  22701
PONZO1_WIDTH:209
675 314  2394
873 315  4465
666 415  6093
877 414  8483
Воспроизведение
648 322  10686
881 319  12811
676 403  14799
858 393  16880
PONZO1_WIDTH:247
650 323  2793
894 312  5597
650 413  7620
896 415  10504
Воспроизведение
627 315  13000
926 304  15694
754 372  18597
927 367  20436
PONZO1_WIDTH:266
638 315  3102
902 319  6465
639 416  8258
903 417  11215
Воспроизведение
634 319  14888
928 320  18008
646 410  19636
942 405  22247
NO_ILLUSION0_WIDTH:209
669 249  9713
872 246  12545
666 481  14633
876 488  17123
Воспроизведение
660 253  19139
918 245  21447
656 463  22997
902 471  25616
NO_ILLUSION0_WIDTH:152
694 255  3867
839 250  6317
698 489  8493
841 492  10563
Воспроизведение
695 262  14771
855 259  17011
677 474  18747
883 472  21139
NO_ILLUSION0_WIDTH:247
652 245  3165
887 248  6129
650 491  7862
904 489  10873
Воспроизведение
646 247  12921
899 241  15713
650 469  19136
894 472  21808
NO_ILLUSION0_WIDTH:209
666 250  2725
875 245  5892
702 491  8017
868 487  10201
Воспроизведение
675 255  12469
885 246  14731
664 471  16456
877 473  18783
NO_ILLUSION0_WIDTH:266
646 247  3234
897 249  5968
702 483  8138
Воспроизведение
902 486  10706
658 262  12262
958 251  15042
665 479  16639
966 478  19507
NO_ILLUSION0_WIDTH:171
677 252  3902
853 251  6897
683 479  8599
859 489  11179
Воспроизведение
693 253  12898
874 245  15162
678 442  16762
857 443  19330
NO_ILLUSION0_WIDTH:171
686 251  2631
850 243  4790
697 486  6279
854 491  8440
Воспроизведение
689 252  10246
874 249  12274
752 481  14141
905 476  15864
NO_ILLUSION0_WIDTH:152
699 248  2072
845 246  3810
700 487  5452
854 489  7257
Воспроизведение
704 257  9057
868 254  10927
705 463  12506
853 463  14573
NO_ILLUSION0_WIDTH:266
639 247  3589
898 251  6791
637 486  8278
904 489  11407
Воспроизведение
640 246  13228
930 251  16078
648 459  17423
943 463  20620
NO_ILLUSION0_WIDTH:247
651 247  2426
893 251  5548
650 489  6874
886 491  9483
Воспроизведение
654 263  11792
916 252  14401
650 443  15660
931 440  18528
