не показывать курсор
тип стимула PONZOTOP
перпендикулярные отрезки в Оппель-Кундта каждые... пикс 19
высота перпендикулярных отрезков в Оппель-Кундта 20
угол стрелок 45
длина стрелок 20
длина штанги (1я часть) 1 152
длина штанги (1я часть) 2 171
длина штанги (1я часть) 3 209
длина штанги (1я часть) 4 247
длина штанги (1я часть) 5 266
длина штанги (1я часть) 6 152
длина штанги (1я часть) 7 171
длина штанги (1я часть) 8 209
длина штанги (1я часть) 9 247
длина штанги (1я часть) 10 266
длина штанги (2я часть) 1 152
длина штанги (2я часть) 2 171
длина штанги (2я часть) 3 209
длина штанги (2я часть) 4 247
длина штанги (2я часть) 5 266
длина штанги (2я часть) 6 152
длина штанги (2я часть) 7 171
длина штанги (2я часть) 8 209
длина штанги (2я часть) 9 247
длина штанги (2я часть) 10 266
длина "закрывашек" 20
расстояние между линиями 240
расстояние до рельсов Понзо 20
ширина линий 4
всего опытов 20
PONZO1_WIDTH:247
650 308  11350
894 315  12522
648 415  13386
897 415  14492
Воспроизведение
678 308  15977
882 311  17001
685 391  17835
896 385  19102
PONZO1_WIDTH:209
670 316  1417
861 321  2669
663 411  3514
867 409  4920
Воспроизведение
698 308  6484
889 311  7689
703 395  8635
906 390  10032
PONZO1_WIDTH:209
658 311  1648
867 317  2702
671 414  3615
873 416  4909
Воспроизведение
681 310  6658
891 314  7961
706 383  8872
898 374  10007
PONZO1_WIDTH:266
645 315  1338
882 323  2375
638 410  3101
896 412  4047
Воспроизведение
638 313  5299
880 308  6331
674 399  7126
915 393  8232
PONZO1_WIDTH:171
682 312  1243
846 315  2001
693 416  2658
842 408  3332
Воспроизведение
704 312  5096
866 311  5836
703 388  6686
886 371  7604
PONZO1_WIDTH:266
646 309  1103
890 315  2034
641 409  2757
895 411  4009
Воспроизведение
675 318  5196
922 318  6321
680 401  7151
924 396  8240
PONZO1_WIDTH:247
646 311  1102
872 311  2286
650 410  3169
898 411  4210
Воспроизведение
675 307  5548
905 303  6828
692 387  7685
911 382  8705
PONZO1_WIDTH:152
702 314  1136
834 319  1799
701 407  2365
836 405  2996
Воспроизведение
703 299  4148
849 297  4857
707 391  5566
858 383  6436
PONZO1_WIDTH:171
699 312  1104
832 317  1767
688 415  2436
834 408  3206
Воспроизведение
703 300  4522
854 298  5352
702 388  6108
866 373  6961
PONZO1_WIDTH:152
692 305  1244
834 311  1955
700 408  2728
829 411  3535
Воспроизведение
702 299  5037
851 298  5881
717 387  6737
864 379  7685
NO_ILLUSION0_WIDTH:247
654 239  901
879 244  1864
650 483  2861
887 483  3873
Воспроизведение
663 227  4846
906 222  6044
661 427  7051
899 419  8314
NO_ILLUSION0_WIDTH:247
648 242  1059
886 251  2104
648 487  3087
894 483  4207
Воспроизведение
663 215  5846
901 210  7019
702 434  8578
900 428  9557
NO_ILLUSION0_WIDTH:171
680 241  991
848 240  1751
686 486  2586
851 488  3297
Воспроизведение
702 235  4289
853 226  5119
727 411  6023
894 412  6973
NO_ILLUSION0_WIDTH:209
671 238  976
866 237  1942
673 475  3001
876 486  4038
Воспроизведение
681 232  5415
884 227  6585
709 437  7653
899 435  8536
NO_ILLUSION0_WIDTH:266
642 245  1071
899 243  2057
647 487  3093
899 484  4202
Воспроизведение
644 231  5334
883 239  6281
634 447  7303
883 453  8409
NO_ILLUSION0_WIDTH:152
699 238  1011
832 236  1689
703 483  2564
837 485  3379
Воспроизведение
706 233  4507
836 233  5104
713 471  6080
862 471  6838
NO_ILLUSION0_WIDTH:152
682 239  946
857 247  1624
696 486  2458
848 486  3405
Воспроизведение
702 231  4513
852 233  5226
679 492  6292
850 479  7128
NO_ILLUSION0_WIDTH:209
670 237  961
864 241  1785
667 483  2706
865 487  3509
Воспроизведение
666 231  4625
872 235  5585
674 478  6466
888 471  7367
NO_ILLUSION0_WIDTH:266
644 243  920
902 240  1955
638 483  2828
895 482  3728
Воспроизведение
650 231  5064
880 234  5978
656 488  6893
907 485  7949
NO_ILLUSION0_WIDTH:171
690 235  1039
848 247  1608
676 483  2520
849 481  3325
Воспроизведение
680 243  4569
849 244  5232
703 465  6203
883 462  7004
