не показывать курсор
тип стимула PONZOTOP
перпендикулярные отрезки в Оппель-Кундта каждые... пикс 19
высота перпендикулярных отрезков в Оппель-Кундта 20
угол стрелок 45
длина стрелок 20
длина штанги (1я часть) 1 152
длина штанги (1я часть) 2 171
длина штанги (1я часть) 3 209
длина штанги (1я часть) 4 247
длина штанги (1я часть) 5 266
длина штанги (1я часть) 6 152
длина штанги (1я часть) 7 171
длина штанги (1я часть) 8 209
длина штанги (1я часть) 9 247
длина штанги (1я часть) 10 266
длина штанги (2я часть) 1 152
длина штанги (2я часть) 2 171
длина штанги (2я часть) 3 209
длина штанги (2я часть) 4 247
длина штанги (2я часть) 5 266
длина штанги (2я часть) 6 152
длина штанги (2я часть) 7 171
длина штанги (2я часть) 8 209
длина штанги (2я часть) 9 247
длина штанги (2я часть) 10 266
длина "закрывашек" 20
расстояние между линиями 240
расстояние до рельсов Понзо 20
ширина линий 4
всего опытов 20
PONZO1_WIDTH:266
677 323  6334
898 318  7662
648 417  8893
896 419  10361
Воспроизведение
637 301  12036
866 321  13250
633 405  14290
902 416  15521
PONZO1_WIDTH:266
630 314  1123
630 314  1123
630 314  1188
894 323  2700
642 413  3744
895 416  5434
Воспроизведение
659 311  6929
903 323  8485
656 415  9709
925 415  11256
PONZO1_WIDTH:152
694 316  1058
842 326  1942
690 417  2997
838 418  4103
Воспроизведение
700 311  5349
858 316  6532
703 412  7684
882 411  8993
PONZO1_WIDTH:152
691 320  1229
841 320  2192
699 414  3877
846 417  5032
Воспроизведение
706 308  6436
846 315  7524
722 404  8799
867 404  9731
PONZO1_WIDTH:209
664 320  1164
864 326  2331
665 412  3372
872 417  4556
Воспроизведение
686 308  5573
859 314  6618
676 402  7817
864 399  9017
PONZO1_WIDTH:171
685 318  944
842 322  1770
687 413  2667
859 412  3566
Воспроизведение
703 301  4883
864 310  5920
706 397  7156
881 396  8257
PONZO1_WIDTH:209
662 321  1104
853 323  2034
663 414  3198
867 419  4396
Воспроизведение
678 299  5665
855 300  6683
703 387  8241
878 380  9400
PONZO1_WIDTH:171
682 307  1022
848 323  2095
678 416  3125
845 414  4009
Воспроизведение
706 298  6022
886 299  7168
721 398  8919
878 396  9941
PONZO1_WIDTH:247
647 323  1296
883 321  2446
646 415  3421
893 417  4762
Воспроизведение
686 319  9380
854 321  10408
661 410  11785
871 411  13049
PONZO1_WIDTH:247
650 318  1205
879 323  2547
652 413  3539
883 417  4928
Воспроизведение
657 303  6163
860 314  7374
702 407  8627
872 405  9508
NO_ILLUSION0_WIDTH:247
646 256  1056
875 252  2118
650 482  3212
882 481  4468
Воспроизведение
650 244  5885
867 243  6864
654 422  8003
873 429  9071
NO_ILLUSION0_WIDTH:152
701 252  1023
836 251  1843
694 487  3099
842 483  3888
Воспроизведение
706 240  5410
846 243  6197
706 443  7315
878 446  8322
NO_ILLUSION0_WIDTH:247
650 251  943
876 251  2130
648 483  3391
887 485  4596
Воспроизведение
650 243  6044
866 239  7125
666 447  8373
896 439  9572
NO_ILLUSION0_WIDTH:266
633 251  901
893 248  2257
642 485  3438
898 486  4776
Воспроизведение
642 241  6722
868 238  7701
636 439  8954
875 445  9987
NO_ILLUSION0_WIDTH:171
679 248  1074
843 253  1942
682 484  5184
849 491  6170
685 255  8157
854 248  9122
Воспроизведение
694 235  10917
848 232  11802
702 445  12996
862 443  14022
NO_ILLUSION0_WIDTH:209
703 248  1439
865 251  2370
670 491  3754
870 487  5032
Воспроизведение
674 245  6611
865 243  7667
688 442  9004
893 443  10109
NO_ILLUSION0_WIDTH:209
665 251  1023
863 249  2002
670 486  3355
859 485  4384
Воспроизведение
674 247  6346
887 252  7483
678 450  8896
896 448  10035
NO_ILLUSION0_WIDTH:152
697 247  991
824 247  1733
690 484  3044
826 490  3755
Воспроизведение
705 249  5236
858 244  6198
718 444  7585
874 448  8468
NO_ILLUSION0_WIDTH:171
680 247  913
850 252  1884
683 484  3014
857 491  4009
Воспроизведение
693 246  5761
838 241  6543
688 445  8029
864 446  9023
NO_ILLUSION0_WIDTH:266
628 244  1010
898 247  2553
646 483  3860
896 487  5310
Воспроизведение
678 244  6902
863 250  7961
630 471  9232
862 474  10843
