не показывать курсор
тип стимула PONZOTOP
перпендикулярные отрезки в Оппель-Кундта каждые... пикс 19
высота перпендикулярных отрезков в Оппель-Кундта 20
угол стрелок 45
длина стрелок 20
длина штанги (1я часть) 1 152
длина штанги (1я часть) 2 171
длина штанги (1я часть) 3 209
длина штанги (1я часть) 4 247
длина штанги (1я часть) 5 266
длина штанги (1я часть) 6 152
длина штанги (1я часть) 7 171
длина штанги (1я часть) 8 209
длина штанги (1я часть) 9 247
длина штанги (1я часть) 10 266
длина штанги (2я часть) 1 152
длина штанги (2я часть) 2 171
длина штанги (2я часть) 3 209
длина штанги (2я часть) 4 247
длина штанги (2я часть) 5 266
длина штанги (2я часть) 6 152
длина штанги (2я часть) 7 171
длина штанги (2я часть) 8 209
длина штанги (2я часть) 9 247
длина штанги (2я часть) 10 266
длина "закрывашек" 20
расстояние между линиями 240
расстояние до рельсов Понзо 20
ширина линий 4
всего опытов 20
PONZO1_WIDTH:266
633 315  24911
880 320  25909
633 418  26854
896 419  28010
Воспроизведение
599 331  31267
797 331  32071
610 439  33079
841 436  33825
PONZO1_WIDTH:171
683 322  3327
850 323  4227
683 414  5016
846 423  5836
Воспроизведение
676 340  7449
798 330  7937
676 430  8584
815 424  9269
PONZO1_WIDTH:209
661 324  2240
858 316  3826
674 418  4798
866 415  5964
Воспроизведение
651 335  7241
855 333  8190
664 442  8882
882 419  9686
PONZO1_WIDTH:209
665 319  1614
867 315  2748
672 419  3677
865 419  4624
Воспроизведение
632 330  6058
826 332  6863
650 417  7672
854 405  8382
PONZO1_WIDTH:152
698 323  1511
839 321  2457
701 419  3384
844 421  4209
Воспроизведение
676 329  5782
810 332  6573
685 432  7771
852 422  8616
PONZO1_WIDTH:171
684 317  1780
842 315  2742
686 410  3942
848 416  5050
Воспроизведение
678 334  6659
824 331  7621
680 412  8594
854 414  9491
PONZO1_WIDTH:266
639 319  1432
894 315  2695
645 422  3595
897 422  4747
Воспроизведение
630 327  5928
855 319  6685
627 419  7710
890 419  8564
PONZO1_WIDTH:247
650 309  1307
886 320  2379
649 419  3151
888 411  4161
Воспроизведение
650 329  5390
876 332  6142
670 440  6844
919 427  7712
PONZO1_WIDTH:247
650 325  1055
884 323  1969
651 416  2711
898 419  3822
Воспроизведение
645 316  5079
862 322  5792
648 431  6547
899 426  7353
PONZO1_WIDTH:152
698 313  1385
838 321  2032
694 419  2787
844 419  3687
Воспроизведение
665 332  4899
815 341  5366
666 440  6026
855 438  6471
NO_ILLUSION0_WIDTH:247
649 253  1179
882 247  2284
650 491  3272
898 492  4314
Воспроизведение
615 252  5736
878 243  6601
649 464  7673
914 475  8701
NO_ILLUSION0_WIDTH:152
690 247  1340
837 246  2165
701 486  3156
846 492  4089
Воспроизведение
665 264  5353
809 266  5991
672 508  6993
819 511  7750
NO_ILLUSION0_WIDTH:152
697 248  1538
841 243  2677
702 488  3825
853 489  4901
Воспроизведение
672 261  6113
813 266  6870
698 503  7834
837 501  8576
NO_ILLUSION0_WIDTH:266
640 249  1243
897 249  2653
646 483  3707
907 482  4907
Воспроизведение
621 256  5995
866 243  6880
655 483  7695
888 485  8599
NO_ILLUSION0_WIDTH:266
639 247  1367
899 250  2512
646 483  3520
907 487  4870
Воспроизведение
616 271  6126
851 264  7064
625 479  8018
886 470  8998
NO_ILLUSION0_WIDTH:171
678 248  1377
852 247  2496
686 483  3520
853 487  4609
Воспроизведение
662 259  6077
818 262  6834
678 511  7669
854 501  8427
NO_ILLUSION0_WIDTH:247
649 245  1448
884 248  2853
650 485  4047
898 491  5719
Воспроизведение
613 267  7079
826 261  8089
626 483  9003
884 478  10174
NO_ILLUSION0_WIDTH:209
661 251  1668
864 254  2837
672 490  3797
877 483  5218
Воспроизведение
648 251  6623
849 251  7426
650 502  8434
868 488  9415
NO_ILLUSION0_WIDTH:209
670 245  1213
865 248  2319
671 484  3265
878 489  4684
Воспроизведение
634 258  6054
852 248  7318
659 485  8263
875 483  9400
NO_ILLUSION0_WIDTH:171
679 246  1450
847 251  2525
687 483  3424
862 487  4728
Воспроизведение
656 257  6059
830 260  6880
652 499  7776
851 489  8550
