не показывать курсор
тип стимула PONZOTOP
перпендикулярные отрезки в Оппель-Кундта каждые... пикс 19
высота перпендикулярных отрезков в Оппель-Кундта 20
угол стрелок 45
длина стрелок 20
длина штанги (1я часть) 1 152
длина штанги (1я часть) 2 171
длина штанги (1я часть) 3 209
длина штанги (1я часть) 4 247
длина штанги (1я часть) 5 266
длина штанги (1я часть) 6 152
длина штанги (1я часть) 7 171
длина штанги (1я часть) 8 209
длина штанги (1я часть) 9 247
длина штанги (1я часть) 10 266
длина штанги (2я часть) 1 152
длина штанги (2я часть) 2 171
длина штанги (2я часть) 3 209
длина штанги (2я часть) 4 247
длина штанги (2я часть) 5 266
длина штанги (2я часть) 6 152
длина штанги (2я часть) 7 171
длина штанги (2я часть) 8 209
длина штанги (2я часть) 9 247
длина штанги (2я часть) 10 266
длина "закрывашек" 20
расстояние между линиями 240
расстояние до рельсов Понзо 20
ширина линий 4
всего опытов 20
PONZO1_WIDTH:247
655 309  3458
882 315  4734
645 413  5630
886 415  6840
Воспроизведение
628 351  8384
854 344  9108
658 442  9943
884 455  10884
PONZO1_WIDTH:266
637 323  1623
889 319  2538
630 414  3282
890 419  4310
Воспроизведение
631 331  5941
862 328  6532
638 435  7304
892 430  8127
PONZO1_WIDTH:266
645 314  1324
896 313  2220
636 411  3151
893 413  4524
Воспроизведение
618 324  6007
858 327  6862
647 415  7539
902 418  8391
PONZO1_WIDTH:209
650 311  866
860 315  1628
650 409  2384
860 416  3490
Воспроизведение
652 319  4591
854 324  5174
678 426  5870
884 427  6614
PONZO1_WIDTH:247
647 312  1244
881 319  2033
674 404  2522
890 415  3673
Воспроизведение
648 328  4854
878 327  5454
652 425  6148
900 422  6907
PONZO1_WIDTH:152
686 309  999
846 317  1577
691 413  2224
850 417  2886
Воспроизведение
687 320  4151
850 323  4752
694 419  5476
849 421  6079
PONZO1_WIDTH:171
686 313  1047
845 316  1680
676 415  2300
837 415  2880
Воспроизведение
671 319  4092
831 325  4630
666 415  5207
854 425  5858
PONZO1_WIDTH:209
670 313  917
862 319  1452
660 410  2065
874 416  2852
Воспроизведение
671 313  4185
854 318  4790
672 419  5498
910 416  6327
PONZO1_WIDTH:171
675 314  1039
842 316  1654
678 411  2237
853 415  2981
Воспроизведение
661 320  3970
858 315  4482
667 416  4971
878 415  5600
PONZO1_WIDTH:152
696 313  968
852 320  1633
680 416  2270
840 418  3071
Воспроизведение
667 323  4453
848 323  5076
673 427  5602
891 431  6360
NO_ILLUSION0_WIDTH:209
649 255  1686
862 255  2649
675 482  3468
863 487  4194
Воспроизведение
650 238  5125
851 242  5806
672 479  6427
884 481  7255
NO_ILLUSION0_WIDTH:171
687 251  1324
841 254  1922
680 487  2774
839 484  3328
Воспроизведение
650 257  4512
837 259  5144
690 499  5744
858 491  6252
NO_ILLUSION0_WIDTH:247
646 252  1254
878 251  2078
658 484  2833
882 487  3669
Воспроизведение
623 267  4645
878 273  5214
662 484  5813
913 470  6592
NO_ILLUSION0_WIDTH:152
690 242  1181
837 251  1926
700 472  2761
841 483  3533
Воспроизведение
665 262  4722
826 256  5332
696 471  5994
886 472  6515
NO_ILLUSION0_WIDTH:209
656 242  1967
857 255  3119
665 491  3845
858 490  4651
Воспроизведение
641 255  5870
858 257  6470
657 472  7006
921 461  7590
NO_ILLUSION0_WIDTH:247
632 245  1023
885 252  1954
630 475  2506
Воспроизведение
885 487  3516
610 264  4277
868 263  5052
649 497  5705
927 487  6460
NO_ILLUSION0_WIDTH:266
640 251  1024
897 255  1759
625 478  2508
896 489  3217
Воспроизведение
610 243  4099
881 250  4707
638 467  5234
891 460  5833
NO_ILLUSION0_WIDTH:266
629 239  849
899 244  1798
650 491  2806
891 473  4042
Воспроизведение
638 257  5069
853 254  5614
642 470  6295
900 463  7036
NO_ILLUSION0_WIDTH:152
694 250  947
835 245  1458
699 481  2114
851 487  2596
Воспроизведение
670 259  3990
836 256  4505
694 492  4998
694 492  4998
694 492  5030
850 491  5795
NO_ILLUSION0_WIDTH:171
682 246  1170
852 250  1928
674 477  2746
858 486  3455
Воспроизведение
677 253  4824
858 257  5393
694 492  6242
880 495  7016
