не показывать курсор
тип стимула PONZOTOP
перпендикулярные отрезки в Оппель-Кундта каждые... пикс 19
высота перпендикулярных отрезков в Оппель-Кундта 20
угол стрелок 45
длина стрелок 20
длина штанги (1я часть) 1 152
длина штанги (1я часть) 2 171
длина штанги (1я часть) 3 209
длина штанги (1я часть) 4 247
длина штанги (1я часть) 5 266
длина штанги (1я часть) 6 152
длина штанги (1я часть) 7 171
длина штанги (1я часть) 8 209
длина штанги (1я часть) 9 247
длина штанги (1я часть) 10 266
длина штанги (2я часть) 1 152
длина штанги (2я часть) 2 171
длина штанги (2я часть) 3 209
длина штанги (2я часть) 4 247
длина штанги (2я часть) 5 266
длина штанги (2я часть) 6 152
длина штанги (2я часть) 7 171
длина штанги (2я часть) 8 209
длина штанги (2я часть) 9 247
длина штанги (2я часть) 10 266
длина "закрывашек" 20
расстояние между линиями 240
расстояние до рельсов Понзо 20
ширина линий 4
всего опытов 20
PONZO1_WIDTH:247
650 324  2823
889 307  4045
666 409  4550
666 409  4550
666 409  4591
890 413  6110
Воспроизведение
625 303  7982
892 282  8971
637 419  9914
848 413  10893
PONZO1_WIDTH:266
638 315  1479
900 306  2665
640 412  3747
899 411  5155
Воспроизведение
603 315  6660
938 292  8033
622 463  8954
886 444  10139
PONZO1_WIDTH:209
667 315  1434
876 315  2521
666 409  3053
666 409  3053
666 409  3103
870 412  4466
Воспроизведение
591 322  6074
826 315  7035
627 441  8031
832 431  9219
PONZO1_WIDTH:247
642 320  1234
883 315  2482
653 411  3142
653 411  3142
653 411  3175
890 408  4656
Воспроизведение
607 307  5804
858 309  6936
625 439  7880
884 419  9193
PONZO1_WIDTH:266
642 314  1302
902 318  2551
646 415  3454
904 410  4620
Воспроизведение
621 309  6241
886 303  7556
625 443  8363
875 425  9632
PONZO1_WIDTH:171
690 318  712
690 318  712
690 318  772
848 319  1822
698 410  2337
698 410  2337
698 410  2377
854 408  3420
Воспроизведение
658 315  4571
866 317  5515
671 449  6493
882 442  7704
PONZO1_WIDTH:152
701 322  1268
842 323  2097
698 410  2882
842 414  3681
Воспроизведение
639 288  4925
837 286  5758
669 416  6613
798 418  7332
PONZO1_WIDTH:209
661 321  1227
870 321  2547
670 418  3568
887 417  4815
Воспроизведение
628 300  6221
925 295  7540
626 436  8374
882 431  9679
PONZO1_WIDTH:171
689 315  1338
850 319  2272
698 410  3138
851 407  4063
Воспроизведение
647 312  5351
841 305  6304
642 412  7088
848 397  8132
PONZO1_WIDTH:152
699 314  1087
841 311  1932
698 410  2637
855 405  3535
Воспроизведение
630 290  4746
849 299  5781
651 417  6625
830 410  7666
NO_ILLUSION0_WIDTH:171
702 251  1412
846 250  2544
689 483  3850
854 490  5029
Воспроизведение
654 304  6349
888 300  7723
677 480  8687
852 479  9863
NO_ILLUSION0_WIDTH:209
673 247  1397
870 247  2709
672 484  4164
869 491  5485
Воспроизведение
650 303  6821
888 290  8144
650 437  9022
887 414  10327
NO_ILLUSION0_WIDTH:266
638 252  1323
899 247  2447
643 491  3590
887 481  4993
Воспроизведение
614 263  6526
898 260  7937
600 463  8916
881 440  10533
NO_ILLUSION0_WIDTH:266
642 248  1370
899 251  2745
646 488  4121
898 486  5549
Воспроизведение
580 255  7052
881 255  8407
581 467  9502
849 439  11011
NO_ILLUSION0_WIDTH:152
690 243  1308
842 250  2334
698 484  3664
839 482  4581
Воспроизведение
631 265  6197
846 263  7175
657 434  8155
855 429  9137
NO_ILLUSION0_WIDTH:247
650 246  1371
882 243  2667
654 482  3850
885 488  5396
Воспроизведение
543 285  6880
868 291  8400
547 466  9475
830 467  10965
NO_ILLUSION0_WIDTH:209
666 247  1478
874 250  2636
668 480  3773
874 491  4994
Воспроизведение
612 292  6236
899 309  7484
622 499  8471
870 503  9906
NO_ILLUSION0_WIDTH:247
652 241  1601
892 251  3351
650 488  4495
889 485  6006
Воспроизведение
594 263  7661
888 271  8956
586 477  10011
857 447  11432
NO_ILLUSION0_WIDTH:171
689 252  1800
853 255  2897
681 496  4064
855 487  5368
Воспроизведение
617 267  7726
834 269  8912
650 418  9950
844 412  11226
NO_ILLUSION0_WIDTH:152
700 250  1630
842 246  2511
699 485  3626
849 487  4677
Воспроизведение
641 285  6178
834 269  7157
646 455  8245
832 438  9450
