не показывать курсор
тип стимула PONZOTOP
перпендикулярные отрезки в Оппель-Кундта каждые... пикс 19
высота перпендикулярных отрезков в Оппель-Кундта 20
угол стрелок 45
длина стрелок 20
длина штанги (1я часть) 1 152
длина штанги (1я часть) 2 171
длина штанги (1я часть) 3 209
длина штанги (1я часть) 4 247
длина штанги (1я часть) 5 266
длина штанги (1я часть) 6 152
длина штанги (1я часть) 7 171
длина штанги (1я часть) 8 209
длина штанги (1я часть) 9 247
длина штанги (1я часть) 10 266
длина штанги (2я часть) 1 152
длина штанги (2я часть) 2 171
длина штанги (2я часть) 3 209
длина штанги (2я часть) 4 247
длина штанги (2я часть) 5 266
длина штанги (2я часть) 6 152
длина штанги (2я часть) 7 171
длина штанги (2я часть) 8 209
длина штанги (2я часть) 9 247
длина штанги (2я часть) 10 266
длина "закрывашек" 20
расстояние между линиями 240
расстояние до рельсов Понзо 20
ширина линий 4
всего опытов 20
PONZO1_WIDTH:152
695 310  7157
845 307  7893
692 418  8635
848 407  9434
Воспроизведение
657 305  11280
850 281  11990
652 400  12785
866 392  13719
PONZO1_WIDTH:171
685 311  1653
846 311  2290
694 415  3052
859 415  3824
Воспроизведение
625 293  5378
834 279  6096
653 396  6831
857 390  7755
PONZO1_WIDTH:266
649 319  1523
906 315  2665
646 419  3436
912 413  4504
Воспроизведение
615 275  5812
874 267  6745
629 395  7599
877 383  8713
PONZO1_WIDTH:209
677 319  1367
878 307  2231
650 414  2991
882 415  3854
Воспроизведение
612 275  5143
850 277  5996
609 422  6846
846 417  7941
PONZO1_WIDTH:266
648 318  1242
894 311  2417
630 416  3193
899 413  4300
Воспроизведение
611 273  5431
894 262  6391
625 403  7229
898 403  8271
PONZO1_WIDTH:247
645 305  1111
899 311  2181
640 417  2838
907 415  3854
Воспроизведение
647 306  5157
935 315  5957
635 434  6818
950 427  7949
PONZO1_WIDTH:209
671 325  1359
882 321  2465
663 417  3214
871 407  4158
Воспроизведение
598 316  5803
834 311  6738
600 434  7691
871 423  8698
PONZO1_WIDTH:171
694 315  1321
862 311  2085
682 412  2809
874 423  3547
Воспроизведение
655 303  5273
864 293  5947
664 431  6655
863 419  7543
PONZO1_WIDTH:152
712 315  1375
843 315  1925
704 416  2616
867 416  3254
Воспроизведение
637 286  5052
846 272  5760
630 392  6449
819 399  7140
PONZO1_WIDTH:247
656 313  1246
897 311  2208
647 415  2930
907 417  3820
Воспроизведение
610 302  5091
870 295  5873
595 434  6712
867 437  7700
NO_ILLUSION0_WIDTH:152
698 250  1204
846 253  1915
702 487  2658
846 486  3252
Воспроизведение
630 272  4753
823 266  5428
636 437  6356
826 431  7065
NO_ILLUSION0_WIDTH:247
647 255  1220
894 255  2109
665 496  2894
902 485  3711
Воспроизведение
626 261  5015
902 256  5922
610 447  6726
914 443  7552
NO_ILLUSION0_WIDTH:171
685 243  1201
868 246  1992
686 485  2782
856 487  3438
Воспроизведение
645 265  4887
856 263  5552
647 465  6286
839 476  6987
NO_ILLUSION0_WIDTH:247
653 246  1174
904 237  2029
653 490  2815
898 491  3660
Воспроизведение
603 271  5033
898 264  5941
630 477  6679
872 478  7515
NO_ILLUSION0_WIDTH:171
691 252  1352
863 244  2052
690 499  2892
866 485  3620
Воспроизведение
603 263  5160
790 253  5781
626 419  6710
793 436  7319
NO_ILLUSION0_WIDTH:266
646 249  1338
914 247  2345
646 483  3069
921 482  4083
Воспроизведение
638 239  5849
927 226  6882
651 436  7681
934 442  8731
NO_ILLUSION0_WIDTH:266
654 238  1695
900 240  2702
633 483  3447
902 488  4301
Воспроизведение
623 274  5752
934 264  6677
634 413  7549
941 405  8554
NO_ILLUSION0_WIDTH:209
665 239  1085
877 244  1892
654 483  2701
879 483  3528
Воспроизведение
600 272  4967
851 271  5678
622 435  6520
870 419  7425
NO_ILLUSION0_WIDTH:152
697 248  1185
854 246  1893
694 479  2573
866 491  3148
Воспроизведение
609 274  4745
823 269  5374
626 440  6117
824 439  6762
NO_ILLUSION0_WIDTH:209
665 243  1233
890 251  1961
676 484  2637
898 476  3418
Воспроизведение
594 255  4699
869 244  5509
617 442  6252
882 423  7258
