не показывать курсор
тип стимула PONZOTOP
перпендикулярные отрезки в Оппель-Кундта каждые... пикс 19
высота перпендикулярных отрезков в Оппель-Кундта 20
угол стрелок 45
длина стрелок 20
длина штанги (1я часть) 1 152
длина штанги (1я часть) 2 171
длина штанги (1я часть) 3 209
длина штанги (1я часть) 4 247
длина штанги (1я часть) 5 266
длина штанги (1я часть) 6 152
длина штанги (1я часть) 7 171
длина штанги (1я часть) 8 209
длина штанги (1я часть) 9 247
длина штанги (1я часть) 10 266
длина штанги (2я часть) 1 152
длина штанги (2я часть) 2 171
длина штанги (2я часть) 3 209
длина штанги (2я часть) 4 247
длина штанги (2я часть) 5 266
длина штанги (2я часть) 6 152
длина штанги (2я часть) 7 171
длина штанги (2я часть) 8 209
длина штанги (2я часть) 9 247
длина штанги (2я часть) 10 266
длина "закрывашек" 20
расстояние между линиями 240
расстояние до рельсов Понзо 20
ширина линий 4
всего опытов 20
PONZO1_WIDTH:247
642 319  9072
878 321  10539
649 422  11678
878 420  13187
Воспроизведение
633 314  14542
879 323  15740
647 447  16909
846 441  18238
PONZO1_WIDTH:209
660 320  1547
856 320  2922
662 415  4008
854 412  5065
Воспроизведение
657 318  6960
839 318  8235
641 432  9320
829 425  10642
PONZO1_WIDTH:266
630 317  1369
890 321  3058
629 413  4066
898 416  5944
Воспроизведение
634 319  7282
859 323  8733
610 427  9677
833 424  10954
PONZO1_WIDTH:152
691 316  1275
834 317  2395
686 415  3607
839 418  4778
Воспроизведение
694 320  6349
842 321  7327
693 431  8630
847 429  9698
PONZO1_WIDTH:247
641 314  1213
882 315  2586
647 418  3655
883 415  4939
Воспроизведение
652 311  6263
858 321  7402
632 405  8407
831 407  9593
PONZO1_WIDTH:209
660 317  1220
864 319  2474
669 412  3504
858 416  4671
Воспроизведение
675 318  6136
850 314  7177
650 401  8326
822 405  9397
PONZO1_WIDTH:171
678 321  1346
845 318  2498
682 414  3583
852 416  4909
Воспроизведение
679 312  6468
826 314  7493
674 404  8524
813 407  9607
PONZO1_WIDTH:171
681 317  1437
846 319  2883
677 415  3949
844 419  5056
Воспроизведение
678 320  6486
830 317  7653
676 414  8660
829 424  9858
PONZO1_WIDTH:266
630 311  1745
894 315  3614
638 414  4756
892 421  6300
Воспроизведение
648 335  7966
862 331  9371
623 443  10644
847 439  12200
PONZO1_WIDTH:152
693 311  1351
839 319  2415
694 416  3620
839 419  4693
Воспроизведение
706 315  6351
852 307  7505
704 393  8603
836 390  9930
NO_ILLUSION0_WIDTH:152
697 251  1483
837 250  2842
696 485  4116
835 489  5190
Воспроизведение
703 249  6638
853 251  7814
685 473  9116
854 466  10269
NO_ILLUSION0_WIDTH:247
647 253  1354
882 249  2907
643 491  4104
890 489  5509
Воспроизведение
646 250  6893
869 251  8080
651 529  9339
876 526  10583
NO_ILLUSION0_WIDTH:266
639 254  1180
895 248  2795
632 483  3977
892 488  5381
Воспроизведение
642 243  6641
886 243  7934
642 493  9210
901 498  10573
NO_ILLUSION0_WIDTH:209
660 254  1593
866 249  2824
657 487  4013
866 487  5210
Воспроизведение
662 259  6738
880 262  7873
661 522  9118
882 527  10274
NO_ILLUSION0_WIDTH:171
682 250  1261
850 251  2399
679 486  3538
849 492  4507
Воспроизведение
687 254  5821
850 253  6784
679 500  7805
862 508  8784
NO_ILLUSION0_WIDTH:247
641 251  1688
882 250  3124
646 489  4209
886 489  5333
Воспроизведение
645 238  6827
891 239  8137
629 508  9412
880 514  10563
NO_ILLUSION0_WIDTH:266
631 241  1158
902 245  2895
631 492  4079
898 486  5387
Воспроизведение
634 247  6835
882 243  8099
630 520  9489
883 525  10838
NO_ILLUSION0_WIDTH:171
689 251  1351
844 251  2359
682 484  3635
854 487  4754
Воспроизведение
692 244  6122
864 253  6941
682 490  8152
834 500  8915
NO_ILLUSION0_WIDTH:152
690 257  1421
844 250  2335
690 487  3830
831 484  4793
Воспроизведение
702 255  6431
857 255  7258
684 527  8289
822 538  9078
NO_ILLUSION0_WIDTH:209
658 259  1594
861 251  3005
665 484  4157
869 487  5301
Воспроизведение
658 262  6482
883 263  7717
675 512  8942
892 515  10175
