не показывать курсор
тип стимула PONZOTOP
перпендикулярные отрезки в Оппель-Кундта каждые... пикс 19
высота перпендикулярных отрезков в Оппель-Кундта 20
угол стрелок 45
длина стрелок 20
длина штанги (1я часть) 1 152
длина штанги (1я часть) 2 171
длина штанги (1я часть) 3 209
длина штанги (1я часть) 4 247
длина штанги (1я часть) 5 266
длина штанги (1я часть) 6 152
длина штанги (1я часть) 7 171
длина штанги (1я часть) 8 209
длина штанги (1я часть) 9 247
длина штанги (1я часть) 10 266
длина штанги (2я часть) 1 152
длина штанги (2я часть) 2 171
длина штанги (2я часть) 3 209
длина штанги (2я часть) 4 247
длина штанги (2я часть) 5 266
длина штанги (2я часть) 6 152
длина штанги (2я часть) 7 171
длина штанги (2я часть) 8 209
длина штанги (2я часть) 9 247
длина штанги (2я часть) 10 266
длина "закрывашек" 20
расстояние между линиями 240
расстояние до рельсов Понзо 20
ширина линий 4
всего опытов 20
PONZO1_WIDTH:266
638 327  35427
901 320  37210
633 416  38161
883 418  39622
Воспроизведение
602 295  42070
848 292  44278
602 404  45760
840 389  48238
PONZO1_WIDTH:209
669 323  3065
850 317  4462
661 411  5503
856 414  7171
Воспроизведение
655 321  8606
825 316  9901
653 414  11069
810 405  12755
PONZO1_WIDTH:171
691 311  2183
829 311  3843
677 426  5088
828 419  6686
Воспроизведение
654 326  12453
796 320  13859
624 419  15168
774 424  16433
PONZO1_WIDTH:247
640 315  1794
866 316  3278
642 414  4300
870 412  5744
Воспроизведение
649 317  7565
857 308  9175
629 402  10450
860 397  12262
PONZO1_WIDTH:266
624 316  1765
624 316  1765
624 316  1823
886 313  4005
625 422  5185
878 411  6822
Воспроизведение
620 323  8791
871 317  10925
599 426  12075
866 409  14066
PONZO1_WIDTH:247
639 314  2031
873 326  3850
651 424  5212
865 413  6851
Воспроизведение
636 322  8348
830 319  9828
608 412  11057
852 407  12398
PONZO1_WIDTH:171
677 323  1702
840 323  2926
682 415  3942
832 408  4880
Воспроизведение
682 319  6355
846 323  7414
674 408  8278
837 405  9383
PONZO1_WIDTH:152
692 331  2245
834 326  3549
683 417  4634
817 415  5470
Воспроизведение
677 316  7070
829 314  8204
687 417  9211
840 412  10283
PONZO1_WIDTH:209
652 328  1450
817 323  2389
652 326  3034
842 318  4124
659 413  4926
857 423  5934
Воспроизведение
658 323  7665
863 316  9069
647 407  10047
829 399  11393
PONZO1_WIDTH:152
685 312  1527
826 311  2598
692 406  3556
823 412  4535
Воспроизведение
651 307  7069
803 305  8047
644 441  9136
822 435  10273
NO_ILLUSION0_WIDTH:247
639 242  1890
866 244  3283
630 491  4260
863 485  5521
Воспроизведение
626 255  7590
917 250  9430
638 475  10736
902 458  12363
NO_ILLUSION0_WIDTH:171
678 247  1631
829 240  2690
681 480  3915
830 486  5448
Воспроизведение
678 242  7865
854 235  9142
694 494  10443
855 489  11516
NO_ILLUSION0_WIDTH:266
630 245  1703
878 244  3570
640 490  5302
879 489  7210
Воспроизведение
641 242  9212
864 245  11061
630 543  12777
887 534  14386
NO_ILLUSION0_WIDTH:171
678 249  2571
823 247  4000
677 491  5568
821 486  6721
Воспроизведение
676 251  17647
840 245  19095
677 513  20527
842 508  21790
NO_ILLUSION0_WIDTH:209
651 247  1583
854 243  3477
665 491  5032
844 490  6671
Воспроизведение
674 244  9062
898 238  10591
674 486  12134
896 480  13938
NO_ILLUSION0_WIDTH:247
640 240  1956
870 247  4354
627 487  5840
659 484  5903
745 510  6216
745 510  6216
641 488  6860
860 487  8218
Воспроизведение
651 254  9728
845 247  11135
619 532  12992
857 518  15225
NO_ILLUSION0_WIDTH:209
661 252  2129
846 255  3738
654 481  5090
843 485  6651
Воспроизведение
676 255  8401
850 249  9753
664 547  11618
881 543  13355
NO_ILLUSION0_WIDTH:152
696 270  1443
696 270  1443
698 249  1960
826 247  3082
690 483  4313
820 486  5420
Воспроизведение
691 257  7277
860 252  8633
681 519  9948
855 516  11421
NO_ILLUSION0_WIDTH:266
634 256  2220
875 255  4457
629 487  6032
874 488  7564
Воспроизведение
626 252  9122
898 253  11063
616 500  12344
870 495  14016
NO_ILLUSION0_WIDTH:152
684 240  2369
816 251  3648
676 481  4986
821 490  6280
Воспроизведение
674 244  7665
823 242  8711
679 489  9846
829 493  10968
