не показывать курсор
тип стимула PONZOTOP
перпендикулярные отрезки в Оппель-Кундта каждые... пикс 19
высота перпендикулярных отрезков в Оппель-Кундта 20
угол стрелок 45
длина стрелок 20
длина штанги (1я часть) 1 152
длина штанги (1я часть) 2 171
длина штанги (1я часть) 3 209
длина штанги (1я часть) 4 247
длина штанги (1я часть) 5 266
длина штанги (1я часть) 6 152
длина штанги (1я часть) 7 171
длина штанги (1я часть) 8 209
длина штанги (1я часть) 9 247
длина штанги (1я часть) 10 266
длина штанги (2я часть) 1 152
длина штанги (2я часть) 2 171
длина штанги (2я часть) 3 209
длина штанги (2я часть) 4 247
длина штанги (2я часть) 5 266
длина штанги (2я часть) 6 152
длина штанги (2я часть) 7 171
длина штанги (2я часть) 8 209
длина штанги (2я часть) 9 247
длина штанги (2я часть) 10 266
длина "закрывашек" 20
расстояние между линиями 240
расстояние до рельсов Понзо 20
ширина линий 4
всего опытов 20
PONZO1_WIDTH:247
646 320  3687
890 306  4441
650 418  5427
906 415  6104
Воспроизведение
629 309  7574
888 303  8346
648 419  9396
920 407  10543
PONZO1_WIDTH:266
908 319  1066
642 324  1993
907 430  2933
650 432  3860
Воспроизведение
916 325  5582
625 319  6731
906 430  7608
620 427  8867
PONZO1_WIDTH:152
690 318  1204
844 322  1847
689 421  2693
856 431  3339
Воспроизведение
695 318  4888
866 323  5454
702 432  6643
876 441  7382
PONZO1_WIDTH:171
874 426  1266
707 418  2008
878 322  2684
690 306  3330
Воспроизведение
855 426  4931
686 409  5549
857 315  6254
678 313  6978
PONZO1_WIDTH:247
649 427  1318
894 429  2122
647 313  3171
884 327  3926
Воспроизведение
644 421  5981
894 412  6767
614 314  7599
903 319  8403
PONZO1_WIDTH:209
878 427  1114
683 427  1852
884 327  2716
679 315  3595
Воспроизведение
878 415  5081
655 413  5948
875 327  6699
649 315  7722
PONZO1_WIDTH:266
636 416  1551
898 422  2529
633 312  3797
901 323  4839
Воспроизведение
630 411  6419
896 423  7167
604 310  8168
873 316  8845
PONZO1_WIDTH:152
832 322  1490
711 318  2182
855 426  3249
707 423  3863
Воспроизведение
857 321  5179
700 311  5823
878 424  6871
690 410  7594
PONZO1_WIDTH:171
679 420  1219
858 423  2018
678 308  2942
843 316  3663
Воспроизведение
694 421  5244
870 411  5857
677 323  6876
839 323  7553
PONZO1_WIDTH:209
880 431  1106
678 430  1999
880 327  3111
677 315  3976
Воспроизведение
870 425  5402
670 415  6034
891 326  6866
674 323  8042
NO_ILLUSION0_WIDTH:171
682 486  1192
862 487  1870
676 247  3043
859 250  3641
Воспроизведение
675 479  5317
838 482  5980
647 271  6903
817 273  7594
NO_ILLUSION0_WIDTH:209
880 489  1142
674 481  1979
879 247  2886
658 254  3703
Воспроизведение
869 484  5550
654 485  6260
866 263  7214
656 247  7969
NO_ILLUSION0_WIDTH:266
653 485  1426
901 485  2153
651 256  3334
897 259  4158
Воспроизведение
632 481  5582
886 483  6308
612 240  7483
874 253  8442
NO_ILLUSION0_WIDTH:152
849 494  1098
706 490  1791
837 247  2732
702 239  3299
Воспроизведение
848 483  4708
692 481  5402
853 241  6280
669 237  7053
NO_ILLUSION0_WIDTH:247
902 243  994
651 247  1702
921 498  2734
654 500  3488
Воспроизведение
901 268  4678
648 259  5323
881 483  6421
630 484  7244
NO_ILLUSION0_WIDTH:209
674 486  1206
872 492  1946
658 249  2964
863 253  3692
Воспроизведение
660 485  5523
858 498  6249
627 242  7439
851 247  8115
NO_ILLUSION0_WIDTH:247
910 255  1017
632 246  1821
906 489  2946
658 483  3829
Воспроизведение
898 259  5426
623 240  6229
879 477  7590
618 468  8361
NO_ILLUSION0_WIDTH:171
872 487  1177
690 488  1719
859 242  2533
671 239  3085
Воспроизведение
855 490  4934
697 498  5518
869 263  6315
662 253  7056
NO_ILLUSION0_WIDTH:152
694 243  1316
851 258  1818
701 489  2741
835 491  3229
Воспроизведение
680 251  4902
827 259  5422
690 499  6439
835 502  7007
NO_ILLUSION0_WIDTH:266
906 252  1282
625 242  2086
914 480  3071
649 481  3764
Воспроизведение
892 257  5359
607 248  6035
902 495  7224
605 498  8152
