не показывать курсор
тип стимула PONZOTOP
перпендикулярные отрезки в Оппель-Кундта каждые... пикс 19
высота перпендикулярных отрезков в Оппель-Кундта 20
угол стрелок 45
длина стрелок 20
длина штанги (1я часть) 1 152
длина штанги (1я часть) 2 171
длина штанги (1я часть) 3 209
длина штанги (1я часть) 4 247
длина штанги (1я часть) 5 266
длина штанги (1я часть) 6 152
длина штанги (1я часть) 7 171
длина штанги (1я часть) 8 209
длина штанги (1я часть) 9 247
длина штанги (1я часть) 10 266
длина штанги (2я часть) 1 152
длина штанги (2я часть) 2 171
длина штанги (2я часть) 3 209
длина штанги (2я часть) 4 247
длина штанги (2я часть) 5 266
длина штанги (2я часть) 6 152
длина штанги (2я часть) 7 171
длина штанги (2я часть) 8 209
длина штанги (2я часть) 9 247
длина штанги (2я часть) 10 266
длина "закрывашек" 20
расстояние между линиями 240
расстояние до рельсов Понзо 20
ширина линий 4
всего опытов 20
PONZO1_WIDTH:171
683 315  3840
850 318  4562
683 414  5284
850 419  6089
Воспроизведение
677 315  7669
850 319  8252
666 426  9301
849 426  10150
PONZO1_WIDTH:171
854 319  1455
686 321  2179
848 427  3275
681 416  4003
Воспроизведение
843 322  5653
698 312  6235
859 421  7285
684 411  8060
PONZO1_WIDTH:266
630 318  1630
903 315  2795
638 412  3797
898 415  4867
Воспроизведение
634 315  6355
897 321  7251
608 410  8506
878 418  9531
PONZO1_WIDTH:247
645 320  1568
898 322  2716
645 419  3608
889 418  4732
Воспроизведение
637 314  6327
918 322  7319
639 411  8776
878 414  9736
PONZO1_WIDTH:152
850 419  1205
694 423  2091
850 321  3142
703 323  3913
Воспроизведение
834 419  5823
670 417  6628
828 313  7662
663 315  8716
PONZO1_WIDTH:209
666 315  2368
882 319  3312
658 413  4300
875 414  5196
Воспроизведение
665 308  6705
882 309  7506
658 423  8368
882 419  9237
PONZO1_WIDTH:247
897 315  1441
654 315  2513
902 419  3818
647 411  4793
Воспроизведение
884 315  6284
641 313  7325
894 434  8591
639 430  9394
PONZO1_WIDTH:209
666 323  1660
868 316  2465
670 414  3531
866 413  4370
Воспроизведение
652 316  6058
879 325  6860
648 411  7983
865 419  8859
PONZO1_WIDTH:266
906 419  1175
646 419  2245
903 323  3249
642 323  4540
Воспроизведение
894 417  6217
618 425  7492
897 316  8917
593 323  10258
PONZO1_WIDTH:152
693 318  1992
845 319  2801
696 421  3951
848 418  4487
Воспроизведение
695 323  5707
846 323  6337
698 425  7058
859 416  7667
NO_ILLUSION0_WIDTH:266
902 488  1708
640 479  2704
906 251  4008
638 244  5098
Воспроизведение
904 476  6801
621 479  7824
913 227  8987
573 245  10309
NO_ILLUSION0_WIDTH:152
854 482  1375
695 495  1990
848 247  3069
696 251  3816
Воспроизведение
851 487  5316
700 491  5946
849 268  6933
668 268  7877
NO_ILLUSION0_WIDTH:209
879 488  1268
666 488  2306
874 246  3453
670 247  4361
Воспроизведение
861 477  6231
650 485  7010
853 255  7886
642 259  8752
NO_ILLUSION0_WIDTH:209
668 487  1582
878 483  2232
661 246  3280
878 250  4144
Воспроизведение
650 488  5758
874 481  6356
660 253  7358
874 256  8221
NO_ILLUSION0_WIDTH:266
639 487  1316
903 484  2149
640 241  3183
908 250  4094
Воспроизведение
625 486  5623
882 483  6475
622 248  7714
902 247  8750
NO_ILLUSION0_WIDTH:152
850 491  1252
698 490  1958
842 251  3135
702 251  3859
Воспроизведение
838 483  5241
682 477  5884
836 267  7187
654 269  8051
NO_ILLUSION0_WIDTH:171
684 486  1530
857 485  2144
678 245  3459
858 251  4270
Воспроизведение
676 483  5657
855 483  6319
674 254  7401
869 258  8519
NO_ILLUSION0_WIDTH:247
898 484  1351
651 487  2534
898 251  3774
642 257  4781
Воспроизведение
882 492  6708
649 496  7621
850 258  8686
611 253  9631
NO_ILLUSION0_WIDTH:247
649 254  1581
885 249  2497
650 480  3514
884 492  4190
Воспроизведение
630 249  5912
889 242  6701
633 451  7838
882 459  8750
NO_ILLUSION0_WIDTH:171
694 502  1439
854 500  2164
682 243  3233
858 247  3926
Воспроизведение
695 489  5648
856 489  6262
677 265  7313
854 267  8068
