не показывать курсор
тип стимула PONZOTOP
перпендикулярные отрезки в Оппель-Кундта каждые... пикс 19
высота перпендикулярных отрезков в Оппель-Кундта 20
угол стрелок 45
длина стрелок 20
длина штанги (1я часть) 1 152
длина штанги (1я часть) 2 171
длина штанги (1я часть) 3 209
длина штанги (1я часть) 4 247
длина штанги (1я часть) 5 266
длина штанги (1я часть) 6 152
длина штанги (1я часть) 7 171
длина штанги (1я часть) 8 209
длина штанги (1я часть) 9 247
длина штанги (1я часть) 10 266
длина штанги (2я часть) 1 152
длина штанги (2я часть) 2 171
длина штанги (2я часть) 3 209
длина штанги (2я часть) 4 247
длина штанги (2я часть) 5 266
длина штанги (2я часть) 6 152
длина штанги (2я часть) 7 171
длина штанги (2я часть) 8 209
длина штанги (2я часть) 9 247
длина штанги (2я часть) 10 266
длина "закрывашек" 20
расстояние между линиями 240
расстояние до рельсов Понзо 20
ширина линий 4
всего опытов 20
PONZO1_WIDTH:209
702 312  3617
868 315  4361
683 423  4919
870 414  6035
Воспроизведение
672 301  7882
889 279  8737
656 366  9582
888 340  10402
PONZO1_WIDTH:152
698 316  1299
854 309  2087
698 417  2823
853 414  3639
Воспроизведение
724 305  5424
880 291  6320
709 375  6992
872 367  7732
PONZO1_WIDTH:152
696 315  1301
854 303  2087
698 418  2979
833 412  3873
Воспроизведение
754 303  5787
838 301  6409
702 383  7272
847 379  7979
PONZO1_WIDTH:171
690 314  1581
848 320  2288
685 419  3101
838 414  3778
Воспроизведение
703 308  5737
862 289  6791
685 380  7684
849 379  8675
PONZO1_WIDTH:209
663 323  1240
862 317  2419
655 421  3202
870 412  4712
Воспроизведение
663 290  7436
890 283  8568
628 373  9527
889 366  11040
PONZO1_WIDTH:247
651 311  1395
882 318  2935
650 413  3937
880 419  5574
Воспроизведение
674 295  7424
926 299  8906
665 371  9801
891 368  11375
PONZO1_WIDTH:266
629 315  1603
897 313  3453
630 416  4408
900 415  6233
Воспроизведение
676 295  8641
910 288  10449
628 367  11467
889 361  13167
PONZO1_WIDTH:247
650 313  1176
886 313  3159
646 412  4255
901 415  6194
Воспроизведение
678 305  8203
914 293  9715
641 356  11017
920 346  12938
PONZO1_WIDTH:171
686 314  1482
844 314  2756
686 415  3824
867 413  5365
Воспроизведение
662 281  7759
858 272  9257
654 365  10150
854 355  11443
PONZO1_WIDTH:266
634 323  1818
902 319  4021
626 419  4835
897 412  7455
Воспроизведение
682 263  10052
948 259  11718
645 374  12516
910 363  14159
NO_ILLUSION0_WIDTH:247
650 251  1868
887 247  3522
650 481  4509
900 483  5752
Воспроизведение
628 247  7490
878 243  9155
625 422  10280
855 427  11542
NO_ILLUSION0_WIDTH:171
678 249  1632
850 251  2983
682 480  3829
851 486  5278
Воспроизведение
703 269  6829
901 260  7787
702 437  8726
878 434  9652
NO_ILLUSION0_WIDTH:247
634 238  1143
885 245  2509
659 477  3369
897 483  4451
Воспроизведение
658 241  6142
894 241  7381
614 399  8634
878 388  10005
NO_ILLUSION0_WIDTH:171
686 244  1666
858 247  2908
679 484  3973
856 483  5512
Воспроизведение
620 236  9078
874 221  10343
586 391  11643
850 381  13186
NO_ILLUSION0_WIDTH:209
670 243  2332
876 243  3671
658 488  4688
877 480  6279
Воспроизведение
662 283  8769
902 279  10216
634 380  11029
883 363  12389
NO_ILLUSION0_WIDTH:266
637 254  1639
905 245  3354
641 483  4232
902 479  5520
Воспроизведение
600 258  8418
877 245  9837
583 343  10806
583 343  10806
583 343  10837
811 330  12512
NO_ILLUSION0_WIDTH:152
699 247  1533
851 243  2997
700 484  4015
850 480  5386
Воспроизведение
674 232  8346
882 222  9673
668 335  10549
869 322  11904
NO_ILLUSION0_WIDTH:266
640 249  1487
903 246  3283
649 484  4241
903 483  5750
Воспроизведение
647 288  7912
939 278  9544
610 434  10373
897 427  12148
NO_ILLUSION0_WIDTH:209
663 251  1663
882 244  2968
664 483  3908
879 479  5136
Воспроизведение
642 251  7239
902 247  8421
650 407  9265
880 399  10601
NO_ILLUSION0_WIDTH:152
696 252  1474
852 254  2999
694 483  3969
848 481  4911
Воспроизведение
689 268  6184
959 257  7946
678 400  8747
883 390  10131
