не показывать курсор
тип стимула PONZOTOP
перпендикулярные отрезки в Оппель-Кундта каждые... пикс 19
высота перпендикулярных отрезков в Оппель-Кундта 20
угол стрелок 45
длина стрелок 20
длина штанги (1я часть) 1 152
длина штанги (1я часть) 2 171
длина штанги (1я часть) 3 209
длина штанги (1я часть) 4 247
длина штанги (1я часть) 5 266
длина штанги (1я часть) 6 152
длина штанги (1я часть) 7 171
длина штанги (1я часть) 8 209
длина штанги (1я часть) 9 247
длина штанги (1я часть) 10 266
длина штанги (2я часть) 1 152
длина штанги (2я часть) 2 171
длина штанги (2я часть) 3 209
длина штанги (2я часть) 4 247
длина штанги (2я часть) 5 266
длина штанги (2я часть) 6 152
длина штанги (2я часть) 7 171
длина штанги (2я часть) 8 209
длина штанги (2я часть) 9 247
длина штанги (2я часть) 10 266
длина "закрывашек" 20
расстояние между линиями 240
расстояние до рельсов Понзо 20
ширина линий 4
всего опытов 20
PONZO1_WIDTH:152
700 338  9372
844 329  9940
702 411  10692
842 415  11259
Воспроизведение
689 308  12810
819 301  13423
691 379  14174
691 379  14174
719 376  14331
830 367  14900
PONZO1_WIDTH:171
679 323  1189
854 307  1910
698 411  2731
850 417  3422
Воспроизведение
693 314  4968
814 307  5621
697 409  6404
824 406  7034
PONZO1_WIDTH:266
642 313  1134
895 319  2268
650 409  3021
898 411  3950
Воспроизведение
660 316  5423
896 309  6511
636 399  7419
878 389  8615
PONZO1_WIDTH:209
686 335  1598
872 325  2815
670 425  3962
879 423  5141
Воспроизведение
689 305  7879
871 299  9120
660 400  10032
856 387  11168
PONZO1_WIDTH:247
657 319  1423
896 323  2652
647 416  3387
893 422  4522
Воспроизведение
666 307  5953
666 307  5953
698 304  6072
896 299  7161
670 390  8089
891 383  9351
PONZO1_WIDTH:171
694 312  1228
858 312  2237
700 418  3076
871 415  4007
Воспроизведение
690 306  6737
846 303  7727
687 379  8479
866 389  9424
PONZO1_WIDTH:152
709 314  1277
856 319  2111
700 420  2926
850 418  3777
Воспроизведение
720 310  5436
870 307  6318
733 399  7195
880 399  7872
PONZO1_WIDTH:247
662 310  1161
890 327  2355
661 415  3149
885 416  4088
Воспроизведение
688 309  5294
878 296  6301
686 379  7225
905 386  8216
PONZO1_WIDTH:266
641 324  1674
902 318  3026
646 417  3919
900 421  5540
Воспроизведение
654 320  7609
875 312  8920
654 402  9934
818 405  10595
PONZO1_WIDTH:209
670 328  1442
874 323  2544
666 407  3428
878 412  4289
Воспроизведение
662 305  6064
872 305  7220
682 404  7934
859 399  8972
NO_ILLUSION0_WIDTH:209
678 262  830
678 262  830
678 262  893
868 252  2325
665 502  3186
860 496  4210
Воспроизведение
660 275  6188
861 270  7383
654 417  8403
842 407  9268
NO_ILLUSION0_WIDTH:171
687 259  1707
852 248  2699
682 483  3809
851 493  4770
Воспроизведение
666 290  6773
829 293  7858
668 407  8906
822 406  10006
NO_ILLUSION0_WIDTH:266
651 257  1883
902 256  2956
639 487  3847
902 491  4918
Воспроизведение
638 267  7719
881 266  8978
612 417  9823
878 405  11144
NO_ILLUSION0_WIDTH:247
656 245  1534
888 252  2699
656 471  3544
910 490  4726
Воспроизведение
615 274  7092
857 292  8224
630 401  9353
921 405  10615
NO_ILLUSION0_WIDTH:247
648 239  1616
879 241  2956
650 498  3897
897 498  4768
Воспроизведение
636 283  6709
880 287  7812
599 408  8705
863 416  9760
NO_ILLUSION0_WIDTH:152
694 251  1206
850 245  1978
702 489  2887
846 490  3659
Воспроизведение
673 267  5476
853 258  6375
665 370  7096
832 360  7727
NO_ILLUSION0_WIDTH:152
696 257  1130
846 252  1904
695 491  2756
844 496  3318
Воспроизведение
690 263  4792
849 254  5658
692 380  6581
826 379  7321
NO_ILLUSION0_WIDTH:209
669 247  1189
883 253  2479
681 480  3388
870 489  4334
Воспроизведение
654 284  6635
858 283  7736
632 450  8534
840 433  9511
NO_ILLUSION0_WIDTH:266
642 248  1128
898 248  2592
630 479  3640
896 491  4920
Воспроизведение
618 310  6406
848 304  7666
611 446  8463
847 446  9361
NO_ILLUSION0_WIDTH:171
690 242  1222
861 245  1978
692 477  3042
851 490  3769
Воспроизведение
675 280  5242
835 281  6163
666 417  6894
845 415  7838
