не показывать курсор
тип стимула PONZOTOP
перпендикулярные отрезки в Оппель-Кундта каждые... пикс 19
высота перпендикулярных отрезков в Оппель-Кундта 20
угол стрелок 45
длина стрелок 20
длина штанги (1я часть) 1 152
длина штанги (1я часть) 2 171
длина штанги (1я часть) 3 209
длина штанги (1я часть) 4 247
длина штанги (1я часть) 5 266
длина штанги (1я часть) 6 152
длина штанги (1я часть) 7 171
длина штанги (1я часть) 8 209
длина штанги (1я часть) 9 247
длина штанги (1я часть) 10 266
длина штанги (2я часть) 1 152
длина штанги (2я часть) 2 171
длина штанги (2я часть) 3 209
длина штанги (2я часть) 4 247
длина штанги (2я часть) 5 266
длина штанги (2я часть) 6 152
длина штанги (2я часть) 7 171
длина штанги (2я часть) 8 209
длина штанги (2я часть) 9 247
длина штанги (2я часть) 10 266
длина "закрывашек" 20
расстояние между линиями 240
расстояние до рельсов Понзо 20
ширина линий 4
всего опытов 20
PONZO1_WIDTH:266
638 322  12035
900 316  15485
640 412  17521
904 417  20520
Воспроизведение
651 330  23147
864 334  25384
673 486  27651
860 491  30236
PONZO1_WIDTH:152
701 316  3956
850 316  6607
691 414  8514
846 418  10759
Воспроизведение
727 334  14136
850 332  16187
711 496  18797
827 494  20931
PONZO1_WIDTH:209
669 323  2141
874 319  4665
661 415  7163
873 419  10186
Воспроизведение
671 331  12626
842 332  14996
661 430  17136
840 435  19132
PONZO1_WIDTH:247
649 323  3063
888 319  6536
650 419  9323
890 415  13041
Воспроизведение
671 330  15952
870 334  18768
674 475  20866
833 479  23005
PONZO1_WIDTH:152
697 317  2583
841 316  5003
699 416  7305
847 415  9103
Воспроизведение
741 336  14664
873 343  16283
742 512  18860
866 507  20416
PONZO1_WIDTH:266
636 315  1983
902 316  5189
639 427  6707
902 416  11257
Воспроизведение
642 327  14541
895 334  17049
624 485  19602
858 492  22776
PONZO1_WIDTH:171
684 319  7783
855 315  10742
686 413  13333
853 416  15520
Воспроизведение
702 340  18778
855 339  20340
703 469  22367
842 469  24070
PONZO1_WIDTH:171
682 316  2438
854 317  4965
686 415  6861
854 419  9337
Воспроизведение
710 332  12705
870 331  15149
702 441  17461
879 427  19868
PONZO1_WIDTH:209
671 312  2079
870 320  5344
666 416  7518
871 419  10282
Воспроизведение
697 333  14166
906 334  16661
698 466  18457
895 453  20941
PONZO1_WIDTH:247
650 315  3838
890 319  7324
650 419  9332
886 415  12446
Воспроизведение
670 335  16074
874 343  18328
650 494  20405
854 499  22782
NO_ILLUSION0_WIDTH:152
699 247  2459
843 249  4912
696 488  7355
845 489  9813
Воспроизведение
710 266  12731
854 272  15117
693 513  17488
829 511  19666
NO_ILLUSION0_WIDTH:152
695 251  4746
844 250  7317
695 490  9798
850 484  12526
Воспроизведение
713 262  15511
852 267  17772
691 537  20091
828 535  22195
NO_ILLUSION0_WIDTH:266
677 243  9651
904 251  12133
636 483  14837
902 487  18023
Воспроизведение
651 265  21839
882 274  23846
642 485  26007
854 491  28337
NO_ILLUSION0_WIDTH:247
650 247  3240
887 249  6652
649 489  9548
886 483  13381
Воспроизведение
702 269  19326
879 278  21843
684 476  24616
880 488  27090
NO_ILLUSION0_WIDTH:209
662 248  2783
872 251  5725
670 491  8390
874 487  11353
Воспроизведение
695 257  15646
895 267  18191
699 460  20504
888 459  23111
NO_ILLUSION0_WIDTH:247
646 247  3294
886 253  5956
645 488  8608
891 492  11851
Воспроизведение
656 266  14593
858 271  17348
667 526  19560
906 526  21910
NO_ILLUSION0_WIDTH:266
639 252  2745
898 250  6113
641 489  8930
897 487  12679
Воспроизведение
654 265  16520
886 276  18964
676 489  21045
898 489  23521
NO_ILLUSION0_WIDTH:209
702 253  3982
874 248  5808
660 494  8232
872 487  11394
Воспроизведение
690 262  15660
909 271  18136
702 534  20421
907 524  23144
NO_ILLUSION0_WIDTH:171
682 251  2901
854 251  5397
685 492  8080
854 485  10916
Воспроизведение
700 255  14091
875 263  16417
697 515  19510
878 522  22588
NO_ILLUSION0_WIDTH:171
682 246  2516
850 251  5122
682 488  7705
855 487  10371
Воспроизведение
684 261  13155
875 268  15691
694 513  17851
864 511  20279
