не показывать курсор
тип стимула PONZOTOP
перпендикулярные отрезки в Оппель-Кундта каждые... пикс 19
высота перпендикулярных отрезков в Оппель-Кундта 20
угол стрелок 45
длина стрелок 20
длина штанги (1я часть) 1 152
длина штанги (1я часть) 2 171
длина штанги (1я часть) 3 209
длина штанги (1я часть) 4 247
длина штанги (1я часть) 5 266
длина штанги (1я часть) 6 152
длина штанги (1я часть) 7 171
длина штанги (1я часть) 8 209
длина штанги (1я часть) 9 247
длина штанги (1я часть) 10 266
длина штанги (2я часть) 1 152
длина штанги (2я часть) 2 171
длина штанги (2я часть) 3 209
длина штанги (2я часть) 4 247
длина штанги (2я часть) 5 266
длина штанги (2я часть) 6 152
длина штанги (2я часть) 7 171
длина штанги (2я часть) 8 209
длина штанги (2я часть) 9 247
длина штанги (2я часть) 10 266
длина "закрывашек" 20
расстояние между линиями 240
расстояние до рельсов Понзо 20
ширина линий 4
всего опытов 20
PONZO1_WIDTH:152
684 319  17500
846 318  19459
686 418  21447
848 420  23406
Воспроизведение
710 326  26344
864 340  28150
703 491  29705
858 493  31376
PONZO1_WIDTH:266
632 323  2084
892 323  4741
637 421  6412
906 415  9078
Воспроизведение
682 334  11493
917 340  13875
644 510  18497
858 510  20945
PONZO1_WIDTH:209
656 319  1979
864 318  5222
653 421  7225
870 417  9703
Воспроизведение
702 332  12228
918 339  15217
698 456  16985
886 457  19282
PONZO1_WIDTH:209
659 311  1850
865 319  4977
658 418  6881
865 419  9803
Воспроизведение
682 326  12223
870 328  15738
679 473  18005
882 484  20305
PONZO1_WIDTH:152
694 315  1804
841 322  4223
687 420  6211
842 419  9030
Воспроизведение
707 331  11866
882 332  14310
717 447  16040
870 451  18364
PONZO1_WIDTH:171
684 324  2232
856 319  5599
676 416  7323
846 418  9222
Воспроизведение
696 331  12466
879 335  14851
701 455  16762
895 462  19138
PONZO1_WIDTH:247
640 319  1859
886 319  4799
639 420  6526
886 415  9106
Воспроизведение
662 322  11711
895 334  15048
677 447  16868
902 457  19696
PONZO1_WIDTH:266
636 314  1745
892 319  5084
634 413  6825
892 417  10053
Воспроизведение
680 333  12440
923 338  15108
666 461  16723
905 475  19705
PONZO1_WIDTH:247
642 324  1940
890 319  5106
640 417  7071
890 416  10432
Воспроизведение
674 319  13078
931 338  15747
PONZO1_WIDTH:171
672 417  1635
850 418  4572
Воспроизведение
695 319  6891
887 328  10190
682 439  11870
890 454  14231
NO_ILLUSION0_WIDTH:266
629 243  1725
898 255  4518
628 485  6416
892 492  9962
Воспроизведение
641 263  12482
893 281  14979
663 513  16501
899 521  18807
NO_ILLUSION0_WIDTH:152
690 247  1905
843 253  4407
680 483  6595
846 486  9091
Воспроизведение
711 255  11323
871 270  13917
714 517  15622
864 521  17432
NO_ILLUSION0_WIDTH:266
635 248  1655
894 253  5789
630 482  7580
895 487  10657
Воспроизведение
650 252  12997
913 255  16108
654 513  17933
912 515  20480
NO_ILLUSION0_WIDTH:247
634 245  2227
890 251  5902
636 479  7952
887 493  11235
Воспроизведение
647 244  14162
892 256  17118
661 524  18873
892 529  21558
NO_ILLUSION0_WIDTH:171
678 246  1894
853 251  4807
669 479  6998
850 488  10347
Воспроизведение
698 261  12896
892 263  15223
702 492  16949
860 505  19393
NO_ILLUSION0_WIDTH:171
677 243  2114
855 252  5027
679 486  6747
850 486  9762
Воспроизведение
693 244  12097
882 253  14977
675 505  16802
838 518  19359
NO_ILLUSION0_WIDTH:209
662 254  2008
871 255  5837
662 487  7569
866 489  10778
Воспроизведение
676 267  12923
902 272  15993
650 492  17589
835 495  20083
NO_ILLUSION0_WIDTH:152
689 247  1924
840 251  4803
684 487  6679
837 488  9059
Воспроизведение
705 259  11301
856 263  13740
704 533  15873
854 542  18346
NO_ILLUSION0_WIDTH:247
630 247  1629
888 251  5750
638 460  7656
886 480  10348
Воспроизведение
654 264  13279
893 271  16126
655 528  18158
896 535  20573
NO_ILLUSION0_WIDTH:209
662 256  1861
869 255  5404
654 485  7473
867 491  10450
Воспроизведение
669 255  12928
884 261  15477
674 521  17155
888 528  19797
