не показывать курсор
тип стимула PONZOTOP
перпендикулярные отрезки в Оппель-Кундта каждые... пикс 19
высота перпендикулярных отрезков в Оппель-Кундта 20
угол стрелок 45
длина стрелок 20
длина штанги (1я часть) 1 152
длина штанги (1я часть) 2 171
длина штанги (1я часть) 3 209
длина штанги (1я часть) 4 247
длина штанги (1я часть) 5 266
длина штанги (1я часть) 6 152
длина штанги (1я часть) 7 171
длина штанги (1я часть) 8 209
длина штанги (1я часть) 9 247
длина штанги (1я часть) 10 266
длина штанги (2я часть) 1 152
длина штанги (2я часть) 2 171
длина штанги (2я часть) 3 209
длина штанги (2я часть) 4 247
длина штанги (2я часть) 5 266
длина штанги (2я часть) 6 152
длина штанги (2я часть) 7 171
длина штанги (2я часть) 8 209
длина штанги (2я часть) 9 247
длина штанги (2я часть) 10 266
длина "закрывашек" 20
расстояние между линиями 240
расстояние до рельсов Понзо 20
ширина линий 4
всего опытов 20
PONZO1_WIDTH:209
662 308  2851
865 311  3453
674 417  4200
878 413  4928
Воспроизведение
659 306  6245
894 294  6833
666 436  7397
891 430  7983
PONZO1_WIDTH:266
626 319  780
915 316  1349
633 423  1877
914 410  2470
Воспроизведение
629 304  3535
927 308  4125
642 426  4593
922 415  5437
PONZO1_WIDTH:247
649 312  688
906 308  1191
630 419  1739
900 418  2405
Воспроизведение
630 304  3471
890 299  4019
622 413  4619
896 419  5249
PONZO1_WIDTH:171
678 316  818
861 320  1227
676 417  1727
868 415  2263
Воспроизведение
674 299  3469
879 310  3946
676 413  4625
873 407  5114
PONZO1_WIDTH:266
634 311  737
913 303  1351
627 416  1838
904 416  2580
Воспроизведение
620 311  3619
907 308  4113
627 425  4616
903 424  5273
PONZO1_WIDTH:209
674 315  793
878 318  1304
663 421  1864
885 415  2402
Воспроизведение
650 303  3687
897 299  4208
625 403  4745
890 407  5263
PONZO1_WIDTH:152
695 320  787
850 325  1216
694 417  1702
862 410  2095
Воспроизведение
692 312  3128
866 312  3521
689 405  4058
857 409  4575
PONZO1_WIDTH:247
634 327  706
900 327  1386
648 429  1891
908 427  2431
Воспроизведение
622 315  3451
904 310  3981
614 408  4548
906 405  5154
PONZO1_WIDTH:171
687 322  785
854 327  1225
676 419  1742
870 414  2256
Воспроизведение
690 307  3359
862 309  3846
676 427  4418
874 428  5099
PONZO1_WIDTH:152
698 315  879
850 315  1354
682 419  1981
856 419  2519
Воспроизведение
672 307  3635
858 303  4109
652 430  4676
854 435  5307
NO_ILLUSION0_WIDTH:266
647 247  940
898 247  1459
640 483  2101
905 487  2812
Воспроизведение
627 255  4799
942 255  5347
625 429  6323
900 422  7004
NO_ILLUSION0_WIDTH:171
674 247  847
851 243  1228
676 484  1824
854 483  2332
Воспроизведение
657 219  3665
860 230  4081
662 459  4864
847 455  5341
NO_ILLUSION0_WIDTH:247
650 242  735
904 239  1194
646 483  1851
900 481  2420
Воспроизведение
642 250  3538
907 251  4049
631 467  4803
884 467  5359
NO_ILLUSION0_WIDTH:266
649 264  794
900 242  1522
632 479  2153
906 487  2906
Воспроизведение
636 246  4325
899 240  5082
646 472  5754
914 467  6388
NO_ILLUSION0_WIDTH:171
686 242  860
858 249  1416
679 483  2105
858 486  2742
Воспроизведение
692 251  3853
855 251  4335
680 480  5129
858 475  5806
NO_ILLUSION0_WIDTH:209
666 250  846
878 248  1331
672 479  2024
880 491  2584
Воспроизведение
653 231  3808
653 231  3808
678 233  3900
887 228  4466
632 479  5230
874 480  5938
NO_ILLUSION0_WIDTH:209
666 253  862
889 245  1444
665 483  2091
879 495  2786
Воспроизведение
662 257  3694
906 249  4263
654 480  5015
897 488  5658
NO_ILLUSION0_WIDTH:152
692 255  797
850 247  1273
694 501  2046
848 488  2581
Воспроизведение
702 248  3708
878 246  4167
698 493  5237
878 485  5913
NO_ILLUSION0_WIDTH:247
650 247  987
887 248  1606
649 481  2265
904 491  2879
Воспроизведение
651 257  3978
902 265  4632
638 516  5583
918 515  6197
NO_ILLUSION0_WIDTH:152
692 240  863
852 244  1324
697 495  1999
857 495  2473
Воспроизведение
683 246  3507
850 235  4027
684 501  4689
862 502  5196
