не показывать курсор
тип стимула PONZOTOP
перпендикулярные отрезки в Оппель-Кундта каждые... пикс 19
высота перпендикулярных отрезков в Оппель-Кундта 20
угол стрелок 45
длина стрелок 20
длина штанги (1я часть) 1 152
длина штанги (1я часть) 2 171
длина штанги (1я часть) 3 209
длина штанги (1я часть) 4 247
длина штанги (1я часть) 5 266
длина штанги (1я часть) 6 152
длина штанги (1я часть) 7 171
длина штанги (1я часть) 8 209
длина штанги (1я часть) 9 247
длина штанги (1я часть) 10 266
длина штанги (2я часть) 1 152
длина штанги (2я часть) 2 171
длина штанги (2я часть) 3 209
длина штанги (2я часть) 4 247
длина штанги (2я часть) 5 266
длина штанги (2я часть) 6 152
длина штанги (2я часть) 7 171
длина штанги (2я часть) 8 209
длина штанги (2я часть) 9 247
длина штанги (2я часть) 10 266
длина "закрывашек" 20
расстояние между линиями 240
расстояние до рельсов Понзо 20
ширина линий 4
всего опытов 20
PONZO1_WIDTH:266
661 417  2073
661 417  2073
722 415  2199
900 422  2704
636 319  5240
904 321  5716
643 424  6155
924 427  6517
Воспроизведение
638 287  8181
907 286  8589
646 383  9075
918 399  9563
PONZO1_WIDTH:152
688 317  845
870 325  1209
695 419  1623
878 427  1950
Воспроизведение
696 307  2984
868 322  3380
678 418  3831
875 418  4251
PONZO1_WIDTH:209
650 319  802
885 326  1280
646 420  1745
878 419  2217
Воспроизведение
667 319  3266
855 315  3660
661 417  4111
860 421  4576
PONZO1_WIDTH:171
674 313  826
858 319  1228
685 416  1682
873 423  2036
Воспроизведение
682 317  3400
847 308  3890
671 427  4366
876 428  4816
PONZO1_WIDTH:209
660 321  783
875 322  1272
661 417  1713
898 427  2193
Воспроизведение
675 312  3377
862 311  3851
667 431  4321
865 439  4812
PONZO1_WIDTH:171
682 323  769
862 325  1212
682 423  1621
867 427  2032
Воспроизведение
679 298  3212
867 301  3637
670 403  4054
846 415  4401
PONZO1_WIDTH:247
634 315  767
900 318  1225
644 431  1680
914 427  2155
Воспроизведение
651 328  3301
888 320  3805
661 417  4255
890 427  4821
PONZO1_WIDTH:247
634 327  740
913 320  1307
650 415  1785
905 427  2269
Воспроизведение
636 317  3374
898 319  3821
630 414  4322
879 418  4857
PONZO1_WIDTH:266
638 307  783
916 321  1266
617 418  1643
922 423  2110
Воспроизведение
635 322  3394
897 323  3878
627 413  4324
893 423  4993
PONZO1_WIDTH:152
697 311  737
859 321  1117
682 427  1508
850 424  1903
Воспроизведение
690 303  2879
869 307  3299
685 407  3755
870 410  4249
NO_ILLUSION0_WIDTH:247
649 251  741
903 243  1209
652 495  1711
884 487  2475
Воспроизведение
636 269  3538
889 271  3994
682 475  4793
914 478  5301
NO_ILLUSION0_WIDTH:171
685 241  774
856 241  1240
677 494  1702
866 496  2129
Воспроизведение
676 239  3276
849 237  3627
698 484  4196
867 487  4646
NO_ILLUSION0_WIDTH:247
638 239  829
912 247  1270
649 479  1754
910 493  2272
Воспроизведение
638 232  3306
914 242  3746
652 479  4263
901 486  4732
NO_ILLUSION0_WIDTH:152
683 237  734
849 248  1063
685 492  1570
870 497  2059
Воспроизведение
679 235  3829
864 241  4224
665 485  4742
844 484  5214
NO_ILLUSION0_WIDTH:152
698 246  718
865 247  1064
690 504  1534
862 492  1901
Воспроизведение
694 253  2951
857 244  3206
702 495  3803
866 492  4297
NO_ILLUSION0_WIDTH:266
634 242  722
916 247  1178
640 500  1665
928 499  2158
Воспроизведение
635 245  3504
890 235  4069
618 445  4570
886 459  5201
NO_ILLUSION0_WIDTH:171
694 257  625
850 255  970
670 498  1441
865 494  1961
Воспроизведение
673 247  3657
870 246  4012
670 456  4538
866 464  4932
NO_ILLUSION0_WIDTH:266
634 247  691
913 262  1126
629 478  1560
919 491  2375
Воспроизведение
626 235  3558
922 242  4065
634 474  4520
909 475  5041
NO_ILLUSION0_WIDTH:209
679 247  625
878 253  1048
668 486  1512
897 486  1968
Воспроизведение
659 245  2987
885 245  3416
667 481  3931
901 478  4547
NO_ILLUSION0_WIDTH:209
660 245  689
866 251  1097
655 485  1602
896 492  2094
Воспроизведение
646 236  3101
877 237  3475
655 483  3953
874 479  4545
