не показывать курсор
тип стимула PONZOTOP
перпендикулярные отрезки в Оппель-Кундта каждые... пикс 19
высота перпендикулярных отрезков в Оппель-Кундта 20
угол стрелок 45
длина стрелок 20
длина штанги (1я часть) 1 152
длина штанги (1я часть) 2 171
длина штанги (1я часть) 3 209
длина штанги (1я часть) 4 247
длина штанги (1я часть) 5 266
длина штанги (1я часть) 6 152
длина штанги (1я часть) 7 171
длина штанги (1я часть) 8 209
длина штанги (1я часть) 9 247
длина штанги (1я часть) 10 266
длина штанги (2я часть) 1 152
длина штанги (2я часть) 2 171
длина штанги (2я часть) 3 209
длина штанги (2я часть) 4 247
длина штанги (2я часть) 5 266
длина штанги (2я часть) 6 152
длина штанги (2я часть) 7 171
длина штанги (2я часть) 8 209
длина штанги (2я часть) 9 247
длина штанги (2я часть) 10 266
длина "закрывашек" 20
расстояние между линиями 240
расстояние до рельсов Понзо 20
ширина линий 4
всего опытов 20
PONZO1_WIDTH:171
682 306  1954
854 312  2364
658 417  2929
853 419  3450
Воспроизведение
673 313  4390
854 321  4909
683 400  5521
854 399  6042
PONZO1_WIDTH:171
678 317  824
850 323  1260
677 421  1814
850 415  2270
Воспроизведение
665 311  3148
845 309  3559
670 410  4107
859 412  4544
PONZO1_WIDTH:209
647 312  723
871 322  1219
659 419  1731
869 412  2233
Воспроизведение
653 318  3146
838 315  3546
638 410  4111
866 410  4556
PONZO1_WIDTH:209
651 311  822
869 319  1267
651 431  1817
891 430  2275
Воспроизведение
658 323  3136
884 327  3579
649 408  4048
893 404  4474
PONZO1_WIDTH:152
690 311  641
847 321  941
678 439  1364
839 433  1679
Воспроизведение
670 320  2634
853 319  2964
682 426  3482
879 427  3798
PONZO1_WIDTH:152
678 313  675
850 313  1071
681 435  1558
846 425  1937
Воспроизведение
678 313  2832
860 307  3180
663 402  3665
834 400  4040
PONZO1_WIDTH:247
626 319  691
886 319  1186
637 419  1620
880 420  2104
Воспроизведение
625 323  3143
906 318  3618
626 411  4151
882 414  4640
PONZO1_WIDTH:247
634 314  721
887 319  1196
643 412  1745
882 414  2221
Воспроизведение
639 319  3410
872 319  3850
659 398  4476
871 397  4900
PONZO1_WIDTH:266
626 308  688
908 319  1190
631 417  1678
898 418  2154
Воспроизведение
623 301  3109
886 319  3580
634 419  4086
881 420  4528
PONZO1_WIDTH:266
628 302  755
914 318  1234
621 415  1828
898 414  2413
Воспроизведение
618 312  3372
898 327  3882
630 405  4445
868 407  4931
NO_ILLUSION0_WIDTH:209
663 235  752
883 242  1177
654 484  1774
877 490  2247
Воспроизведение
649 246  3284
882 252  3677
657 451  4290
848 447  4773
NO_ILLUSION0_WIDTH:171
677 241  736
853 255  1082
678 487  1712
852 486  2093
Воспроизведение
677 261  3145
856 266  3474
676 465  4104
876 458  4476
NO_ILLUSION0_WIDTH:209
662 243  817
873 252  1242
654 489  1857
865 490  2305
Воспроизведение
650 287  3517
886 295  3930
650 486  4568
854 486  4995
NO_ILLUSION0_WIDTH:247
650 248  752
890 251  1188
650 486  1811
899 491  2266
Воспроизведение
626 256  3520
874 269  3928
648 496  4509
894 501  4890
NO_ILLUSION0_WIDTH:152
702 254  688
834 254  986
700 488  1607
834 488  1881
Воспроизведение
679 263  3203
838 261  3519
670 486  4222
830 483  4555
NO_ILLUSION0_WIDTH:152
697 247  821
846 249  1134
681 495  1732
849 495  2110
Воспроизведение
696 245  3176
852 263  3495
694 524  4041
829 511  4367
NO_ILLUSION0_WIDTH:171
675 241  810
859 254  1186
675 494  1774
876 491  2175
Воспроизведение
677 265  3271
858 272  3747
675 508  4375
866 503  4754
NO_ILLUSION0_WIDTH:266
634 246  746
887 256  1346
649 490  1911
907 491  2406
Воспроизведение
633 261  3502
906 287  3980
626 502  4569
858 506  5010
NO_ILLUSION0_WIDTH:266
639 228  799
919 258  1301
624 495  1928
879 497  2398
Воспроизведение
606 271  3307
890 280  3809
625 500  4417
882 496  4891
NO_ILLUSION0_WIDTH:247
646 253  646
885 255  1119
642 509  1667
900 499  2181
Воспроизведение
638 259  3358
887 273  3790
650 492  4422
913 494  4944
