не показывать курсор
тип стимула PONZOTOP
перпендикулярные отрезки в Оппель-Кундта каждые... пикс 19
высота перпендикулярных отрезков в Оппель-Кундта 20
угол стрелок 45
длина стрелок 20
длина штанги (1я часть) 1 152
длина штанги (1я часть) 2 171
длина штанги (1я часть) 3 209
длина штанги (1я часть) 4 247
длина штанги (1я часть) 5 266
длина штанги (1я часть) 6 152
длина штанги (1я часть) 7 171
длина штанги (1я часть) 8 209
длина штанги (1я часть) 9 247
длина штанги (1я часть) 10 266
длина штанги (2я часть) 1 152
длина штанги (2я часть) 2 171
длина штанги (2я часть) 3 209
длина штанги (2я часть) 4 247
длина штанги (2я часть) 5 266
длина штанги (2я часть) 6 152
длина штанги (2я часть) 7 171
длина штанги (2я часть) 8 209
длина штанги (2я часть) 9 247
длина штанги (2я часть) 10 266
длина "закрывашек" 20
расстояние между линиями 240
расстояние до рельсов Понзо 20
ширина линий 4
всего опытов 20
PONZO1_WIDTH:266
635 330  2138
900 311  3539
631 419  4180
908 415  5268
Воспроизведение
652 317  6959
906 312  7760
661 388  8467
900 397  9277
PONZO1_WIDTH:209
660 323  1004
865 317  1821
690 411  2204
874 413  3342
Воспроизведение
682 322  4501
874 324  5151
686 407  5949
890 395  6640
PONZO1_WIDTH:247
640 310  851
877 308  1574
653 409  2172
893 411  2936
Воспроизведение
669 315  4208
895 321  4888
673 406  5552
913 403  6313
PONZO1_WIDTH:266
633 315  926
890 315  1718
644 421  2174
901 412  3174
Воспроизведение
650 319  4425
886 320  5182
670 391  5874
904 385  6587
PONZO1_WIDTH:152
696 327  845
842 318  1383
698 418  1947
852 411  2532
Воспроизведение
702 309  3464
867 307  4035
716 396  4746
877 398  5360
PONZO1_WIDTH:171
683 321  783
857 319  1368
689 417  2061
857 417  2807
Воспроизведение
703 310  3809
858 316  4414
711 397  5136
873 395  5818
PONZO1_WIDTH:171
687 322  724
848 319  1422
686 414  2021
854 414  2713
Воспроизведение
677 323  3751
865 315  4382
676 401  5041
865 397  5626
PONZO1_WIDTH:247
646 318  864
888 325  1655
650 417  2236
890 411  2980
Воспроизведение
649 315  4200
905 318  4881
650 391  5602
890 377  6317
PONZO1_WIDTH:209
656 325  673
864 319  1382
666 414  1938
869 411  2603
Воспроизведение
659 310  3501
879 311  4080
671 393  4666
875 389  5251
PONZO1_WIDTH:152
694 327  675
845 318  1233
699 417  1781
854 411  2350
Воспроизведение
695 319  3338
857 311  3766
710 410  4470
865 411  4962
NO_ILLUSION0_WIDTH:171
681 244  901
847 254  1644
690 481  2469
854 475  3182
Воспроизведение
682 260  4129
850 263  4767
700 483  5548
864 483  6338
NO_ILLUSION0_WIDTH:152
696 247  744
836 254  1425
701 483  2189
846 484  2842
Воспроизведение
681 256  3802
854 259  4431
699 475  5117
860 475  5830
NO_ILLUSION0_WIDTH:209
674 249  818
867 254  1576
675 485  2287
878 483  3056
Воспроизведение
660 259  4089
860 260  4925
675 481  5617
878 475  6549
NO_ILLUSION0_WIDTH:247
643 243  840
883 251  1705
650 491  2396
895 483  3411
Воспроизведение
626 248  4350
880 252  5207
639 514  5866
882 509  6782
NO_ILLUSION0_WIDTH:152
700 253  880
836 255  1544
701 490  2301
849 490  2979
Воспроизведение
685 259  4206
851 264  4790
701 511  5532
859 503  6224
NO_ILLUSION0_WIDTH:209
664 258  847
862 251  1577
675 487  2300
863 479  2961
Воспроизведение
656 250  3836
868 251  4520
674 519  5219
897 512  5992
NO_ILLUSION0_WIDTH:171
687 254  928
842 259  1607
691 483  2361
850 484  2914
Воспроизведение
673 259  3888
825 252  4412
676 504  5176
872 503  5747
NO_ILLUSION0_WIDTH:247
650 250  838
884 256  1655
651 485  2364
885 478  3307
Воспроизведение
650 259  4270
889 265  5077
651 499  5811
888 487  6652
NO_ILLUSION0_WIDTH:266
650 241  1226
891 247  1997
649 485  2672
906 483  3504
Воспроизведение
645 262  4659
867 276  5350
663 506  6008
908 499  6768
NO_ILLUSION0_WIDTH:266
645 243  1645
887 245  2432
640 487  3183
904 480  4109
Воспроизведение
631 263  5018
894 267  5650
699 493  5989
699 493  5989
654 483  6279
917 484  7052
