не показывать курсор
тип стимула PONZOTOP
перпендикулярные отрезки в Оппель-Кундта каждые... пикс 19
высота перпендикулярных отрезков в Оппель-Кундта 20
угол стрелок 45
длина стрелок 20
длина штанги (1я часть) 1 152
длина штанги (1я часть) 2 171
длина штанги (1я часть) 3 209
длина штанги (1я часть) 4 247
длина штанги (1я часть) 5 266
длина штанги (1я часть) 6 152
длина штанги (1я часть) 7 171
длина штанги (1я часть) 8 209
длина штанги (1я часть) 9 247
длина штанги (1я часть) 10 266
длина штанги (2я часть) 1 152
длина штанги (2я часть) 2 171
длина штанги (2я часть) 3 209
длина штанги (2я часть) 4 247
длина штанги (2я часть) 5 266
длина штанги (2я часть) 6 152
длина штанги (2я часть) 7 171
длина штанги (2я часть) 8 209
длина штанги (2я часть) 9 247
длина штанги (2я часть) 10 266
длина "закрывашек" 20
расстояние между линиями 240
расстояние до рельсов Понзо 20
ширина линий 4
всего опытов 20
PONZO1_WIDTH:247
652 303  6110
898 315  6791
640 427  7431
883 419  8130
Воспроизведение
648 332  9388
890 310  9957
650 397  10648
918 397  11265
PONZO1_WIDTH:209
658 319  2004
874 306  2663
673 416  3306
890 408  3951
Воспроизведение
651 339  5130
873 315  5697
688 403  6261
903 385  6795
PONZO1_WIDTH:152
681 315  1263
864 309  1808
682 420  2482
849 410  3150
Воспроизведение
677 325  4304
870 323  4795
690 423  5437
876 413  6068
PONZO1_WIDTH:152
687 330  1147
867 312  1739
698 416  2302
848 415  2906
Воспроизведение
678 344  3952
871 336  4445
702 431  5025
896 416  5625
PONZO1_WIDTH:171
692 321  1005
868 311  1591
682 412  2279
859 415  3262
Воспроизведение
677 304  4362
847 308  5117
676 424  5713
858 411  6358
PONZO1_WIDTH:171
679 326  1052
855 307  1734
694 409  2454
870 410  3072
Воспроизведение
690 341  4131
857 328  4616
684 412  5290
873 405  5937
PONZO1_WIDTH:266
642 317  1017
898 313  1920
631 420  2578
905 401  3602
Воспроизведение
633 333  4753
896 325  5509
636 435  6159
906 411  7047
PONZO1_WIDTH:266
648 311  1067
890 312  2010
622 423  2613
912 407  3818
Воспроизведение
626 333  4959
891 328  5857
638 415  6616
923 395  7561
PONZO1_WIDTH:247
650 315  924
894 317  1934
647 412  2704
912 407  3656
Воспроизведение
633 344  4622
873 339  5377
649 427  6036
886 428  6878
PONZO1_WIDTH:209
677 321  970
869 320  1616
660 422  2226
876 412  3069
Воспроизведение
676 333  4324
895 326  5019
684 412  5694
900 406  6372
NO_ILLUSION0_WIDTH:209
658 247  1376
883 249  2125
666 480  3028
886 486  3964
Воспроизведение
656 293  5645
843 289  6258
654 416  7045
878 413  7646
NO_ILLUSION0_WIDTH:247
650 258  896
650 258  896
650 258  990
897 250  2240
647 482  3117
905 480  3812
Воспроизведение
645 269  4970
880 269  5696
642 443  6509
899 429  7468
NO_ILLUSION0_WIDTH:209
670 242  971
877 247  1696
674 486  2431
877 485  3234
Воспроизведение
664 268  4365
895 267  4871
675 447  5611
924 445  6238
NO_ILLUSION0_WIDTH:266
633 242  993
899 253  1846
634 484  2576
903 479  3507
Воспроизведение
626 259  4645
911 251  5389
657 437  6173
932 432  7041
NO_ILLUSION0_WIDTH:247
648 247  865
901 245  1618
638 491  2301
903 481  3350
Воспроизведение
650 249  4525
918 255  5306
648 446  6110
918 451  6873
NO_ILLUSION0_WIDTH:171
684 245  726
866 245  1274
695 491  2120
882 484  2815
Воспроизведение
665 265  4068
861 267  4670
703 443  5431
874 447  6040
NO_ILLUSION0_WIDTH:152
693 245  894
846 243  1496
702 487  2450
846 489  3302
Воспроизведение
682 271  4481
870 261  5397
708 466  6103
882 458  7048
NO_ILLUSION0_WIDTH:171
690 256  1081
850 249  1873
685 489  2656
861 484  3435
Воспроизведение
678 267  4486
883 262  5151
701 479  5966
884 475  6501
NO_ILLUSION0_WIDTH:152
698 245  754
842 246  1306
698 483  1998
858 483  2502
Воспроизведение
682 268  3566
869 266  4194
695 487  4869
886 489  5533
NO_ILLUSION0_WIDTH:266
631 251  860
896 251  1729
634 488  2325
922 488  3352
Воспроизведение
630 294  4512
868 275  5346
625 505  6288
897 482  7043
