не показывать курсор
тип стимула PONZOTOP
перпендикулярные отрезки в Оппель-Кундта каждые... пикс 19
высота перпендикулярных отрезков в Оппель-Кундта 20
угол стрелок 45
длина стрелок 20
длина штанги (1я часть) 1 152
длина штанги (1я часть) 2 171
длина штанги (1я часть) 3 209
длина штанги (1я часть) 4 247
длина штанги (1я часть) 5 266
длина штанги (1я часть) 6 152
длина штанги (1я часть) 7 171
длина штанги (1я часть) 8 209
длина штанги (1я часть) 9 247
длина штанги (1я часть) 10 266
длина штанги (2я часть) 1 152
длина штанги (2я часть) 2 171
длина штанги (2я часть) 3 209
длина штанги (2я часть) 4 247
длина штанги (2я часть) 5 266
длина штанги (2я часть) 6 152
длина штанги (2я часть) 7 171
длина штанги (2я часть) 8 209
длина штанги (2я часть) 9 247
длина штанги (2я часть) 10 266
длина "закрывашек" 20
расстояние между линиями 240
расстояние до рельсов Понзо 20
ширина линий 4
всего опытов 20
PONZO1_WIDTH:209
668 318  4431
852 316  5029
666 418  5702
862 425  6369
Воспроизведение
674 318  7172
850 321  7818
656 404  8572
852 402  9156
PONZO1_WIDTH:247
651 323  2018
875 316  2632
653 418  3338
883 423  3969
Воспроизведение
685 320  5505
860 320  5946
680 407  6634
874 402  7103
PONZO1_WIDTH:266
636 327  1426
883 316  2200
642 417  2905
944 453  3346
Воспроизведение
680 310  5149
873 301  5827
705 366  6724
892 358  7420
PONZO1_WIDTH:266
645 322  1939
894 316  2871
647 424  3702
902 416  4945
Воспроизведение
664 322  6653
874 307  7269
670 374  8039
906 373  8620
PONZO1_WIDTH:152
704 319  1667
852 319  2258
700 420  3303
846 419  4061
Воспроизведение
702 303  5613
834 303  6147
714 381  6665
852 377  7248
PONZO1_WIDTH:247
646 314  1225
886 310  2075
652 415  2843
897 411  3692
Воспроизведение
670 318  4943
876 315  5400
673 396  6025
885 400  6466
PONZO1_WIDTH:209
667 324  1819
868 320  2510
669 416  3375
870 413  4103
Воспроизведение
681 322  5747
866 313  6285
691 386  6870
878 383  7402
PONZO1_WIDTH:152
698 320  1268
852 316  1989
683 419  2848
846 413  3891
Воспроизведение
688 331  5244
826 327  5839
698 405  6419
846 398  6979
PONZO1_WIDTH:171
684 317  1190
850 317  2224
692 409  2967
851 410  3765
Воспроизведение
685 325  4974
822 330  5581
701 405  6282
830 395  6996
PONZO1_WIDTH:171
689 322  940
841 315  1694
687 415  2310
863 408  3114
Воспроизведение
695 324  4147
842 316  4763
710 400  5406
853 391  6020
NO_ILLUSION0_WIDTH:266
639 255  1272
899 255  2327
642 486  3137
910 483  4554
Воспроизведение
650 264  5713
894 258  6755
689 446  7664
894 443  8471
NO_ILLUSION0_WIDTH:152
696 255  1143
842 251  1885
699 484  2573
851 484  3328
Воспроизведение
696 279  5442
834 280  6011
701 453  6871
854 451  7519
NO_ILLUSION0_WIDTH:171
680 253  1253
866 249  2130
686 499  2843
874 489  3572
Воспроизведение
698 259  4785
843 263  5506
696 467  6261
854 465  6907
NO_ILLUSION0_WIDTH:247
646 259  1017
893 252  2087
649 489  2916
900 483  3811
Воспроизведение
650 264  5000
882 253  5755
680 445  6755
891 439  7571
NO_ILLUSION0_WIDTH:152
690 257  925
855 249  1538
707 482  2321
857 486  2948
Воспроизведение
696 271  4042
838 271  4733
706 464  5450
866 465  6114
NO_ILLUSION0_WIDTH:171
687 251  847
872 249  1493
686 486  2215
876 484  3119
Воспроизведение
678 269  4342
853 263  4971
706 473  5750
861 471  6506
NO_ILLUSION0_WIDTH:209
666 251  847
872 247  1733
667 496  2422
886 491  3339
Воспроизведение
666 252  4391
857 254  5181
704 444  6451
889 443  7206
NO_ILLUSION0_WIDTH:266
638 249  1206
891 249  2144
634 489  2783
906 486  3716
Воспроизведение
626 271  4844
881 260  5654
647 438  6669
887 432  7318
NO_ILLUSION0_WIDTH:247
642 254  1018
902 247  1804
644 494  2602
898 489  3487
Воспроизведение
657 255  4428
879 257  5218
676 447  5908
914 440  6679
NO_ILLUSION0_WIDTH:209
651 252  926
910 250  1796
658 491  2502
884 490  3302
Воспроизведение
658 279  4459
863 271  5122
672 471  5921
882 471  6552
