не показывать курсор
тип стимула PONZOTOP
перпендикулярные отрезки в Оппель-Кундта каждые... пикс 19
высота перпендикулярных отрезков в Оппель-Кундта 20
угол стрелок 45
длина стрелок 20
длина штанги (1я часть) 1 152
длина штанги (1я часть) 2 171
длина штанги (1я часть) 3 209
длина штанги (1я часть) 4 247
длина штанги (1я часть) 5 266
длина штанги (1я часть) 6 152
длина штанги (1я часть) 7 171
длина штанги (1я часть) 8 209
длина штанги (1я часть) 9 247
длина штанги (1я часть) 10 266
длина штанги (2я часть) 1 152
длина штанги (2я часть) 2 171
длина штанги (2я часть) 3 209
длина штанги (2я часть) 4 247
длина штанги (2я часть) 5 266
длина штанги (2я часть) 6 152
длина штанги (2я часть) 7 171
длина штанги (2я часть) 8 209
длина штанги (2я часть) 9 247
длина штанги (2я часть) 10 266
длина "закрывашек" 20
расстояние между линиями 240
расстояние до рельсов Понзо 20
ширина линий 4
всего опытов 20
PONZO1_WIDTH:209
657 315  2736
871 324  3528
652 416  4313
877 415  5342
Воспроизведение
666 319  6436
858 315  6990
658 450  7693
841 439  8484
PONZO1_WIDTH:247
651 323  847
887 316  1969
644 427  2532
889 419  3907
Воспроизведение
649 316  4928
874 310  5878
654 420  6473
868 415  7377
PONZO1_WIDTH:266
633 319  676
886 321  1574
642 420  2357
895 415  3210
Воспроизведение
662 308  4321
898 305  5033
656 431  5675
930 407  6322
PONZO1_WIDTH:247
652 319  703
880 309  1335
672 460  1540
672 460  1540
645 423  1936
874 413  2759
Воспроизведение
659 308  3698
874 310  4321
670 437  4970
916 423  5708
PONZO1_WIDTH:152
687 323  657
846 327  1241
684 429  1837
838 419  2561
Воспроизведение
707 306  3459
830 305  3920
708 423  4454
874 418  4915
PONZO1_WIDTH:266
638 326  818
891 323  1532
634 428  2207
896 418  3143
Воспроизведение
636 327  4080
870 312  4860
645 427  5438
886 415  6021
PONZO1_WIDTH:171
678 321  720
843 311  1211
692 416  1711
844 420  2159
Воспроизведение
679 315  3329
830 316  3771
700 459  4415
897 440  4903
PONZO1_WIDTH:209
662 322  706
870 313  1180
665 421  1713
874 415  2358
Воспроизведение
669 329  3627
849 311  4304
665 440  4868
858 429  5599
PONZO1_WIDTH:171
687 319  1472
842 318  2073
681 424  2668
848 412  3252
Воспроизведение
675 319  4115
837 310  4590
679 433  5328
865 432  5755
PONZO1_WIDTH:152
686 327  892
840 321  1417
700 415  1871
831 412  2327
Воспроизведение
694 321  3331
842 315  3785
688 444  4270
878 431  4635
NO_ILLUSION0_WIDTH:152
696 251  830
832 251  1188
685 489  1790
846 479  2319
Воспроизведение
686 256  3316
826 242  3691
700 502  4387
847 487  5018
NO_ILLUSION0_WIDTH:266
630 243  891
891 253  1507
650 483  2087
894 475  2826
Воспроизведение
632 252  3912
903 247  4687
656 485  5393
898 470  6023
NO_ILLUSION0_WIDTH:247
645 243  735
883 247  1397
649 499  1960
883 481  2717
Воспроизведение
638 247  3862
852 249  4498
630 487  5122
890 469  5690
NO_ILLUSION0_WIDTH:247
644 256  888
901 248  1490
644 499  2096
874 476  2809
Воспроизведение
667 260  3953
874 257  4599
662 504  5242
907 483  5823
NO_ILLUSION0_WIDTH:171
671 244  988
836 243  1473
680 503  1975
834 487  2855
Воспроизведение
682 250  4154
838 255  4815
668 474  5554
853 448  6836
NO_ILLUSION0_WIDTH:266
649 240  1026
908 257  1749
642 486  2315
894 475  3312
Воспроизведение
635 247  4536
883 251  5225
629 496  5811
898 482  6764
NO_ILLUSION0_WIDTH:152
691 247  941
840 251  1545
681 499  2243
841 480  2884
Воспроизведение
691 248  4174
842 249  4634
676 475  5388
853 471  5970
NO_ILLUSION0_WIDTH:209
654 246  835
870 248  1490
665 499  2122
880 479  3052
Воспроизведение
655 259  4271
872 241  4951
661 487  5642
888 475  6276
NO_ILLUSION0_WIDTH:209
662 254  934
872 247  1577
662 491  2233
862 480  2953
Воспроизведение
666 259  4097
873 259  4982
651 510  5811
871 486  6486
NO_ILLUSION0_WIDTH:171
690 242  832
854 243  1428
682 494  2202
849 483  2884
Воспроизведение
681 259  4292
862 255  4975
701 492  5711
867 475  6496
