не показывать курсор
тип стимула PONZOTOP
перпендикулярные отрезки в Оппель-Кундта каждые... пикс 19
высота перпендикулярных отрезков в Оппель-Кундта 20
угол стрелок 45
длина стрелок 20
длина штанги (1я часть) 1 152
длина штанги (1я часть) 2 171
длина штанги (1я часть) 3 209
длина штанги (1я часть) 4 247
длина штанги (1я часть) 5 266
длина штанги (1я часть) 6 152
длина штанги (1я часть) 7 171
длина штанги (1я часть) 8 209
длина штанги (1я часть) 9 247
длина штанги (1я часть) 10 266
длина штанги (2я часть) 1 152
длина штанги (2я часть) 2 171
длина штанги (2я часть) 3 209
длина штанги (2я часть) 4 247
длина штанги (2я часть) 5 266
длина штанги (2я часть) 6 152
длина штанги (2я часть) 7 171
длина штанги (2я часть) 8 209
длина штанги (2я часть) 9 247
длина штанги (2я часть) 10 266
длина "закрывашек" 20
расстояние между линиями 240
расстояние до рельсов Понзо 20
ширина линий 4
всего опытов 20
PONZO1_WIDTH:209
702 326  12866
868 322  13843
674 417  15053
872 410  16370
Воспроизведение
662 292  17949
861 290  18850
677 437  19695
880 423  20719
PONZO1_WIDTH:209
671 319  1146
863 317  2319
655 410  3137
866 416  4511
Воспроизведение
648 319  6229
845 311  7136
659 441  7937
854 430  8962
PONZO1_WIDTH:247
650 318  1065
881 311  2432
652 428  3358
888 411  4880
Воспроизведение
642 303  6349
853 285  7410
646 429  8332
894 399  9535
PONZO1_WIDTH:266
637 321  1427
904 316  2787
648 422  3618
902 412  5180
Воспроизведение
627 324  6469
890 302  7607
627 436  8298
881 410  9170
PONZO1_WIDTH:247
650 325  987
882 314  2238
654 419  3172
890 414  4413
Воспроизведение
650 323  5832
876 303  6794
657 450  7672
922 451  8427
PONZO1_WIDTH:171
683 321  1361
850 311  2708
685 421  3995
850 414  4815
Воспроизведение
678 331  6265
831 323  7200
706 439  8277
857 443  9274
PONZO1_WIDTH:152
698 331  1103
850 315  2215
698 419  2988
844 413  3967
Воспроизведение
704 323  5228
838 314  6011
702 431  6769
861 424  7500
PONZO1_WIDTH:152
699 318  893
845 317  2155
685 423  2892
847 417  4314
Воспроизведение
705 315  5585
834 303  6459
699 431  7252
853 423  8115
PONZO1_WIDTH:171
690 307  1251
846 319  2553
685 419  3529
854 429  4806
Воспроизведение
673 308  6054
806 303  6784
674 439  7661
844 428  8357
PONZO1_WIDTH:266
631 323  1174
898 308  2654
633 421  3766
897 415  5419
Воспроизведение
642 326  6778
898 306  7998
650 435  8921
889 431  9930
NO_ILLUSION0_WIDTH:266
639 251  1365
892 244  3070
646 484  3822
898 480  5054
Воспроизведение
634 250  6309
887 250  7300
624 466  8203
894 439  9156
NO_ILLUSION0_WIDTH:171
682 247  974
845 245  1826
678 481  2688
850 483  3807
Воспроизведение
699 247  5138
850 253  5769
697 477  6804
877 459  7750
NO_ILLUSION0_WIDTH:209
667 251  1333
870 245  2781
660 482  3644
865 480  5273
Воспроизведение
657 249  6386
870 243  7370
666 497  8266
879 485  9311
NO_ILLUSION0_WIDTH:266
626 241  1112
894 251  2676
633 486  3539
898 487  4740
Воспроизведение
642 255  6197
892 235  7234
674 453  8220
911 456  9257
NO_ILLUSION0_WIDTH:247
629 247  1163
885 242  2620
649 487  3578
891 479  5440
Воспроизведение
652 254  7007
869 245  8031
664 469  8959
881 458  10493
NO_ILLUSION0_WIDTH:171
687 247  1257
850 243  2517
681 490  3397
848 485  4743
Воспроизведение
682 247  6089
844 252  7127
701 483  8208
872 469  9028
NO_ILLUSION0_WIDTH:152
687 251  1144
846 250  1995
699 484  2872
844 487  3909
Воспроизведение
682 255  5034
828 247  5697
701 477  6469
862 460  7290
NO_ILLUSION0_WIDTH:247
641 247  1002
892 244  2099
650 481  2906
882 490  3842
Воспроизведение
635 260  5156
868 241  6073
647 487  6919
918 448  7958
NO_ILLUSION0_WIDTH:152
708 246  1127
840 251  2132
688 483  2946
852 469  3875
Воспроизведение
708 262  5455
831 265  6118
702 491  7059
854 484  7842
NO_ILLUSION0_WIDTH:209
654 259  1005
866 258  2203
715 459  2329
715 459  2329
676 486  2882
885 479  4086
Воспроизведение
666 262  5265
888 247  6305
676 497  7122
893 495  8116
