не показывать курсор
тип стимула PONZOTOP
перпендикулярные отрезки в Оппель-Кундта каждые... пикс 19
высота перпендикулярных отрезков в Оппель-Кундта 20
угол стрелок 45
длина стрелок 20
длина штанги (1я часть) 1 152
длина штанги (1я часть) 2 171
длина штанги (1я часть) 3 209
длина штанги (1я часть) 4 247
длина штанги (1я часть) 5 266
длина штанги (1я часть) 6 152
длина штанги (1я часть) 7 171
длина штанги (1я часть) 8 209
длина штанги (1я часть) 9 247
длина штанги (1я часть) 10 266
длина штанги (2я часть) 1 152
длина штанги (2я часть) 2 171
длина штанги (2я часть) 3 209
длина штанги (2я часть) 4 247
длина штанги (2я часть) 5 266
длина штанги (2я часть) 6 152
длина штанги (2я часть) 7 171
длина штанги (2я часть) 8 209
длина штанги (2я часть) 9 247
длина штанги (2я часть) 10 266
длина "закрывашек" 20
расстояние между линиями 240
расстояние до рельсов Понзо 20
ширина линий 4
всего опытов 20
PONZO1_WIDTH:152
701 319  6458
836 319  7136
701 409  7859
838 413  8648
Воспроизведение
704 316  10136
840 311  10707
711 432  11492
849 432  12186
PONZO1_WIDTH:247
649 313  1096
888 323  2014
649 418  2658
885 418  3638
Воспроизведение
653 319  5016
870 323  5926
674 436  6762
870 430  7744
PONZO1_WIDTH:266
651 310  1332
890 323  2044
642 419  2731
899 423  3587
Воспроизведение
654 318  4872
869 320  5802
672 432  6756
877 420  7711
PONZO1_WIDTH:209
670 320  1282
864 326  1883
674 415  2510
866 420  3308
Воспроизведение
688 319  4541
881 326  5475
690 418  6219
856 419  7166
PONZO1_WIDTH:209
671 313  1050
859 323  1669
674 414  2310
869 423  3197
Воспроизведение
687 304  4593
882 305  5524
702 415  6368
867 404  7475
PONZO1_WIDTH:152
703 318  1129
837 323  1823
698 421  2528
842 423  3253
Воспроизведение
706 315  4632
841 315  5468
702 417  6376
822 410  7471
PONZO1_WIDTH:171
694 310  1193
844 312  1762
688 414  2406
842 414  3114
Воспроизведение
694 315  4494
815 315  5148
701 425  5839
838 415  6690
PONZO1_WIDTH:247
650 324  1220
880 323  1992
650 424  2602
883 423  3453
Воспроизведение
665 315  4935
866 315  5915
670 407  6733
856 407  7556
PONZO1_WIDTH:266
632 328  1096
886 323  1915
638 421  2572
884 417  3536
Воспроизведение
654 323  4834
877 319  5768
677 430  6507
884 421  7437
PONZO1_WIDTH:171
688 314  1050
845 319  1591
686 422  2191
849 421  2821
Воспроизведение
691 311  3964
838 309  4639
702 411  5311
839 405  6128
NO_ILLUSION0_WIDTH:209
663 252  1221
862 255  1835
673 490  2432
870 490  3015
Воспроизведение
668 253  4256
843 256  4982
675 466  5860
860 450  6924
NO_ILLUSION0_WIDTH:247
638 253  1351
872 254  2082
658 485  2867
866 486  3733
Воспроизведение
659 251  5144
870 251  6167
648 459  6952
863 449  8135
NO_ILLUSION0_WIDTH:247
652 252  1440
872 258  2466
671 474  3077
900 486  4058
Воспроизведение
665 239  5563
858 239  6336
650 487  7228
918 477  8333
NO_ILLUSION0_WIDTH:209
655 251  1303
858 247  1917
665 495  2719
858 493  3853
Воспроизведение
656 255  5156
845 245  5786
649 481  6741
876 476  7877
NO_ILLUSION0_WIDTH:152
693 253  1673
834 249  2196
696 491  3043
836 484  3630
Воспроизведение
686 248  4801
842 238  5528
694 471  6264
858 476  6947
NO_ILLUSION0_WIDTH:152
680 251  877
834 246  1382
688 489  2072
831 487  2608
Воспроизведение
693 259  3985
839 259  4819
684 471  5649
859 467  6444
NO_ILLUSION0_WIDTH:266
637 247  1190
894 235  1977
638 485  2597
893 485  3504
Воспроизведение
647 246  4977
922 247  5848
644 510  6615
896 506  7534
NO_ILLUSION0_WIDTH:171
669 255  1057
842 255  1602
695 488  2379
858 487  2981
Воспроизведение
680 247  4316
828 241  4969
669 487  5872
866 480  6712
NO_ILLUSION0_WIDTH:171
678 259  1251
843 251  1724
680 488  2241
855 483  2761
Воспроизведение
685 247  4100
874 232  4861
662 479  5553
859 475  6310
NO_ILLUSION0_WIDTH:266
626 262  1162
890 251  1875
642 487  2515
890 492  3194
Воспроизведение
641 261  4683
885 252  5464
638 483  6207
887 476  7182
