не показывать курсор
тип стимула PONZOTOP
перпендикулярные отрезки в Оппель-Кундта каждые... пикс 19
высота перпендикулярных отрезков в Оппель-Кундта 20
угол стрелок 45
длина стрелок 20
длина штанги (1я часть) 1 152
длина штанги (1я часть) 2 171
длина штанги (1я часть) 3 209
длина штанги (1я часть) 4 247
длина штанги (1я часть) 5 266
длина штанги (1я часть) 6 152
длина штанги (1я часть) 7 171
длина штанги (1я часть) 8 209
длина штанги (1я часть) 9 247
длина штанги (1я часть) 10 266
длина штанги (2я часть) 1 152
длина штанги (2я часть) 2 171
длина штанги (2я часть) 3 209
длина штанги (2я часть) 4 247
длина штанги (2я часть) 5 266
длина штанги (2я часть) 6 152
длина штанги (2я часть) 7 171
длина штанги (2я часть) 8 209
длина штанги (2я часть) 9 247
длина штанги (2я часть) 10 266
длина "закрывашек" 20
расстояние между линиями 240
расстояние до рельсов Понзо 20
ширина линий 4
всего опытов 20
PONZO1_WIDTH:247
647 315  3751
891 309  4640
650 427  5531
888 411  6570
Воспроизведение
652 311  8049
863 304  8757
675 415  9514
880 403  10270
PONZO1_WIDTH:209
666 318  1260
858 325  1970
664 423  2693
866 416  3434
Воспроизведение
662 311  4625
866 315  5297
679 411  6071
873 409  6907
PONZO1_WIDTH:247
650 314  564
650 314  564
650 314  705
882 317  1826
649 426  2562
883 420  3440
Воспроизведение
645 313  4520
882 309  5206
676 427  5901
892 423  6767
PONZO1_WIDTH:152
697 318  1081
846 323  1572
693 423  2169
842 419  2703
Воспроизведение
697 316  4065
850 305  4630
704 405  5373
854 408  5974
PONZO1_WIDTH:266
633 317  1254
891 322  2092
638 416  3002
894 415  3726
Воспроизведение
637 315  4893
879 315  5606
676 417  6274
890 415  7360
PONZO1_WIDTH:266
635 323  1034
889 319  1951
647 425  3676
892 418  4670
Воспроизведение
646 315  5799
908 306  6760
665 412  7450
886 413  8224
PONZO1_WIDTH:171
684 315  988
846 323  1523
682 424  2192
855 422  2865
Воспроизведение
654 319  4410
823 315  5154
697 425  5923
857 424  6679
PONZO1_WIDTH:171
684 309  1049
856 322  1636
678 426  2236
846 424  2843
Воспроизведение
690 315  3908
833 315  4581
717 415  5381
852 418  6157
PONZO1_WIDTH:209
668 315  1261
869 312  1940
662 418  2613
861 419  3325
Воспроизведение
670 304  4532
866 303  5243
681 415  5973
878 423  6694
PONZO1_WIDTH:152
697 319  893
837 321  1398
702 419  2072
845 423  2623
Воспроизведение
699 307  3719
854 305  4271
717 425  5054
853 421  5558
NO_ILLUSION0_WIDTH:152
693 254  1104
846 250  1633
697 487  2449
845 485  3031
Воспроизведение
690 252  4208
833 251  4768
690 477  5699
857 475  6513
NO_ILLUSION0_WIDTH:247
642 252  1258
889 255  2092
650 483  3372
886 486  4192
Воспроизведение
655 246  5590
867 251  6222
675 511  7333
903 500  8411
NO_ILLUSION0_WIDTH:209
673 249  1602
869 245  2250
670 491  3295
862 487  4021
Воспроизведение
669 253  5237
858 251  5915
674 494  6730
906 491  7727
NO_ILLUSION0_WIDTH:247
644 255  1036
882 259  1774
648 491  2638
881 489  3349
Воспроизведение
664 261  5056
865 263  5721
671 495  6579
892 491  7384
NO_ILLUSION0_WIDTH:266
638 247  1008
902 256  1667
642 487  2492
890 487  3140
Воспроизведение
639 247  4448
882 240  5099
651 502  5861
890 499  6623
NO_ILLUSION0_WIDTH:209
673 255  1005
862 259  1480
670 490  2410
871 492  2958
Воспроизведение
670 252  4188
854 248  4771
682 506  5648
886 504  6593
NO_ILLUSION0_WIDTH:171
689 250  1175
846 248  1635
678 483  2432
851 485  3035
Воспроизведение
690 236  4084
838 245  4560
700 487  5545
884 493  6333
NO_ILLUSION0_WIDTH:266
645 250  1300
896 255  1901
644 490  2794
894 484  3476
Воспроизведение
640 243  4652
862 235  5312
650 507  6204
887 503  7037
NO_ILLUSION0_WIDTH:152
694 255  1609
843 262  2151
692 491  3085
849 483  3713
Воспроизведение
702 245  5388
854 247  5891
700 522  6707
858 515  7273
NO_ILLUSION0_WIDTH:171
678 255  1409
854 240  1976
685 489  2791
854 479  3502
Воспроизведение
689 252  4961
848 247  5514
686 478  6203
862 472  6801
