не показывать курсор
тип стимула PONZOTOP
перпендикулярные отрезки в Оппель-Кундта каждые... пикс 19
высота перпендикулярных отрезков в Оппель-Кундта 20
угол стрелок 45
длина стрелок 20
длина штанги (1я часть) 1 152
длина штанги (1я часть) 2 171
длина штанги (1я часть) 3 209
длина штанги (1я часть) 4 247
длина штанги (1я часть) 5 266
длина штанги (1я часть) 6 152
длина штанги (1я часть) 7 171
длина штанги (1я часть) 8 209
длина штанги (1я часть) 9 247
длина штанги (1я часть) 10 266
длина штанги (2я часть) 1 152
длина штанги (2я часть) 2 171
длина штанги (2я часть) 3 209
длина штанги (2я часть) 4 247
длина штанги (2я часть) 5 266
длина штанги (2я часть) 6 152
длина штанги (2я часть) 7 171
длина штанги (2я часть) 8 209
длина штанги (2я часть) 9 247
длина штанги (2я часть) 10 266
длина "закрывашек" 20
расстояние между линиями 240
расстояние до рельсов Понзо 20
ширина линий 4
всего опытов 20
PONZO1_WIDTH:152
687 323  5616
842 321  5952
676 424  6447
842 411  6692
Воспроизведение
703 319  7541
865 306  7785
704 395  8228
850 388  8456
PONZO1_WIDTH:209
652 330  1066
869 319  1593
662 435  2119
882 415  2653
Воспроизведение
650 437  3403
866 454  3723
677 337  4243
857 327  4490
PONZO1_WIDTH:266
634 324  784
884 310  1224
650 421  1668
886 414  1979
Воспроизведение
628 332  2800
895 347  3088
649 437  3619
890 444  3936
PONZO1_WIDTH:171
678 328  908
846 324  1272
680 422  1790
858 431  2059
Воспроизведение
654 323  2954
883 323  3229
673 407  3766
894 409  4135
PONZO1_WIDTH:209
651 327  940
860 322  1400
673 421  1857
871 430  2133
Воспроизведение
627 407  3240
863 403  3492
649 277  3963
851 275  4248
PONZO1_WIDTH:152
695 425  789
850 418  1053
693 311  1632
852 307  1917
Воспроизведение
698 328  2796
905 302  3048
718 405  3455
889 411  3664
PONZO1_WIDTH:247
627 326  971
889 304  1323
656 411  1872
912 424  2233
Воспроизведение
626 293  3252
903 297  3610
670 395  4087
913 397  4327
PONZO1_WIDTH:171
680 307  871
859 318  1169
687 419  1671
851 421  1987
Воспроизведение
695 327  2772
882 323  3010
710 429  3457
874 445  3628
PONZO1_WIDTH:266
630 316  863
906 297  1275
648 416  1820
898 415  2155
Воспроизведение
651 307  2910
931 305  3212
683 422  3649
935 431  4060
PONZO1_WIDTH:247
647 320  820
888 315  1163
655 414  1701
879 415  2024
Воспроизведение
633 326  2666
910 311  2999
627 434  3522
904 466  3862
NO_ILLUSION0_WIDTH:209
669 480  754
864 496  1023
665 244  1576
882 246  1893
Воспроизведение
679 267  2644
902 265  2907
685 458  3402
890 474  3592
NO_ILLUSION0_WIDTH:247
658 248  862
910 260  1162
650 485  1796
882 487  2153
Воспроизведение
658 271  2968
916 283  3255
680 427  3669
886 439  3903
NO_ILLUSION0_WIDTH:152
702 242  802
842 247  1071
686 491  1679
856 487  1961
Воспроизведение
708 248  2733
891 237  2954
734 478  3457
872 478  3651
NO_ILLUSION0_WIDTH:209
671 255  1258
877 249  1639
675 477  2186
863 487  2502
Воспроизведение
674 517  3113
874 521  3366
675 302  3932
879 349  4139
NO_ILLUSION0_WIDTH:266
642 255  973
913 254  1326
641 487  1892
906 479  2198
Воспроизведение
653 267  2938
912 279  3189
697 490  3757
897 484  3994
NO_ILLUSION0_WIDTH:266
635 254  927
908 247  1298
640 480  1817
896 501  2275
Воспроизведение
666 517  2980
902 528  3269
658 267  3776
906 275  4066
NO_ILLUSION0_WIDTH:247
645 243  751
883 233  1118
653 479  1600
890 487  1962
Воспроизведение
659 500  2653
906 498  2939
651 274  3443
910 289  3717
NO_ILLUSION0_WIDTH:171
676 259  759
880 245  1086
678 485  1578
866 495  1826
Воспроизведение
678 269  2565
880 268  2851
675 509  3358
NO_ILLUSION0_WIDTH:171
874 482  25
688 244  765
873 245  1006
694 487  1489
878 483  1696
Воспроизведение
679 499  2361
895 509  2567
677 242  3121
854 239  3381
NO_ILLUSION0_WIDTH:152
686 245  817
837 252  1101
687 491  1604
842 485  1890
Воспроизведение
683 487  2556
829 494  2747
665 254  3321
838 260  3589
