не показывать курсор
тип стимула PONZOTOP
перпендикулярные отрезки в Оппель-Кундта каждые... пикс 19
высота перпендикулярных отрезков в Оппель-Кундта 20
угол стрелок 45
длина стрелок 20
длина штанги (1я часть) 1 152
длина штанги (1я часть) 2 171
длина штанги (1я часть) 3 209
длина штанги (1я часть) 4 247
длина штанги (1я часть) 5 266
длина штанги (1я часть) 6 152
длина штанги (1я часть) 7 171
длина штанги (1я часть) 8 209
длина штанги (1я часть) 9 247
длина штанги (1я часть) 10 266
длина штанги (2я часть) 1 152
длина штанги (2я часть) 2 171
длина штанги (2я часть) 3 209
длина штанги (2я часть) 4 247
длина штанги (2я часть) 5 266
длина штанги (2я часть) 6 152
длина штанги (2я часть) 7 171
длина штанги (2я часть) 8 209
длина штанги (2я часть) 9 247
длина штанги (2я часть) 10 266
длина "закрывашек" 20
расстояние между линиями 240
расстояние до рельсов Понзо 20
ширина линий 4
всего опытов 20
PONZO1_WIDTH:171
582 703  1686
765 21  2269
677 302  3710
863 313  3981
678 414  4315
906 425  4531
Воспроизведение
702 424  5844
879 415  6058
677 329  6364
904 339  6572
PONZO1_WIDTH:152
699 432  898
861 438  1150
678 316  1549
905 317  1774
Воспроизведение
698 420  2802
906 428  3032
684 307  3392
882 310  3629
PONZO1_WIDTH:209
674 420  737
899 415  1015
661 323  1385
918 314  1672
Воспроизведение
653 420  2698
907 413  2940
659 323  3254
871 314  3505
PONZO1_WIDTH:266
625 405  682
925 381  1011
642 313  1343
948 323  1630
Воспроизведение
614 407  2752
922 431  3100
635 324  3465
930 335  3734
PONZO1_WIDTH:152
689 426  705
856 415  913
678 335  1382
854 331  1598
Воспроизведение
690 443  2811
843 434  3058
670 324  3362
826 313  3592
PONZO1_WIDTH:266
621 404  674
938 393  1035
639 301  1408
929 319  1737
Воспроизведение
635 430  2903
935 467  3204
643 331  3564
952 350  3913
PONZO1_WIDTH:171
686 405  813
880 423  1019
681 324  1523
872 319  1935
Воспроизведение
701 455  3075
852 448  3274
696 338  3625
874 334  3880
PONZO1_WIDTH:247
638 427  754
910 415  1083
647 315  1539
899 335  1800
Воспроизведение
626 439  2928
939 446  3255
662 322  3697
935 338  3972
PONZO1_WIDTH:247
647 415  786
906 400  1154
638 320  1575
898 337  1928
Воспроизведение
646 443  3128
924 450  3433
661 334  3789
958 343  4042
PONZO1_WIDTH:209
640 429  879
873 419  1262
660 347  1721
870 331  2070
Воспроизведение
630 415  3294
869 437  3547
673 321  3878
874 330  4130
NO_ILLUSION0_WIDTH:209
661 479  737
910 483  1027
638 263  1477
924 259  1782
Воспроизведение
681 482  2755
930 495  3034
674 281  3416
930 312  3656
NO_ILLUSION0_WIDTH:152
696 480  969
857 495  1226
686 250  1665
872 251  1907
Воспроизведение
686 495  3001
869 499  3224
678 287  3600
875 318  3838
NO_ILLUSION0_WIDTH:266
646 484  717
915 496  975
645 233  1472
921 235  1767
Воспроизведение
634 470  2886
972 510  3152
644 222  3598
982 264  3869
NO_ILLUSION0_WIDTH:152
702 487  626
858 478  863
688 251  1234
882 250  1413
Воспроизведение
686 483  2541
880 481  2774
728 225  3243
906 230  3416
NO_ILLUSION0_WIDTH:209
673 484  783
895 489  1035
676 227  1514
893 246  1748
Воспроизведение
658 476  2758
878 486  3041
652 247  3417
875 262  3621
NO_ILLUSION0_WIDTH:247
634 499  692
926 490  962
638 254  1364
925 243  1600
Воспроизведение
659 480  2646
928 493  2900
651 263  3371
952 270  3601
NO_ILLUSION0_WIDTH:171
702 491  706
842 481  992
679 256  1401
888 244  1644
Воспроизведение
686 478  2631
885 509  2839
705 267  3296
877 281  3484
NO_ILLUSION0_WIDTH:266
662 479  666
932 491  911
644 248  1354
925 259  1609
Воспроизведение
640 509  2716
904 518  2966
646 292  3389
918 295  3614
NO_ILLUSION0_WIDTH:171
690 483  658
858 485  868
681 254  1288
868 239  1469
Воспроизведение
672 493  2496
880 495  2705
661 268  3077
864 286  3304
NO_ILLUSION0_WIDTH:247
659 483  817
884 475  1115
663 251  1761
880 254  2078
Воспроизведение
683 493  3558
874 514  3788
656 251  4188
905 264  4411
