не показывать курсор
тип стимула PONZOTOP
перпендикулярные отрезки в Оппель-Кундта каждые... пикс 19
высота перпендикулярных отрезков в Оппель-Кундта 20
угол стрелок 45
длина стрелок 20
длина штанги (1я часть) 1 152
длина штанги (1я часть) 2 171
длина штанги (1я часть) 3 209
длина штанги (1я часть) 4 247
длина штанги (1я часть) 5 266
длина штанги (1я часть) 6 152
длина штанги (1я часть) 7 171
длина штанги (1я часть) 8 209
длина штанги (1я часть) 9 247
длина штанги (1я часть) 10 266
длина штанги (2я часть) 1 152
длина штанги (2я часть) 2 171
длина штанги (2я часть) 3 209
длина штанги (2я часть) 4 247
длина штанги (2я часть) 5 266
длина штанги (2я часть) 6 152
длина штанги (2я часть) 7 171
длина штанги (2я часть) 8 209
длина штанги (2я часть) 9 247
длина штанги (2я часть) 10 266
длина "закрывашек" 20
расстояние между линиями 240
расстояние до рельсов Понзо 20
ширина линий 4
всего опытов 20
PONZO1_WIDTH:209
667 322  3457
874 312  5300
668 419  7028
871 412  8952
Воспроизведение
675 321  10749
875 301  12133
674 407  12815
674 407  12816
674 407  12875
879 407  14448
PONZO1_WIDTH:171
679 321  1487
847 310  2981
682 419  3910
852 419  5115
Воспроизведение
695 323  6466
839 311  7565
703 403  8569
847 402  9649
PONZO1_WIDTH:266
642 323  1396
892 313  2629
635 418  3640
897 420  4691
Воспроизведение
625 336  6044
875 321  7411
632 408  8254
858 407  9324
PONZO1_WIDTH:247
649 320  1359
876 315  2374
644 417  3227
881 423  4199
Воспроизведение
634 310  5682
881 295  6771
654 425  7597
883 421  8513
PONZO1_WIDTH:209
665 322  1047
858 314  1957
658 412  2762
859 415  3670
Воспроизведение
660 325  5248
862 309  6247
676 411  7061
824 406  7953
PONZO1_WIDTH:171
681 315  1103
842 319  1956
682 420  2810
845 427  3620
Воспроизведение
674 325  4834
853 314  5903
686 415  6625
862 407  7596
PONZO1_WIDTH:152
686 315  1012
838 314  1759
681 423  2414
846 421  3242
Воспроизведение
686 324  4473
838 315  5228
700 410  6017
850 407  6870
PONZO1_WIDTH:266
631 313  1073
896 312  1973
630 421  2735
890 418  3641
Воспроизведение
626 328  4685
882 319  5727
639 411  6440
886 407  7456
PONZO1_WIDTH:152
694 319  1061
832 322  1835
686 418  2576
845 424  3367
Воспроизведение
675 316  4577
849 315  5367
675 406  6086
847 404  6822
PONZO1_WIDTH:247
633 323  1060
884 323  2032
625 424  2678
Воспроизведение
886 412  3605
633 332  4739
897 327  5629
630 435  6309
914 421  7161
NO_ILLUSION0_WIDTH:171
682 247  1113
839 243  1832
686 484  2723
854 487  3434
Воспроизведение
678 245  4556
866 247  5346
675 448  6092
854 451  6791
NO_ILLUSION0_WIDTH:247
638 239  1132
877 240  2013
642 485  2752
Воспроизведение
879 483  3658
630 278  4572
905 263  5553
625 479  6341
893 483  7286
NO_ILLUSION0_WIDTH:209
660 244  1030
862 243  1882
666 483  2659
866 485  3414
Воспроизведение
660 254  4640
882 247  5477
674 478  6235
872 482  7070
NO_ILLUSION0_WIDTH:266
633 244  1092
890 244  2097
634 491  2855
898 479  3780
Воспроизведение
630 256  5019
894 255  5952
639 477  6587
898 475  7529
NO_ILLUSION0_WIDTH:171
677 242  1082
848 243  1827
685 483  2590
850 482  3201
Воспроизведение
690 266  4406
877 266  5223
683 507  5883
854 483  6576
NO_ILLUSION0_WIDTH:152
687 252  1211
839 250  1820
699 497  2614
838 491  3205
Воспроизведение
694 259  4513
872 247  5133
690 512  5931
848 511  6444
NO_ILLUSION0_WIDTH:247
633 247  1244
887 247  2223
647 492  2988
891 483  3888
Воспроизведение
656 240  5309
918 243  6188
670 483  6909
936 469  7746
NO_ILLUSION0_WIDTH:209
654 241  1039
865 238  1785
658 498  2517
871 487  3389
Воспроизведение
673 277  4409
875 245  5641
657 491  6399
898 486  7225
NO_ILLUSION0_WIDTH:152
694 250  1405
832 254  1828
700 490  2613
828 483  3151
Воспроизведение
694 246  4331
852 257  4789
700 500  5501
850 491  6041
NO_ILLUSION0_WIDTH:266
622 245  1124
895 236  1906
639 486  2638
907 475  3628
Воспроизведение
630 259  4737
894 248  5600
626 516  6261
901 515  7107
