не показывать курсор
тип стимула PONZOTOP
перпендикулярные отрезки в Оппель-Кундта каждые... пикс 19
высота перпендикулярных отрезков в Оппель-Кундта 20
угол стрелок 45
длина стрелок 20
длина штанги (1я часть) 1 152
длина штанги (1я часть) 2 171
длина штанги (1я часть) 3 209
длина штанги (1я часть) 4 247
длина штанги (1я часть) 5 266
длина штанги (1я часть) 6 152
длина штанги (1я часть) 7 171
длина штанги (1я часть) 8 209
длина штанги (1я часть) 9 247
длина штанги (1я часть) 10 266
длина штанги (2я часть) 1 152
длина штанги (2я часть) 2 171
длина штанги (2я часть) 3 209
длина штанги (2я часть) 4 247
длина штанги (2я часть) 5 266
длина штанги (2я часть) 6 152
длина штанги (2я часть) 7 171
длина штанги (2я часть) 8 209
длина штанги (2я часть) 9 247
длина штанги (2я часть) 10 266
длина "закрывашек" 20
расстояние между линиями 240
расстояние до рельсов Понзо 20
ширина линий 4
всего опытов 20
PONZO1_WIDTH:152
678 340  2825
678 340  2825
694 311  3691
849 323  4150
690 420  4787
Воспроизведение
842 429  5226
690 314  6404
838 324  6791
686 444  7470
840 441  7855
PONZO1_WIDTH:266
622 316  987
916 320  1724
632 433  2308
893 428  2954
Воспроизведение
637 315  4063
898 316  4674
647 424  5292
922 420  5930
PONZO1_WIDTH:209
655 313  990
875 311  1682
655 423  2219
867 417  2875
Воспроизведение
641 303  4209
890 299  4900
631 439  5496
847 423  6098
PONZO1_WIDTH:209
654 314  806
874 311  1507
660 421  2009
864 407  2620
Воспроизведение
668 309  3646
897 308  4257
666 442  4832
866 436  5406
PONZO1_WIDTH:247
634 313  922
902 309  1686
634 418  2236
886 411  2938
Воспроизведение
625 304  4058
875 302  4650
634 441  5229
896 442  5822
PONZO1_WIDTH:247
638 318  817
890 305  1434
638 418  1963
898 409  2654
Воспроизведение
627 312  3743
902 314  4409
639 432  4972
885 431  5636
PONZO1_WIDTH:171
675 311  919
854 313  1486
673 429  2003
850 414  2578
Воспроизведение
658 326  3731
873 316  4378
664 440  4929
854 437  5467
PONZO1_WIDTH:152
676 317  873
852 315  1422
679 423  1987
826 411  2463
Воспроизведение
678 340  3601
856 322  4159
670 435  4706
853 421  5315
PONZO1_WIDTH:266
622 326  886
899 312  1552
630 424  2115
Воспроизведение
896 414  2816
649 336  3902
886 331  4513
634 455  5051
894 440  5716
PONZO1_WIDTH:171
671 309  875
844 307  1352
675 427  1890
848 416  2394
Воспроизведение
675 320  3492
866 311  3988
666 426  4517
862 421  5071
NO_ILLUSION0_WIDTH:152
678 246  855
845 235  1296
685 485  1899
845 485  2275
Воспроизведение
667 247  3381
856 235  3848
661 467  4479
848 459  5008
NO_ILLUSION0_WIDTH:209
654 248  970
863 242  1538
650 491  2123
867 490  2634
Воспроизведение
656 269  3772
879 261  4258
646 503  4956
880 491  5441
NO_ILLUSION0_WIDTH:209
642 246  960
875 238  1482
654 484  2084
874 483  2604
Воспроизведение
630 254  3659
892 247  4252
632 518  4859
884 506  5470
NO_ILLUSION0_WIDTH:152
681 247  857
841 236  1226
681 483  1905
846 483  2345
Воспроизведение
673 278  3965
854 270  4396
669 507  5041
843 502  5534
NO_ILLUSION0_WIDTH:266
614 254  876
894 240  1407
645 477  1966
902 480  2560
Воспроизведение
622 267  3533
882 272  4090
645 505  4665
906 507  5266
NO_ILLUSION0_WIDTH:247
622 240  934
895 243  1581
634 488  2247
877 479  2876
Воспроизведение
630 264  3961
884 271  4517
637 505  5240
883 508  5842
NO_ILLUSION0_WIDTH:266
610 235  1050
891 243  1606
610 486  2323
898 480  2908
Воспроизведение
599 256  3935
894 259  4555
610 523  5235
903 515  5810
NO_ILLUSION0_WIDTH:171
665 244  802
835 243  1233
668 493  1881
854 487  2382
Воспроизведение
663 245  3323
842 244  3719
666 507  4402
856 494  4841
NO_ILLUSION0_WIDTH:247
627 237  903
897 237  1370
621 479  1978
894 480  2508
Воспроизведение
616 245  3491
897 244  4020
638 484  4669
898 483  5161
NO_ILLUSION0_WIDTH:171
651 238  860
837 242  1256
663 508  1950
855 483  2427
Воспроизведение
662 260  3478
847 263  3857
675 503  4511
854 481  4931
