не показывать курсор
тип стимула PONZOTOP
перпендикулярные отрезки в Оппель-Кундта каждые... пикс 19
высота перпендикулярных отрезков в Оппель-Кундта 20
угол стрелок 45
длина стрелок 20
длина штанги (1я часть) 1 152
длина штанги (1я часть) 2 171
длина штанги (1я часть) 3 209
длина штанги (1я часть) 4 247
длина штанги (1я часть) 5 266
длина штанги (1я часть) 6 152
длина штанги (1я часть) 7 171
длина штанги (1я часть) 8 209
длина штанги (1я часть) 9 247
длина штанги (1я часть) 10 266
длина штанги (2я часть) 1 152
длина штанги (2я часть) 2 171
длина штанги (2я часть) 3 209
длина штанги (2я часть) 4 247
длина штанги (2я часть) 5 266
длина штанги (2я часть) 6 152
длина штанги (2я часть) 7 171
длина штанги (2я часть) 8 209
длина штанги (2я часть) 9 247
длина штанги (2я часть) 10 266
длина "закрывашек" 20
расстояние между линиями 240
расстояние до рельсов Понзо 20
ширина линий 4
всего опытов 20
PONZO1_WIDTH:209
686 308  2481
888 315  2909
657 411  3475
894 412  3967
Воспроизведение
650 320  5094
886 331  5599
639 434  6068
915 438  6635
PONZO1_WIDTH:266
630 325  939
893 323  1515
625 420  2015
910 427  2584
Воспроизведение
647 315  3600
947 323  4185
645 444  4719
958 448  5364
PONZO1_WIDTH:266
632 323  931
922 325  1459
629 421  1973
906 423  2541
Воспроизведение
623 313  3839
929 299  4452
632 442  4952
935 443  5567
PONZO1_WIDTH:209
666 323  861
874 323  1349
650 425  1885
875 435  2419
Воспроизведение
650 309  3753
914 306  4292
657 437  4719
932 450  5258
PONZO1_WIDTH:171
661 319  735
864 319  1270
669 425  1755
857 435  2322
Воспроизведение
675 322  3717
919 336  4254
651 459  4770
941 479  5306
PONZO1_WIDTH:247
650 329  844
910 323  1508
627 425  1963
913 439  2436
Воспроизведение
626 329  3901
922 322  4376
639 440  4871
940 451  5381
PONZO1_WIDTH:171
682 312  851
894 311  1323
654 419  1841
855 422  2329
Воспроизведение
658 304  3454
915 307  3990
650 439  4523
893 449  5030
PONZO1_WIDTH:152
686 323  1049
875 296  1443
673 420  1961
854 411  2404
Воспроизведение
694 325  3829
872 312  4274
658 419  4885
866 423  5327
PONZO1_WIDTH:247
645 313  986
883 310  1555
635 411  1994
889 419  2561
Воспроизведение
634 317  3800
916 316  4447
622 442  4980
913 419  5642
PONZO1_WIDTH:152
696 320  880
853 327  1292
690 427  1831
848 414  2282
Воспроизведение
685 317  3457
865 315  3882
673 421  4385
874 424  4841
NO_ILLUSION0_WIDTH:152
690 247  867
848 254  1232
703 496  1748
865 482  2204
Воспроизведение
682 249  3238
867 249  3679
704 499  4228
868 502  4763
NO_ILLUSION0_WIDTH:247
658 250  724
895 245  1340
649 475  1984
904 481  2441
Воспроизведение
626 255  3722
930 265  4301
624 524  4919
934 515  5440
NO_ILLUSION0_WIDTH:266
623 246  814
908 264  1319
620 495  1758
907 487  2183
Воспроизведение
615 260  3074
957 259  3548
623 515  4064
951 520  4569
NO_ILLUSION0_WIDTH:152
672 254  651
870 258  1013
695 497  1578
868 489  1881
Воспроизведение
670 252  2938
886 244  3411
650 536  3944
889 530  4464
NO_ILLUSION0_WIDTH:171
659 247  626
876 259  1004
676 503  1537
848 488  2056
Воспроизведение
652 248  3415
884 252  3863
668 519  4523
882 520  4931
NO_ILLUSION0_WIDTH:209
660 243  1006
872 259  1387
661 479  1934
899 489  2394
Воспроизведение
649 255  3458
919 252  3916
655 512  4462
912 519  5000
NO_ILLUSION0_WIDTH:209
653 254  662
878 249  1100
651 489  1632
882 483  2058
Воспроизведение
626 235  3807
908 231  4293
650 512  4857
898 517  5298
NO_ILLUSION0_WIDTH:266
630 231  1126
875 246  1647
630 484  2208
901 478  2733
Воспроизведение
662 298  4927
627 295  4993
625 301  5477
916 299  5911
596 535  6469
915 535  6959
NO_ILLUSION0_WIDTH:171
668 255  797
879 255  1222
650 499  1785
871 487  2273
Воспроизведение
661 251  3625
902 243  4046
649 531  4581
928 532  5148
NO_ILLUSION0_WIDTH:247
634 256  893
879 260  1383
626 494  1899
902 476  2515
Воспроизведение
622 245  3550
918 243  4076
630 523  4649
930 543  5144
