не показывать курсор
тип стимула PONZOTOP
перпендикулярные отрезки в Оппель-Кундта каждые... пикс 19
высота перпендикулярных отрезков в Оппель-Кундта 20
угол стрелок 45
длина стрелок 20
длина штанги (1я часть) 1 152
длина штанги (1я часть) 2 171
длина штанги (1я часть) 3 209
длина штанги (1я часть) 4 247
длина штанги (1я часть) 5 266
длина штанги (1я часть) 6 152
длина штанги (1я часть) 7 171
длина штанги (1я часть) 8 209
длина штанги (1я часть) 9 247
длина штанги (1я часть) 10 266
длина штанги (2я часть) 1 152
длина штанги (2я часть) 2 171
длина штанги (2я часть) 3 209
длина штанги (2я часть) 4 247
длина штанги (2я часть) 5 266
длина штанги (2я часть) 6 152
длина штанги (2я часть) 7 171
длина штанги (2я часть) 8 209
длина штанги (2я часть) 9 247
длина штанги (2я часть) 10 266
длина "закрывашек" 20
расстояние между линиями 240
расстояние до рельсов Понзо 20
ширина линий 4
всего опытов 20
PONZO1_WIDTH:209
675 299  2215
901 311  2751
675 424  3378
900 430  3741
Воспроизведение
643 298  5104
922 311  5545
641 442  6051
874 437  6489
PONZO1_WIDTH:209
662 331  720
871 332  1162
671 418  1711
874 425  2248
Воспроизведение
629 327  3249
892 335  3690
642 423  4144
891 431  4570
PONZO1_WIDTH:171
686 310  774
862 323  1168
681 420  1685
850 420  2094
Воспроизведение
638 330  3080
907 325  3530
662 426  3963
894 428  4391
PONZO1_WIDTH:247
629 336  783
925 323  1219
644 427  1791
906 419  2263
Воспроизведение
651 325  3140
941 335  3596
660 430  4019
976 428  4506
PONZO1_WIDTH:266
644 319  629
959 338  1091
636 421  1604
905 426  2015
Воспроизведение
636 324  3034
946 339  3521
631 447  4119
954 430  4676
PONZO1_WIDTH:171
675 317  753
896 332  1131
670 419  1616
875 415  2031
Воспроизведение
651 303  3139
878 319  3580
670 427  3976
922 409  4464
PONZO1_WIDTH:247
630 333  734
918 333  1331
638 424  1849
883 419  2307
Воспроизведение
634 335  3484
946 331  4131
678 437  4709
976 435  5259
PONZO1_WIDTH:152
706 328  736
706 328  736
675 312  972
886 321  1417
678 410  1902
843 410  2248
Воспроизведение
669 308  3552
962 299  4012
650 405  4559
873 410  5038
PONZO1_WIDTH:266
630 335  990
862 329  1595
638 415  2175
918 422  2725
Воспроизведение
557 327  4237
934 333  4753
596 421  5182
915 409  5672
PONZO1_WIDTH:152
687 327  729
864 331  1119
686 430  1566
870 418  1914
Воспроизведение
674 327  2933
879 326  3391
686 443  3831
903 431  4242
NO_ILLUSION0_WIDTH:209
664 262  803
864 253  1241
659 483  1759
875 483  2202
Воспроизведение
645 256  3470
901 255  3959
643 491  4462
922 490  4903
NO_ILLUSION0_WIDTH:266
638 262  714
926 259  1143
641 479  1549
878 489  1915
Воспроизведение
618 242  2929
918 247  3371
620 482  3746
919 482  4187
NO_ILLUSION0_WIDTH:209
637 254  674
877 261  1038
645 509  1446
897 503  1857
Воспроизведение
641 238  2894
924 253  3303
666 487  3820
951 481  4262
NO_ILLUSION0_WIDTH:171
667 245  610
862 256  942
670 496  1507
895 487  1870
Воспроизведение
638 261  2763
886 271  3172
630 520  3674
889 530  4036
NO_ILLUSION0_WIDTH:152
673 237  764
867 255  1134
678 487  1605
871 491  1954
Воспроизведение
674 247  2847
878 258  3272
665 496  3696
891 497  4043
NO_ILLUSION0_WIDTH:247
610 255  658
897 255  1171
630 484  1619
918 491  1983
Воспроизведение
614 231  3095
934 236  3632
616 518  4166
911 519  4764
NO_ILLUSION0_WIDTH:247
636 243  563
880 252  1004
642 505  1598
883 503  2197
Воспроизведение
614 241  3021
917 239  3414
609 499  3853
931 485  4452
NO_ILLUSION0_WIDTH:152
658 239  1223
880 245  1680
665 491  2056
866 490  2479
Воспроизведение
666 264  2941
907 261  3410
670 513  3837
928 512  4199
NO_ILLUSION0_WIDTH:266
651 241  674
891 250  1068
640 499  1538
916 502  1995
Воспроизведение
626 244  2715
978 265  3255
648 531  3742
1002 548  4312
NO_ILLUSION0_WIDTH:171
642 259  768
885 265  1351
686 491  1774
860 488  2590
Воспроизведение
622 264  4005
891 270  4321
637 504  4682
885 516  5062
