не показывать курсор
тип стимула PONZOTOP
перпендикулярные отрезки в Оппель-Кундта каждые... пикс 19
высота перпендикулярных отрезков в Оппель-Кундта 20
угол стрелок 45
длина стрелок 20
длина штанги (1я часть) 1 152
длина штанги (1я часть) 2 171
длина штанги (1я часть) 3 209
длина штанги (1я часть) 4 247
длина штанги (1я часть) 5 266
длина штанги (1я часть) 6 152
длина штанги (1я часть) 7 171
длина штанги (1я часть) 8 209
длина штанги (1я часть) 9 247
длина штанги (1я часть) 10 266
длина штанги (2я часть) 1 152
длина штанги (2я часть) 2 171
длина штанги (2я часть) 3 209
длина штанги (2я часть) 4 247
длина штанги (2я часть) 5 266
длина штанги (2я часть) 6 152
длина штанги (2я часть) 7 171
длина штанги (2я часть) 8 209
длина штанги (2я часть) 9 247
длина штанги (2я часть) 10 266
длина "закрывашек" 20
расстояние между линиями 240
расстояние до рельсов Понзо 20
ширина линий 4
всего опытов 20
PONZO1_WIDTH:266
642 306  5733
899 311  6820
640 422  7949
905 409  8854
Воспроизведение
630 312  10405
918 317  11370
624 391  12468
919 381  13629
PONZO1_WIDTH:152
695 315  1176
851 316  1989
690 415  2895
854 414  3810
Воспроизведение
662 327  5186
867 314  5990
664 401  6757
886 396  7859
PONZO1_WIDTH:247
650 310  1275
890 319  2151
651 422  2935
894 413  3957
Воспроизведение
626 323  5251
902 316  6107
618 406  7018
910 412  7927
PONZO1_WIDTH:209
670 318  928
883 320  1673
662 422  2424
871 409  3213
Воспроизведение
632 338  4968
870 343  5829
624 422  6693
875 419  7596
PONZO1_WIDTH:266
633 311  1159
906 319  2076
638 411  2937
907 415  3950
Воспроизведение
626 331  5360
886 335  6338
626 404  7250
908 410  8256
PONZO1_WIDTH:152
699 317  1081
850 314  1736
701 419  2503
847 410  3302
Воспроизведение
672 336  4870
876 336  5716
662 405  6595
865 405  7428
PONZO1_WIDTH:209
675 324  1067
873 324  1792
675 412  2688
881 411  3552
Воспроизведение
655 340  5115
915 351  6125
658 414  6987
891 419  7809
PONZO1_WIDTH:247
650 327  1128
892 326  2053
649 415  2830
905 413  3840
Воспроизведение
652 333  5313
914 335  6231
631 424  7158
908 421  7970
PONZO1_WIDTH:171
696 312  1315
855 317  2214
681 411  2957
860 414  3751
Воспроизведение
677 343  5081
888 349  5912
669 431  6695
883 438  7563
PONZO1_WIDTH:171
678 315  1206
874 308  2028
688 419  2805
854 415  3417
Воспроизведение
673 338  4987
867 346  5658
665 420  6540
878 433  7326
NO_ILLUSION0_WIDTH:247
644 248  1255
894 251  2162
650 484  3092
890 480  3982
Воспроизведение
657 261  5308
916 267  6244
669 449  7091
930 447  8049
NO_ILLUSION0_WIDTH:171
684 237  955
860 247  1584
683 483  2498
857 480  3165
Воспроизведение
677 259  4432
870 262  5018
687 459  5942
877 467  6546
NO_ILLUSION0_WIDTH:266
639 245  1177
904 247  1872
634 483  2789
900 488  3595
Воспроизведение
647 251  5222
909 259  6062
650 443  6891
888 443  7655
NO_ILLUSION0_WIDTH:209
668 240  1195
865 259  1885
662 487  2670
882 483  3396
Воспроизведение
672 249  4585
914 263  5290
674 442  6375
911 446  7120
NO_ILLUSION0_WIDTH:266
632 243  1111
902 250  1914
637 480  2782
906 482  3585
Воспроизведение
646 257  4698
915 256  5436
648 445  6339
885 458  7154
NO_ILLUSION0_WIDTH:152
686 242  974
850 247  1563
688 480  2451
854 477  3145
Воспроизведение
695 251  4437
859 259  5065
690 447  5953
853 452  6429
NO_ILLUSION0_WIDTH:209
664 249  1070
878 251  1650
665 480  2300
873 490  3025
Воспроизведение
677 268  4228
870 271  4717
671 452  5549
868 451  6039
NO_ILLUSION0_WIDTH:247
643 233  955
900 246  1581
649 484  2371
886 489  3085
Воспроизведение
650 258  4258
889 267  4869
648 445  5681
882 453  6332
NO_ILLUSION0_WIDTH:152
691 251  906
853 247  1430
686 481  2104
858 483  2594
Воспроизведение
685 259  3739
854 266  4215
678 448  5047
838 455  5572
NO_ILLUSION0_WIDTH:171
681 246  1007
862 259  1580
680 481  2649
865 485  3175
Воспроизведение
686 254  4373
850 263  4895
681 447  6162
864 454  6604
