не показывать курсор
тип стимула PONZOTOP
перпендикулярные отрезки в Оппель-Кундта каждые... пикс 19
высота перпендикулярных отрезков в Оппель-Кундта 20
угол стрелок 45
длина стрелок 20
длина штанги (1я часть) 1 152
длина штанги (1я часть) 2 171
длина штанги (1я часть) 3 209
длина штанги (1я часть) 4 247
длина штанги (1я часть) 5 266
длина штанги (1я часть) 6 152
длина штанги (1я часть) 7 171
длина штанги (1я часть) 8 209
длина штанги (1я часть) 9 247
длина штанги (1я часть) 10 266
длина штанги (2я часть) 1 152
длина штанги (2я часть) 2 171
длина штанги (2я часть) 3 209
длина штанги (2я часть) 4 247
длина штанги (2я часть) 5 266
длина штанги (2я часть) 6 152
длина штанги (2я часть) 7 171
длина штанги (2я часть) 8 209
длина штанги (2я часть) 9 247
длина штанги (2я часть) 10 266
длина "закрывашек" 20
расстояние между линиями 240
расстояние до рельсов Понзо 20
ширина линий 4
всего опытов 20
PONZO1_WIDTH:152
704 301  6239
866 307  7053
697 410  7713
854 413  8552
Воспроизведение
674 322  10859
857 319  11629
680 441  12477
878 439  13228
PONZO1_WIDTH:266
642 320  1312
902 320  2139
655 412  3002
903 419  3934
Воспроизведение
648 341  5657
891 339  6339
620 461  7233
914 455  8190
PONZO1_WIDTH:247
635 318  1160
906 331  1811
641 432  2588
894 426  3427
Воспроизведение
630 317  5046
898 323  5851
629 446  6618
893 431  7510
PONZO1_WIDTH:266
654 308  1199
902 325  1917
634 423  2593
901 416  3341
Воспроизведение
636 354  4995
925 353  5615
634 480  6396
882 475  7281
PONZO1_WIDTH:152
698 313  1193
846 318  1686
700 416  2402
860 420  2861
Воспроизведение
674 339  4503
862 339  5023
659 464  5855
863 463  6375
PONZO1_WIDTH:209
668 319  1080
882 327  1821
668 415  2554
886 422  3262
Воспроизведение
658 340  4769
919 330  5437
648 453  6235
874 447  7007
PONZO1_WIDTH:171
686 304  1160
882 318  1971
694 430  2635
856 425  3303
Воспроизведение
673 332  4779
906 331  5505
657 451  6245
886 443  6852
PONZO1_WIDTH:209
675 329  1094
893 328  1690
667 414  2310
868 423  2981
Воспроизведение
661 339  4237
906 339  4999
658 450  5847
870 451  6587
PONZO1_WIDTH:171
686 325  1320
865 327  1951
676 423  2703
863 420  3383
Воспроизведение
674 341  5167
894 345  5857
657 448  6631
878 454  7309
PONZO1_WIDTH:247
670 317  1167
903 323  1867
656 427  2519
895 418  3295
Воспроизведение
631 335  5081
895 345  5795
630 455  6584
882 439  7360
NO_ILLUSION0_WIDTH:209
669 261  1269
890 263  1928
677 483  2718
873 489  3286
Воспроизведение
656 255  5466
868 255  6122
670 447  7124
892 454  8025
NO_ILLUSION0_WIDTH:266
640 256  1166
912 259  1913
646 482  2771
896 485  3540
Воспроизведение
634 251  5006
893 243  5716
655 461  6642
914 475  7463
NO_ILLUSION0_WIDTH:247
644 256  1182
908 253  2011
655 491  2943
868 487  3865
Воспроизведение
633 263  5291
896 259  5991
645 464  6853
896 454  7742
NO_ILLUSION0_WIDTH:266
635 246  1122
906 250  1885
644 499  2732
902 502  3450
Воспроизведение
634 270  5375
900 268  6165
626 467  7040
903 477  7861
NO_ILLUSION0_WIDTH:209
666 255  1240
904 257  1916
670 486  2611
870 494  3323
Воспроизведение
642 265  4827
899 257  5492
661 464  6374
898 466  7124
NO_ILLUSION0_WIDTH:247
646 243  1223
910 248  1920
647 491  2701
897 498  3443
Воспроизведение
642 270  4946
906 271  5785
659 460  6727
932 467  7436
NO_ILLUSION0_WIDTH:152
702 251  1060
864 249  1572
694 497  2331
849 501  3047
Воспроизведение
681 251  4587
889 253  5224
677 478  6037
868 483  6701
NO_ILLUSION0_WIDTH:152
703 247  1052
878 248  1705
706 486  2469
848 493  3089
Воспроизведение
686 239  4515
903 233  5173
680 479  5899
838 490  6557
NO_ILLUSION0_WIDTH:171
695 249  1041
866 256  1580
701 487  2264
855 491  2847
Воспроизведение
675 257  4197
883 259  4752
683 464  5520
882 464  6048
NO_ILLUSION0_WIDTH:171
690 241  1146
874 246  1684
695 489  2377
856 495  2990
Воспроизведение
658 262  5080
862 252  5673
672 439  6632
869 447  7211
