не показывать курсор
тип стимула PONZOTOP
перпендикулярные отрезки в Оппель-Кундта каждые... пикс 19
высота перпендикулярных отрезков в Оппель-Кундта 20
угол стрелок 45
длина стрелок 20
длина штанги (1я часть) 1 152
длина штанги (1я часть) 2 171
длина штанги (1я часть) 3 209
длина штанги (1я часть) 4 247
длина штанги (1я часть) 5 266
длина штанги (1я часть) 6 152
длина штанги (1я часть) 7 171
длина штанги (1я часть) 8 209
длина штанги (1я часть) 9 247
длина штанги (1я часть) 10 266
длина штанги (2я часть) 1 152
длина штанги (2я часть) 2 171
длина штанги (2я часть) 3 209
длина штанги (2я часть) 4 247
длина штанги (2я часть) 5 266
длина штанги (2я часть) 6 152
длина штанги (2я часть) 7 171
длина штанги (2я часть) 8 209
длина штанги (2я часть) 9 247
длина штанги (2я часть) 10 266
длина "закрывашек" 20
расстояние между линиями 240
расстояние до рельсов Понзо 20
ширина линий 4
всего опытов 20
PONZO1_WIDTH:266
636 319  3664
890 316  4382
630 419  5155
902 427  5837
Воспроизведение
646 302  7219
914 297  7838
646 409  8716
922 406  9489
PONZO1_WIDTH:171
690 334  1500
856 321  2038
690 408  3016
850 419  3500
Воспроизведение
679 345  4831
873 347  5434
649 475  6364
867 463  6948
PONZO1_WIDTH:209
686 307  1446
869 314  1977
664 424  2782
868 417  3347
Воспроизведение
663 302  4528
902 318  5130
670 420  6073
955 424  6782
PONZO1_WIDTH:209
674 317  1562
881 312  2166
672 418  3052
866 415  3636
Воспроизведение
674 309  4716
903 321  5300
674 405  6206
902 391  6772
PONZO1_WIDTH:247
653 319  1349
891 315  1996
646 424  2813
892 412  3352
Воспроизведение
664 340  4527
896 344  5004
647 451  5970
893 444  6437
PONZO1_WIDTH:152
700 315  1070
849 315  1491
694 415  2211
850 419  2750
Воспроизведение
686 321  3809
878 325  4356
700 419  5111
881 416  5605
PONZO1_WIDTH:152
698 319  1211
850 313  1561
703 411  2356
830 415  2643
Воспроизведение
701 341  3791
863 351  4286
677 445  5098
834 431  5494
PONZO1_WIDTH:247
660 311  1073
879 320  1583
653 419  2245
901 415  2820
Воспроизведение
648 316  4051
898 327  4589
625 443  5270
914 427  5827
PONZO1_WIDTH:171
692 311  1358
854 315  1878
686 413  2652
848 412  3146
Воспроизведение
690 317  4386
858 313  4782
677 433  5544
862 437  5930
PONZO1_WIDTH:266
639 317  977
906 315  1472
649 422  2259
890 415  2913
Воспроизведение
671 317  3989
959 330  4429
652 455  5158
939 443  5688
NO_ILLUSION0_WIDTH:247
645 259  1058
886 243  1631
641 490  2492
939 484  2950
Воспроизведение
654 264  4199
953 289  4800
626 471  5584
962 447  6231
NO_ILLUSION0_WIDTH:209
670 247  1317
872 254  1855
671 485  2706
885 487  3154
Воспроизведение
666 274  4436
907 274  4930
676 472  5622
905 455  6090
NO_ILLUSION0_WIDTH:209
668 247  1064
887 254  1603
663 480  2306
862 495  2882
Воспроизведение
643 247  4000
921 260  4440
645 491  5401
934 473  5869
NO_ILLUSION0_WIDTH:171
688 246  1093
838 249  1587
700 491  2442
845 487  2900
Воспроизведение
658 262  4067
882 265  4471
671 532  5316
877 520  5674
NO_ILLUSION0_WIDTH:171
682 249  1205
849 251  1646
690 482  2500
856 489  2787
Воспроизведение
666 259  4145
882 264  4495
650 460  5316
875 460  5783
NO_ILLUSION0_WIDTH:266
637 252  1180
910 255  1664
649 480  2421
906 491  2934
Воспроизведение
654 265  4126
928 275  4547
648 464  5399
977 456  5877
NO_ILLUSION0_WIDTH:266
634 244  1191
914 246  1820
641 484  2619
888 483  3159
Воспроизведение
666 271  4366
978 270  4860
629 476  5735
935 490  6149
NO_ILLUSION0_WIDTH:152
699 250  1258
838 247  1564
702 489  2342
864 505  2648
Воспроизведение
720 268  3623
914 265  4098
713 504  4809
872 495  5195
NO_ILLUSION0_WIDTH:247
638 258  1053
879 249  1646
644 474  2334
894 482  2845
Воспроизведение
671 266  3840
938 272  4326
637 446  5011
935 443  5587
NO_ILLUSION0_WIDTH:152
686 247  1170
842 244  1537
697 493  2359
854 507  2772
Воспроизведение
694 256  3839
862 254  4216
674 507  4862
851 508  5211
