не показывать курсор
тип стимула PONZOTOP
перпендикулярные отрезки в Оппель-Кундта каждые... пикс 19
высота перпендикулярных отрезков в Оппель-Кундта 20
угол стрелок 45
длина стрелок 20
длина штанги (1я часть) 1 152
длина штанги (1я часть) 2 171
длина штанги (1я часть) 3 209
длина штанги (1я часть) 4 247
длина штанги (1я часть) 5 266
длина штанги (1я часть) 6 152
длина штанги (1я часть) 7 171
длина штанги (1я часть) 8 209
длина штанги (1я часть) 9 247
длина штанги (1я часть) 10 266
длина штанги (2я часть) 1 152
длина штанги (2я часть) 2 171
длина штанги (2я часть) 3 209
длина штанги (2я часть) 4 247
длина штанги (2я часть) 5 266
длина штанги (2я часть) 6 152
длина штанги (2я часть) 7 171
длина штанги (2я часть) 8 209
длина штанги (2я часть) 9 247
длина штанги (2я часть) 10 266
длина "закрывашек" 20
расстояние между линиями 240
расстояние до рельсов Понзо 20
ширина линий 4
всего опытов 20
PONZO1_WIDTH:266
650 315  5540
906 324  6090
644 412  6909
908 416  7557
Воспроизведение
658 301  9262
936 304  9847
620 480  10718
929 464  11211
PONZO1_WIDTH:247
654 319  1016
894 321  1619
650 419  2275
889 422  3067
Воспроизведение
667 327  4277
919 331  4780
625 476  5559
930 479  6026
PONZO1_WIDTH:152
702 321  1056
849 319  1471
702 421  2364
858 419  2813
Воспроизведение
705 314  3901
910 313  4450
695 423  5213
899 420  5681
PONZO1_WIDTH:152
709 315  1029
844 317  1417
702 419  2120
855 422  2614
Воспроизведение
703 311  3607
898 305  4084
701 449  4858
886 446  5217
PONZO1_WIDTH:266
649 325  1025
918 329  1557
634 411  2316
899 420  2981
Воспроизведение
665 319  3919
987 333  4440
653 442  5236
961 443  5720
PONZO1_WIDTH:209
676 323  1040
872 317  1517
674 421  2272
867 415  2812
Воспроизведение
698 328  3888
914 333  4364
673 449  5070
926 450  5563
PONZO1_WIDTH:171
690 319  1059
868 318  1509
691 415  2119
866 415  2587
Воспроизведение
710 328  3619
914 333  4087
702 432  4663
930 432  5067
PONZO1_WIDTH:171
692 319  1016
858 319  1466
698 419  2189
868 407  2613
Воспроизведение
688 333  4013
906 325  4382
686 464  5185
894 468  5535
PONZO1_WIDTH:247
651 320  1012
883 315  1615
650 411  2221
882 416  2823
Воспроизведение
670 324  3958
985 326  4471
650 443  5149
922 455  5580
PONZO1_WIDTH:209
676 315  1104
894 322  1625
674 416  2293
879 417  2780
Воспроизведение
693 315  3870
932 329  4257
679 444  5023
921 452  5381
NO_ILLUSION0_WIDTH:171
686 251  1069
862 246  1482
698 483  2255
865 480  2704
Воспроизведение
714 263  3896
927 278  4237
712 534  5070
922 528  5403
NO_ILLUSION0_WIDTH:209
658 254  1100
876 253  1621
676 487  2495
896 486  3033
Воспроизведение
695 261  4126
916 256  4575
702 480  5274
935 491  5724
NO_ILLUSION0_WIDTH:152
698 253  1110
844 251  1568
701 486  2283
846 483  2822
Воспроизведение
717 255  3845
891 247  4259
724 517  5024
904 508  5412
NO_ILLUSION0_WIDTH:247
646 253  1049
889 251  1553
652 484  2234
898 483  2944
Воспроизведение
658 251  3767
979 243  4244
678 473  4948
987 480  5460
NO_ILLUSION0_WIDTH:152
703 248  839
851 240  1326
702 486  2137
848 479  2568
Воспроизведение
712 251  3727
920 264  4078
702 519  4888
886 523  5247
NO_ILLUSION0_WIDTH:247
654 251  895
890 255  1451
659 488  2147
898 488  2732
Воспроизведение
655 255  4057
918 254  4579
682 467  5325
943 459  5774
NO_ILLUSION0_WIDTH:266
651 251  1097
908 253  1637
648 490  2369
902 488  3032
Воспроизведение
677 263  3945
981 267  4457
669 486  5185
1010 488  5625
NO_ILLUSION0_WIDTH:266
632 256  914
893 259  1480
646 487  2191
910 485  2846
Воспроизведение
652 267  3753
979 269  4275
653 471  5058
970 481  5498
NO_ILLUSION0_WIDTH:171
684 251  952
866 252  1401
682 498  2124
864 482  2619
Воспроизведение
701 255  3755
902 257  4115
688 504  4917
899 499  5295
NO_ILLUSION0_WIDTH:209
670 243  809
870 246  1304
674 493  2099
890 474  2656
Воспроизведение
678 259  3745
946 275  4212
666 501  4909
956 467  5341
