не показывать курсор
тип стимула PONZOTOP
перпендикулярные отрезки в Оппель-Кундта каждые... пикс 19
высота перпендикулярных отрезков в Оппель-Кундта 20
угол стрелок 45
длина стрелок 20
длина штанги (1я часть) 1 152
длина штанги (1я часть) 2 171
длина штанги (1я часть) 3 209
длина штанги (1я часть) 4 247
длина штанги (1я часть) 5 266
длина штанги (1я часть) 6 152
длина штанги (1я часть) 7 171
длина штанги (1я часть) 8 209
длина штанги (1я часть) 9 247
длина штанги (1я часть) 10 266
длина штанги (2я часть) 1 152
длина штанги (2я часть) 2 171
длина штанги (2я часть) 3 209
длина штанги (2я часть) 4 247
длина штанги (2я часть) 5 266
длина штанги (2я часть) 6 152
длина штанги (2я часть) 7 171
длина штанги (2я часть) 8 209
длина штанги (2я часть) 9 247
длина штанги (2я часть) 10 266
длина "закрывашек" 20
расстояние между линиями 240
расстояние до рельсов Понзо 20
ширина линий 4
всего опытов 20
PONZO1_WIDTH:247
650 317  2812
894 327  4205
643 416  5134
884 417  6375
Воспроизведение
646 319  7751
880 315  9000
641 437  9706
903 431  10866
PONZO1_WIDTH:209
674 315  1370
862 320  2243
656 422  3110
880 423  4322
Воспроизведение
655 318  5693
874 318  6924
669 422  7669
867 413  8737
PONZO1_WIDTH:266
634 311  1157
898 321  2262
645 419  3276
907 415  4696
Воспроизведение
643 321  6247
920 315  7847
665 416  8547
914 415  9651
PONZO1_WIDTH:209
672 320  1611
871 324  2680
658 427  3352
871 416  4242
Воспроизведение
667 318  5099
855 317  6024
685 412  6720
877 415  7762
PONZO1_WIDTH:152
689 323  888
851 313  1671
690 418  2332
838 419  3237
Воспроизведение
701 323  4228
854 315  5144
698 418  5768
858 411  6710
PONZO1_WIDTH:171
682 317  1233
850 319  2212
676 416  3039
860 415  4109
Воспроизведение
679 313  5126
854 314  6115
686 419  6881
846 417  7807
PONZO1_WIDTH:247
638 323  937
882 327  2184
648 423  2957
893 412  4197
Воспроизведение
655 319  5208
881 317  6260
679 431  6999
906 423  8374
PONZO1_WIDTH:266
634 315  1049
888 315  2073
630 417  2880
908 412  4021
Воспроизведение
642 307  4846
884 308  5780
629 441  6451
878 433  7962
PONZO1_WIDTH:152
690 315  1146
832 317  1911
688 423  2889
856 419  3698
Воспроизведение
690 311  4813
828 307  5828
685 429  6654
848 420  7390
PONZO1_WIDTH:171
676 316  1020
851 316  2008
679 422  2764
854 416  3734
Воспроизведение
679 319  4760
846 316  5785
679 419  6715
862 417  7810
NO_ILLUSION0_WIDTH:266
630 248  1189
898 251  2330
634 491  3204
904 483  4399
Воспроизведение
630 255  5407
902 257  6566
661 447  7472
898 446  8524
NO_ILLUSION0_WIDTH:266
634 245  1204
890 251  2318
627 487  3098
905 485  4220
Воспроизведение
632 251  5089
890 254  6419
639 466  7373
885 461  8451
NO_ILLUSION0_WIDTH:247
642 247  982
886 249  2094
642 491  2764
890 491  3751
Воспроизведение
638 248  4628
885 248  5831
666 453  6819
886 448  7986
NO_ILLUSION0_WIDTH:152
685 247  1025
855 256  1818
694 484  2780
852 492  3794
Воспроизведение
684 261  4835
851 260  5922
682 459  6646
878 457  7598
NO_ILLUSION0_WIDTH:209
658 253  1078
873 255  1941
660 483  2660
886 492  3648
Воспроизведение
654 247  4546
874 249  5606
655 487  6404
881 484  7688
NO_ILLUSION0_WIDTH:152
684 251  1041
847 252  1750
694 493  2731
852 491  3717
Воспроизведение
692 255  4753
854 255  5624
697 497  6528
863 498  7615
NO_ILLUSION0_WIDTH:171
678 244  977
848 251  1858
688 488  2677
857 489  3575
Воспроизведение
685 249  4430
850 248  5230
690 469  5997
862 466  6903
NO_ILLUSION0_WIDTH:171
675 245  1706
847 246  2640
681 491  3431
858 494  4445
Воспроизведение
686 251  5393
846 247  6336
697 477  7150
836 476  8202
NO_ILLUSION0_WIDTH:247
639 247  1124
885 249  2148
639 487  2918
890 489  4131
Воспроизведение
649 251  5001
898 250  6169
654 459  7101
878 456  8179
NO_ILLUSION0_WIDTH:209
660 245  837
868 245  1835
667 483  2586
875 489  3602
Воспроизведение
662 251  4651
874 248  5629
672 465  6383
878 470  7452
