не показывать курсор
тип стимула PONZOTOP
перпендикулярные отрезки в Оппель-Кундта каждые... пикс 19
высота перпендикулярных отрезков в Оппель-Кундта 20
угол стрелок 45
длина стрелок 20
длина штанги (1я часть) 1 152
длина штанги (1я часть) 2 171
длина штанги (1я часть) 3 209
длина штанги (1я часть) 4 247
длина штанги (1я часть) 5 266
длина штанги (1я часть) 6 152
длина штанги (1я часть) 7 171
длина штанги (1я часть) 8 209
длина штанги (1я часть) 9 247
длина штанги (1я часть) 10 266
длина штанги (2я часть) 1 152
длина штанги (2я часть) 2 171
длина штанги (2я часть) 3 209
длина штанги (2я часть) 4 247
длина штанги (2я часть) 5 266
длина штанги (2я часть) 6 152
длина штанги (2я часть) 7 171
длина штанги (2я часть) 8 209
длина штанги (2я часть) 9 247
длина штанги (2я часть) 10 266
длина "закрывашек" 20
расстояние между линиями 240
расстояние до рельсов Понзо 20
ширина линий 4
всего опытов 20
PONZO1_WIDTH:152
694 320  10246
839 322  11081
695 428  11901
842 418  12862
Воспроизведение
687 323  14268
843 323  15140
694 408  16113
853 407  17200
PONZO1_WIDTH:247
651 319  2049
886 323  3422
642 422  4514
884 420  5943
Воспроизведение
643 320  7291
876 323  8493
650 439  9562
879 431  11005
PONZO1_WIDTH:171
689 324  2138
845 323  3207
677 419  4266
846 418  5461
Воспроизведение
677 316  7031
855 318  8075
676 427  8926
870 427  9977
PONZO1_WIDTH:209
662 322  1592
865 319  2652
662 423  3346
876 421  4621
Воспроизведение
678 327  5997
869 328  6965
675 430  7862
885 425  8977
PONZO1_WIDTH:152
697 321  1532
841 324  2477
696 420  3296
842 418  4483
Воспроизведение
689 320  5934
834 323  6733
696 426  7497
849 427  8376
PONZO1_WIDTH:266
642 318  1796
887 327  3316
635 421  4329
902 419  5904
Воспроизведение
636 313  7400
908 327  8657
641 433  9644
916 430  11018
PONZO1_WIDTH:266
635 321  1714
906 321  3008
637 420  3958
895 419  5414
Воспроизведение
637 317  6815
932 321  8450
654 413  9509
904 406  10767
PONZO1_WIDTH:247
651 316  1675
883 321  2907
646 414  3910
893 423  5286
Воспроизведение
643 321  6431
889 328  7860
647 426  8842
881 425  9993
PONZO1_WIDTH:209
663 320  1742
869 322  2947
658 422  3691
870 419  4815
Воспроизведение
651 319  6127
882 315  7232
642 416  8252
878 411  9735
PONZO1_WIDTH:171
684 315  2181
848 322  3269
681 419  4124
846 421  5210
Воспроизведение
680 321  6563
871 322  7766
683 417  8636
855 415  9812
NO_ILLUSION0_WIDTH:209
665 247  1851
865 251  2796
663 489  3710
868 489  4744
Воспроизведение
658 255  6347
884 259  7262
662 463  8390
862 470  9288
NO_ILLUSION0_WIDTH:247
646 247  2787
891 252  4007
645 495  5020
886 495  6286
Воспроизведение
636 254  7831
900 252  9080
640 466  10405
921 456  11581
NO_ILLUSION0_WIDTH:266
630 246  1471
893 251  2649
627 492  3550
893 492  4934
Воспроизведение
628 256  6084
899 253  7091
635 476  8066
914 475  9315
NO_ILLUSION0_WIDTH:171
680 251  1222
851 253  2050
683 488  3179
849 491  3933
Воспроизведение
678 250  5008
861 249  5772
698 447  6844
854 447  7724
NO_ILLUSION0_WIDTH:152
693 251  1508
839 247  2309
693 488  3194
850 491  4218
Воспроизведение
692 257  5301
846 258  6065
702 468  6866
878 471  7773
NO_ILLUSION0_WIDTH:171
677 251  1257
840 252  2056
680 484  2967
844 488  3948
Воспроизведение
666 250  5042
864 253  5968
678 470  6946
876 462  8006
NO_ILLUSION0_WIDTH:247
644 251  2023
890 248  3075
650 483  4361
902 486  5951
Воспроизведение
644 259  7395
906 261  8789
655 447  9746
914 450  10977
NO_ILLUSION0_WIDTH:266
628 240  1414
894 250  2645
635 490  3398
907 490  4450
Воспроизведение
626 253  5865
910 241  6980
646 448  7925
931 459  9237
NO_ILLUSION0_WIDTH:209
654 249  1401
873 247  2302
665 483  3419
862 488  4255
Воспроизведение
655 245  5754
857 247  6735
661 436  8014
854 435  9065
NO_ILLUSION0_WIDTH:152
699 248  1546
838 245  2444
690 492  3426
844 490  4487
Воспроизведение
678 241  5621
855 239  6475
678 467  7721
874 468  8798
