не показывать курсор
тип стимула PONZOTOP
перпендикулярные отрезки в Оппель-Кундта каждые... пикс 19
высота перпендикулярных отрезков в Оппель-Кундта 20
угол стрелок 45
длина стрелок 20
длина штанги (1я часть) 1 152
длина штанги (1я часть) 2 171
длина штанги (1я часть) 3 209
длина штанги (1я часть) 4 247
длина штанги (1я часть) 5 266
длина штанги (1я часть) 6 152
длина штанги (1я часть) 7 171
длина штанги (1я часть) 8 209
длина штанги (1я часть) 9 247
длина штанги (1я часть) 10 266
длина штанги (2я часть) 1 152
длина штанги (2я часть) 2 171
длина штанги (2я часть) 3 209
длина штанги (2я часть) 4 247
длина штанги (2я часть) 5 266
длина штанги (2я часть) 6 152
длина штанги (2я часть) 7 171
длина штанги (2я часть) 8 209
длина штанги (2я часть) 9 247
длина штанги (2я часть) 10 266
длина "закрывашек" 20
расстояние между линиями 240
расстояние до рельсов Понзо 20
ширина линий 4
всего опытов 20
PONZO1_WIDTH:266
614 305  2896
902 299  3699
614 415  4254
895 407  5163
Воспроизведение
632 304  6268
859 294  6971
642 410  7527
874 398  8292
PONZO1_WIDTH:171
671 319  823
852 308  1431
674 419  2010
842 413  2672
Воспроизведение
674 314  3759
845 309  4474
684 415  5130
846 410  5913
PONZO1_WIDTH:247
630 307  897
878 307  1733
626 407  2421
886 408  3140
Воспроизведение
639 300  4247
858 291  5025
650 403  5656
894 387  6552
PONZO1_WIDTH:152
679 304  827
838 303  1470
682 414  2094
845 416  2792
Воспроизведение
686 311  3688
822 316  4285
678 411  4957
820 399  5772
PONZO1_WIDTH:152
674 303  879
845 307  1449
676 414  2078
841 405  2699
Воспроизведение
702 308  3882
815 307  4386
706 395  5106
820 389  5843
PONZO1_WIDTH:266
622 309  830
886 308  1540
642 415  2075
898 409  2739
Воспроизведение
638 307  3852
845 304  4507
627 423  5211
828 406  5987
PONZO1_WIDTH:247
623 305  835
909 315  1551
633 419  2048
905 402  2638
Воспроизведение
655 303  3921
867 301  4573
632 402  5166
883 391  6390
PONZO1_WIDTH:209
652 294  927
846 304  1547
656 408  2068
869 407  3010
Воспроизведение
658 307  4018
843 303  4769
663 407  5688
845 399  6385
PONZO1_WIDTH:209
660 289  811
874 308  1558
649 411  2136
857 407  2872
Воспроизведение
661 307  3948
838 307  4685
666 434  5352
893 423  6408
PONZO1_WIDTH:171
670 308  912
829 306  1530
676 411  2059
833 408  2576
Воспроизведение
685 303  3614
824 306  4191
699 389  5180
849 387  5883
NO_ILLUSION0_WIDTH:247
630 233  852
873 232  1517
620 471  2179
891 477  2843
Воспроизведение
648 257  3908
878 257  4632
640 447  5664
894 446  6368
NO_ILLUSION0_WIDTH:171
661 256  937
855 245  1735
663 483  2581
846 479  3184
Воспроизведение
671 249  4173
845 256  4852
703 473  6031
878 462  6634
NO_ILLUSION0_WIDTH:152
674 242  1080
842 231  1705
674 478  2411
842 482  3037
Воспроизведение
673 241  4235
822 240  4788
664 489  5518
843 489  6126
NO_ILLUSION0_WIDTH:266
625 249  814
891 247  1540
620 473  2174
873 471  2834
Воспроизведение
618 257  3847
870 250  4463
615 479  5427
885 456  6259
NO_ILLUSION0_WIDTH:209
638 233  785
863 240  1334
652 482  2094
867 463  2702
Воспроизведение
653 234  3658
839 240  4213
644 467  4940
843 449  5543
NO_ILLUSION0_WIDTH:266
622 249  851
897 248  1456
626 486  2067
890 487  2728
Воспроизведение
615 252  4983
906 251  5613
631 471  6702
929 460  7360
NO_ILLUSION0_WIDTH:152
669 243  902
848 251  1511
694 487  2247
834 484  2782
Воспроизведение
688 241  3777
851 234  4539
690 471  5660
877 467  6360
NO_ILLUSION0_WIDTH:171
675 240  919
836 240  1504
674 482  2177
843 488  2708
Воспроизведение
676 246  3755
834 243  4399
699 443  5564
860 436  6169
NO_ILLUSION0_WIDTH:247
634 245  848
875 251  1394
637 491  2048
887 485  2719
Воспроизведение
638 251  4147
876 263  4760
673 491  5985
866 480  6635
NO_ILLUSION0_WIDTH:209
643 252  846
860 243  1563
640 494  2177
866 483  2900
Воспроизведение
657 245  3899
880 245  4554
674 423  5675
894 422  6660
