не показывать курсор
тип стимула PONZOTOP
перпендикулярные отрезки в Оппель-Кундта каждые... пикс 19
высота перпендикулярных отрезков в Оппель-Кундта 20
угол стрелок 45
длина стрелок 20
длина штанги (1я часть) 1 152
длина штанги (1я часть) 2 171
длина штанги (1я часть) 3 209
длина штанги (1я часть) 4 247
длина штанги (1я часть) 5 266
длина штанги (1я часть) 6 152
длина штанги (1я часть) 7 171
длина штанги (1я часть) 8 209
длина штанги (1я часть) 9 247
длина штанги (1я часть) 10 266
длина штанги (2я часть) 1 152
длина штанги (2я часть) 2 171
длина штанги (2я часть) 3 209
длина штанги (2я часть) 4 247
длина штанги (2я часть) 5 266
длина штанги (2я часть) 6 152
длина штанги (2я часть) 7 171
длина штанги (2я часть) 8 209
длина штанги (2я часть) 9 247
длина штанги (2я часть) 10 266
длина "закрывашек" 20
расстояние между линиями 240
расстояние до рельсов Понзо 20
ширина линий 4
всего опытов 20
PONZO1_WIDTH:171
591 721  5597
591 721  5597
680 315  7575
829 319  7926
674 416  8516
870 424  8952
Воспроизведение
705 298  10797
828 295  11159
686 407  11584
840 388  11977
PONZO1_WIDTH:266
646 312  6297
884 315  6898
632 414  7402
882 411  7963
Воспроизведение
672 306  9582
841 308  10012
668 401  10560
838 395  11110
PONZO1_WIDTH:152
701 320  1628
830 319  2187
836 422  2857
721 410  3483
702 413  9833
838 411  10434
Воспроизведение
726 388  13450
816 385  13820
734 319  14447
826 322  14933
PONZO1_WIDTH:247
651 319  1720
874 317  2573
650 418  3330
875 420  3985
Воспроизведение
662 327  5732
856 323  6470
680 405  7099
858 401  7801
PONZO1_WIDTH:209
675 316  1619
869 312  2491
672 420  3174
863 417  3920
Воспроизведение
678 415  5570
824 411  6185
695 337  7239
834 335  7910
PONZO1_WIDTH:247
649 315  4160
877 316  5079
655 415  5792
878 420  6592
Воспроизведение
678 313  8564
833 307  9247
687 374  10148
809 368  10830
PONZO1_WIDTH:209
669 315  1698
859 318  2425
671 415  3243
863 414  3916
Воспроизведение
680 331  6348
821 327  6981
699 391  7990
827 387  8695
PONZO1_WIDTH:171
686 315  2155
844 320  2773
676 410  3734
847 413  4466
Воспроизведение
703 322  6036
812 318  6638
702 379  7367
825 374  7995
PONZO1_WIDTH:152
702 320  2087
839 311  2671
696 415  3416
855 415  4027
Воспроизведение
709 320  5735
809 315  6346
699 392  7105
799 398  7727
PONZO1_WIDTH:266
633 327  1569
633 327  1569
633 327  1710
894 317  2855
630 414  3653
896 411  4636
Воспроизведение
656 318  6673
870 315  7880
659 399  8641
868 387  9577
NO_ILLUSION0_WIDTH:247
646 242  2415
889 244  3419
647 486  4338
890 483  5309
Воспроизведение
658 285  7928
870 281  9257
643 448  10296
873 444  11142
NO_ILLUSION0_WIDTH:171
689 251  1995
850 243  2653
676 487  3415
847 483  4145
Воспроизведение
673 258  5744
819 247  6312
683 458  7343
862 448  8186
NO_ILLUSION0_WIDTH:247
642 246  1906
894 250  2693
646 489  3478
897 479  4395
Воспроизведение
677 271  7697
857 264  8730
654 483  9841
892 471  10985
NO_ILLUSION0_WIDTH:209
653 254  1665
870 250  2609
656 491  3569
898 486  4566
Воспроизведение
656 256  6814
824 251  7712
634 473  8653
812 467  9305
NO_ILLUSION0_WIDTH:266
630 251  2019
903 247  3069
637 484  3897
906 486  4903
Воспроизведение
625 260  6718
872 248  7976
654 447  9648
877 446  10869
NO_ILLUSION0_WIDTH:152
692 249  1661
837 251  2397
682 486  3168
840 484  3860
Воспроизведение
714 251  5668
875 249  6904
698 479  7938
849 468  8604
NO_ILLUSION0_WIDTH:152
681 239  1660
836 243  2380
681 489  3310
851 492  3976
Воспроизведение
695 258  6057
838 247  6649
704 448  9683
881 442  10393
NO_ILLUSION0_WIDTH:171
682 248  1427
850 250  2015
667 486  2665
838 479  3210
Воспроизведение
678 264  4961
834 255  5617
688 480  6825
850 471  7429
NO_ILLUSION0_WIDTH:266
630 251  1235
902 247  2215
641 479  3281
922 480  4307
Воспроизведение
634 242  6195
877 249  6999
642 471  9590
902 447  10398
NO_ILLUSION0_WIDTH:209
664 244  1614
875 245  2423
660 491  3362
878 477  4228
Воспроизведение
682 267  6741
897 263  7756
692 479  10441
932 466  11203
