не показывать курсор
тип стимула PONZOTOP
перпендикулярные отрезки в Оппель-Кундта каждые... пикс 19
высота перпендикулярных отрезков в Оппель-Кундта 20
угол стрелок 45
длина стрелок 20
длина штанги (1я часть) 1 152
длина штанги (1я часть) 2 171
длина штанги (1я часть) 3 209
длина штанги (1я часть) 4 247
длина штанги (1я часть) 5 266
длина штанги (1я часть) 6 152
длина штанги (1я часть) 7 171
длина штанги (1я часть) 8 209
длина штанги (1я часть) 9 247
длина штанги (1я часть) 10 266
длина штанги (2я часть) 1 152
длина штанги (2я часть) 2 171
длина штанги (2я часть) 3 209
длина штанги (2я часть) 4 247
длина штанги (2я часть) 5 266
длина штанги (2я часть) 6 152
длина штанги (2я часть) 7 171
длина штанги (2я часть) 8 209
длина штанги (2я часть) 9 247
длина штанги (2я часть) 10 266
длина "закрывашек" 20
расстояние между линиями 240
расстояние до рельсов Понзо 20
ширина линий 4
всего опытов 20
PONZO1_WIDTH:171
689 312  1344
865 308  1580
692 428  1999
880 435  2213
Воспроизведение
689 310  2958
912 330  3199
702 422  3518
878 419  3765
PONZO1_WIDTH:209
662 316  640
880 315  928
661 405  1303
906 422  1632
Воспроизведение
640 298  2318
898 306  2640
645 426  3020
882 414  3364
PONZO1_WIDTH:171
668 310  436
860 317  732
688 409  1112
858 418  1371
Воспроизведение
662 291  2263
857 299  2549
662 419  2951
841 405  3268
PONZO1_WIDTH:247
632 312  660
886 315  1020
619 414  1406
886 427  1874
Воспроизведение
618 277  2709
857 311  3077
648 443  3481
886 443  3797
PONZO1_WIDTH:152
694 303  584
854 300  868
674 411  1243
866 410  1504
Воспроизведение
660 284  2304
860 287  2569
664 403  2961
864 402  3210
PONZO1_WIDTH:247
643 309  531
917 328  798
668 417  1218
911 427  1516
Воспроизведение
650 272  2321
866 289  2625
642 401  3020
883 421  3382
PONZO1_WIDTH:152
673 321  546
868 306  842
692 397  1142
868 416  1410
Воспроизведение
673 295  2171
866 303  2428
688 409  2736
891 422  2966
PONZO1_WIDTH:266
634 318  827
911 319  1220
624 416  1634
906 407  1971
Воспроизведение
644 284  2798
919 291  3144
663 411  3544
927 411  3832
PONZO1_WIDTH:209
671 323  486
896 335  782
667 422  1294
904 427  1561
Воспроизведение
658 281  3319
910 299  3646
658 398  4020
883 387  4267
PONZO1_WIDTH:266
646 305  829
918 311  1144
638 420  1580
928 416  1895
Воспроизведение
634 273  2938
925 275  3247
642 405  3644
945 420  3921
NO_ILLUSION0_WIDTH:152
692 243  768
862 242  1018
681 483  1444
877 475  1692
Воспроизведение
673 243  2621
873 263  2942
706 478  3412
890 473  3662
NO_ILLUSION0_WIDTH:247
635 244  666
896 255  974
635 475  1415
920 483  1751
Воспроизведение
641 226  2582
907 226  2869
642 456  3353
902 452  3689
NO_ILLUSION0_WIDTH:266
624 263  507
926 260  834
621 501  1223
913 471  1566
Воспроизведение
644 226  2546
906 241  2899
661 475  3571
890 478  3897
NO_ILLUSION0_WIDTH:247
626 257  679
910 259  1048
638 477  1486
914 484  1816
Воспроизведение
632 248  2627
926 268  2961
694 471  3394
951 460  3745
NO_ILLUSION0_WIDTH:209
643 242  627
874 255  922
652 487  1328
886 499  1617
Воспроизведение
627 229  2489
892 244  2819
640 484  3295
897 475  3616
NO_ILLUSION0_WIDTH:209
640 252  648
899 264  932
661 485  1389
890 479  1705
Воспроизведение
659 259  2438
916 250  2842
666 477  3303
906 480  3643
NO_ILLUSION0_WIDTH:152
691 238  749
864 242  1022
701 476  1506
877 503  1747
Воспроизведение
695 239  2632
882 256  2883
684 483  3432
858 469  3685
NO_ILLUSION0_WIDTH:266
624 243  634
912 251  934
642 481  1423
919 483  1762
Воспроизведение
608 242  2492
932 239  2916
593 463  3363
923 455  3755
NO_ILLUSION0_WIDTH:171
670 241  677
843 240  974
679 491  1453
883 487  1717
Воспроизведение
673 253  2592
864 269  2895
689 483  3300
885 475  3576
NO_ILLUSION0_WIDTH:171
678 242  659
873 254  921
678 487  1403
886 496  1684
Воспроизведение
672 251  2626
884 266  2899
690 483  3420
902 496  3748
