не показывать курсор
тип стимула PONZOTOP
перпендикулярные отрезки в Оппель-Кундта каждые... пикс 19
высота перпендикулярных отрезков в Оппель-Кундта 20
угол стрелок 45
длина стрелок 20
длина штанги (1я часть) 1 152
длина штанги (1я часть) 2 171
длина штанги (1я часть) 3 209
длина штанги (1я часть) 4 247
длина штанги (1я часть) 5 266
длина штанги (1я часть) 6 152
длина штанги (1я часть) 7 171
длина штанги (1я часть) 8 209
длина штанги (1я часть) 9 247
длина штанги (1я часть) 10 266
длина штанги (2я часть) 1 152
длина штанги (2я часть) 2 171
длина штанги (2я часть) 3 209
длина штанги (2я часть) 4 247
длина штанги (2я часть) 5 266
длина штанги (2я часть) 6 152
длина штанги (2я часть) 7 171
длина штанги (2я часть) 8 209
длина штанги (2я часть) 9 247
длина штанги (2я часть) 10 266
длина "закрывашек" 20
расстояние между линиями 240
расстояние до рельсов Понзо 20
ширина линий 4
всего опытов 20
PONZO1_WIDTH:171
705 337  1927
705 337  1927
686 309  2394
844 313  2753
696 428  3464
850 432  3741
Воспроизведение
666 309  4762
863 307  5167
680 405  5802
878 408  6242
PONZO1_WIDTH:209
654 304  885
875 315  1307
672 416  1879
891 419  2315
Воспроизведение
652 307  3266
866 307  3707
650 407  4257
866 423  4812
PONZO1_WIDTH:171
682 321  852
854 310  1194
677 416  1786
861 411  2241
Воспроизведение
650 319  3006
851 304  3582
653 401  4037
848 400  4575
PONZO1_WIDTH:266
629 311  825
889 305  1296
627 412  1872
901 414  2392
Воспроизведение
629 315  3273
901 302  3902
622 407  4361
924 395  4905
PONZO1_WIDTH:152
696 303  886
854 303  1219
693 428  1823
850 415  2209
Воспроизведение
677 297  3564
843 289  3948
686 391  4675
848 393  5105
PONZO1_WIDTH:152
688 320  807
854 308  1203
688 419  1832
844 411  2329
Воспроизведение
680 295  3159
848 286  3571
690 395  4140
855 387  4561
PONZO1_WIDTH:247
646 312  978
884 323  1474
634 421  2146
894 407  2617
Воспроизведение
646 307  3517
876 312  3995
662 415  4650
898 411  5116
PONZO1_WIDTH:266
630 310  950
890 306  1485
629 412  2111
882 406  2649
Воспроизведение
647 312  3600
890 292  4213
654 382  4813
928 387  5382
PONZO1_WIDTH:209
651 314  950
868 312  1390
650 421  1989
874 419  2447
Воспроизведение
658 315  3411
888 302  3918
675 413  4567
906 414  5123
PONZO1_WIDTH:247
632 308  848
892 299  1358
625 402  2068
884 408  2662
Воспроизведение
635 300  3725
886 311  4265
654 419  4882
908 422  5382
NO_ILLUSION0_WIDTH:266
635 230  1038
882 235  1504
630 473  2210
912 495  2729
Воспроизведение
643 247  3703
923 235  4196
640 477  4853
932 457  5354
NO_ILLUSION0_WIDTH:209
663 248  855
860 238  1289
650 493  1966
894 504  2379
Воспроизведение
642 225  3611
877 231  4106
639 475  4821
881 479  5258
NO_ILLUSION0_WIDTH:171
688 245  814
859 253  1209
675 474  1948
863 493  2334
Воспроизведение
680 255  3530
859 250  3934
664 483  4535
870 481  4971
NO_ILLUSION0_WIDTH:152
699 235  1029
852 249  1316
685 483  1906
869 504  2287
Воспроизведение
698 236  3155
864 239  3573
699 438  4242
854 455  4642
NO_ILLUSION0_WIDTH:247
652 263  1033
891 247  1474
637 484  2177
883 491  2532
Воспроизведение
627 231  3533
866 235  3972
652 471  4634
883 475  5068
NO_ILLUSION0_WIDTH:152
687 243  855
842 241  1179
700 487  1958
854 490  2306
Воспроизведение
672 246  3309
828 252  3694
694 466  4492
858 471  4868
NO_ILLUSION0_WIDTH:266
642 247  1006
892 239  1499
629 483  2089
921 487  2643
Воспроизведение
619 258  3729
866 260  4224
663 487  4822
905 480  5316
NO_ILLUSION0_WIDTH:247
639 246  998
877 237  1485
648 485  2219
905 475  2751
Воспроизведение
613 239  3858
893 230  4366
648 440  4913
899 445  5451
NO_ILLUSION0_WIDTH:209
664 243  863
870 239  1256
657 483  2005
887 495  2438
Воспроизведение
665 235  3672
873 225  4098
676 456  4913
887 467  5325
NO_ILLUSION0_WIDTH:171
685 250  1038
860 251  1496
686 491  2098
877 485  2511
Воспроизведение
650 232  3558
870 236  4054
688 462  4654
895 471  5088
