не показывать курсор
тип стимула PONZOTOP
перпендикулярные отрезки в Оппель-Кундта каждые... пикс 19
высота перпендикулярных отрезков в Оппель-Кундта 20
угол стрелок 45
длина стрелок 20
длина штанги (1я часть) 1 152
длина штанги (1я часть) 2 171
длина штанги (1я часть) 3 209
длина штанги (1я часть) 4 247
длина штанги (1я часть) 5 266
длина штанги (1я часть) 6 152
длина штанги (1я часть) 7 171
длина штанги (1я часть) 8 209
длина штанги (1я часть) 9 247
длина штанги (1я часть) 10 266
длина штанги (2я часть) 1 152
длина штанги (2я часть) 2 171
длина штанги (2я часть) 3 209
длина штанги (2я часть) 4 247
длина штанги (2я часть) 5 266
длина штанги (2я часть) 6 152
длина штанги (2я часть) 7 171
длина штанги (2я часть) 8 209
длина штанги (2я часть) 9 247
длина штанги (2я часть) 10 266
длина "закрывашек" 20
расстояние между линиями 240
расстояние до рельсов Понзо 20
ширина линий 4
всего опытов 20
PONZO1_WIDTH:209
668 330  1804
871 326  2235
676 423  2847
898 423  3259
Воспроизведение
658 319  4340
886 306  4735
666 423  5273
886 408  5657
PONZO1_WIDTH:209
648 327  627
881 317  1040
655 419  1466
878 415  1943
Воспроизведение
642 300  2707
886 302  3156
649 417  3612
877 408  4069
PONZO1_WIDTH:266
623 326  611
910 317  1115
627 414  1522
918 412  2053
Воспроизведение
622 303  2813
916 296  3226
624 419  3740
921 402  4244
PONZO1_WIDTH:171
677 321  500
877 312  858
676 423  1308
867 411  1767
Воспроизведение
674 305  2551
877 304  2953
668 411  3423
854 395  3880
PONZO1_WIDTH:247
628 330  568
904 307  1097
643 420  1567
890 416  2086
Воспроизведение
632 307  3003
894 299  3507
628 420  4044
902 407  4556
PONZO1_WIDTH:152
697 313  611
890 317  1104
666 424  1508
894 413  2002
Воспроизведение
682 300  2869
853 296  3265
678 408  3686
852 389  4055
PONZO1_WIDTH:152
690 321  662
870 315  1067
701 423  1581
854 415  1993
Воспроизведение
675 314  2873
894 295  3359
678 420  3895
858 404  4471
PONZO1_WIDTH:247
650 315  742
902 309  1192
637 421  1706
894 416  2208
Воспроизведение
622 311  3060
921 309  3492
623 432  4034
914 409  4526
PONZO1_WIDTH:171
675 320  499
874 315  904
675 422  1367
861 417  1735
Воспроизведение
654 303  2634
902 303  3048
667 414  3523
910 405  4017
PONZO1_WIDTH:266
637 327  750
899 328  1245
626 414  1669
906 411  2171
Воспроизведение
635 306  2997
913 305  3472
626 443  3890
902 411  4519
NO_ILLUSION0_WIDTH:171
684 249  796
880 266  1200
697 484  1722
857 483  2109
Воспроизведение
676 239  2929
835 245  3335
694 469  3743
870 455  4299
NO_ILLUSION0_WIDTH:247
645 251  803
908 255  1217
645 488  1759
888 477  2243
Воспроизведение
626 248  3067
901 251  3508
633 451  4113
890 443  4706
NO_ILLUSION0_WIDTH:266
626 254  629
919 258  1096
647 487  1719
906 478  2150
Воспроизведение
621 236  2926
927 235  3419
653 466  4058
927 458  4525
NO_ILLUSION0_WIDTH:152
677 250  644
874 239  1094
687 489  1775
874 499  2179
Воспроизведение
658 246  3032
901 226  3418
661 475  4032
853 469  4427
NO_ILLUSION0_WIDTH:209
662 256  743
872 258  1167
670 493  1840
883 487  2281
Воспроизведение
668 236  2952
891 226  3509
670 475  4062
917 452  4618
NO_ILLUSION0_WIDTH:209
659 240  559
883 247  1018
660 483  1596
897 484  2063
Воспроизведение
652 251  2767
898 246  3387
675 487  3950
885 475  4424
NO_ILLUSION0_WIDTH:266
623 249  702
917 259  1213
643 486  1820
903 479  2387
Воспроизведение
623 247  3203
930 256  3795
641 444  4398
899 428  4901
NO_ILLUSION0_WIDTH:171
678 263  634
857 252  1057
681 491  1612
865 495  2053
Воспроизведение
669 239  2900
891 228  3332
672 483  3896
877 467  4390
NO_ILLUSION0_WIDTH:247
644 255  754
902 259  1258
648 487  1813
891 480  2298
Воспроизведение
630 249  3007
922 251  3565
651 463  4041
910 435  4589
NO_ILLUSION0_WIDTH:152
682 256  533
854 250  918
691 492  1433
858 478  1918
Воспроизведение
695 241  2782
838 241  3185
701 468  3767
836 459  4198
