не показывать курсор
тип стимула PONZOTOP
перпендикулярные отрезки в Оппель-Кундта каждые... пикс 19
высота перпендикулярных отрезков в Оппель-Кундта 20
угол стрелок 45
длина стрелок 20
длина штанги (1я часть) 1 152
длина штанги (1я часть) 2 171
длина штанги (1я часть) 3 209
длина штанги (1я часть) 4 247
длина штанги (1я часть) 5 266
длина штанги (1я часть) 6 152
длина штанги (1я часть) 7 171
длина штанги (1я часть) 8 209
длина штанги (1я часть) 9 247
длина штанги (1я часть) 10 266
длина штанги (2я часть) 1 152
длина штанги (2я часть) 2 171
длина штанги (2я часть) 3 209
длина штанги (2я часть) 4 247
длина штанги (2я часть) 5 266
длина штанги (2я часть) 6 152
длина штанги (2я часть) 7 171
длина штанги (2я часть) 8 209
длина штанги (2я часть) 9 247
длина штанги (2я часть) 10 266
длина "закрывашек" 20
расстояние между линиями 240
расстояние до рельсов Понзо 20
ширина линий 4
всего опытов 20
PONZO1_WIDTH:171
673 304  5905
886 308  6326
666 407  6906
877 413  7490
Воспроизведение
683 308  8554
862 307  8993
675 405  9520
867 393  10069
PONZO1_WIDTH:171
677 317  711
874 311  1205
666 417  1669
870 399  2198
Воспроизведение
666 303  2984
856 305  3353
654 423  3811
859 403  4386
PONZO1_WIDTH:266
626 314  650
910 319  1208
634 420  1679
916 416  2129
Воспроизведение
606 300  2944
938 307  3510
619 397  4023
910 402  4606
PONZO1_WIDTH:247
633 308  504
923 309  981
630 417  1477
910 407  1989
Воспроизведение
626 299  2809
926 308  3267
622 404  3772
888 395  4301
PONZO1_WIDTH:209
662 300  487
901 304  1009
650 412  1510
893 407  2067
Воспроизведение
642 310  2869
906 301  3381
649 402  3880
911 402  4401
PONZO1_WIDTH:209
643 302  584
919 311  1070
636 417  1627
898 410  2156
Воспроизведение
625 313  2991
904 309  3484
641 411  4146
862 401  4594
PONZO1_WIDTH:247
630 327  631
902 310  1124
629 407  1674
907 409  2275
Воспроизведение
618 309  3182
915 308  3785
611 386  4263
915 382  4837
PONZO1_WIDTH:152
683 298  592
861 308  1024
682 422  1470
859 413  1882
Воспроизведение
670 313  2705
882 323  3074
666 419  3562
855 407  4109
PONZO1_WIDTH:266
622 309  687
939 303  1253
634 407  1799
917 410  2338
Воспроизведение
606 315  3152
922 303  3709
603 422  4206
940 391  4861
PONZO1_WIDTH:152
674 302  550
877 320  954
671 410  1421
878 424  1861
Воспроизведение
675 304  2657
873 309  3070
650 407  3574
868 391  4122
NO_ILLUSION0_WIDTH:247
656 250  706
931 248  1127
649 485  1596
929 483  2153
Воспроизведение
626 243  2964
947 259  3467
640 462  4030
942 444  4549
NO_ILLUSION0_WIDTH:266
607 244  592
924 254  1051
630 486  1628
950 477  2085
Воспроизведение
647 259  3731
1009 238  4298
630 448  4805
986 433  5370
NO_ILLUSION0_WIDTH:266
634 248  603
936 246  1096
625 475  1618
932 467  2121
Воспроизведение
609 239  2858
922 243  3343
629 447  3851
966 420  4558
NO_ILLUSION0_WIDTH:171
666 251  585
883 252  998
666 487  1602
867 479  2022
Воспроизведение
658 237  2702
898 243  3150
658 476  3796
858 466  4281
NO_ILLUSION0_WIDTH:209
653 251  700
911 251  1085
660 479  1667
902 495  2069
Воспроизведение
650 224  2854
903 229  3331
649 464  3950
889 462  4444
NO_ILLUSION0_WIDTH:152
688 247  714
856 254  1172
689 473  1761
846 472  2218
Воспроизведение
695 238  3052
883 236  3491
706 430  4149
909 420  4662
NO_ILLUSION0_WIDTH:171
682 266  710
874 248  1168
686 487  1778
877 482  2173
Воспроизведение
678 240  3112
905 257  3588
663 441  4166
860 429  4615
NO_ILLUSION0_WIDTH:152
667 240  716
874 247  1120
683 479  1667
858 481  2135
Воспроизведение
676 228  3084
894 242  3542
683 447  4124
902 426  4689
NO_ILLUSION0_WIDTH:209
650 234  738
894 250  1197
658 490  1728
880 473  2285
Воспроизведение
654 232  3049
932 224  3516
678 474  4082
914 465  4601
NO_ILLUSION0_WIDTH:247
623 241  628
937 239  1095
626 471  1725
929 472  2184
Воспроизведение
626 247  3095
942 244  3599
650 475  4116
926 468  4566
