не показывать курсор
тип стимула PONZOTOP
перпендикулярные отрезки в Оппель-Кундта каждые... пикс 19
высота перпендикулярных отрезков в Оппель-Кундта 20
угол стрелок 45
длина стрелок 20
длина штанги (1я часть) 1 152
длина штанги (1я часть) 2 171
длина штанги (1я часть) 3 209
длина штанги (1я часть) 4 247
длина штанги (1я часть) 5 266
длина штанги (1я часть) 6 152
длина штанги (1я часть) 7 171
длина штанги (1я часть) 8 209
длина штанги (1я часть) 9 247
длина штанги (1я часть) 10 266
длина штанги (2я часть) 1 152
длина штанги (2я часть) 2 171
длина штанги (2я часть) 3 209
длина штанги (2я часть) 4 247
длина штанги (2я часть) 5 266
длина штанги (2я часть) 6 152
длина штанги (2я часть) 7 171
длина штанги (2я часть) 8 209
длина штанги (2я часть) 9 247
длина штанги (2я часть) 10 266
длина "закрывашек" 20
расстояние между линиями 240
расстояние до рельсов Понзо 20
ширина линий 4
всего опытов 20
PONZO1_WIDTH:152
691 326  1292
844 323  1767
693 421  2579
839 416  3118
Воспроизведение
701 333  4246
841 327  4730
709 417  5483
881 417  6075
PONZO1_WIDTH:171
679 315  824
842 316  1345
684 419  2242
842 425  2807
Воспроизведение
701 317  4185
849 309  4667
694 417  5437
878 414  6065
PONZO1_WIDTH:209
654 308  897
856 319  1572
664 417  2470
864 415  3215
Воспроизведение
702 336  4601
875 327  5240
699 434  5996
894 443  6615
PONZO1_WIDTH:266
629 309  868
881 311  1686
631 424  2476
883 418  3140
Воспроизведение
655 322  4276
866 306  4904
669 419  5636
904 408  6345
PONZO1_WIDTH:247
647 324  878
871 312  1517
627 419  2308
876 419  3017
Воспроизведение
682 332  4223
902 320  4835
681 430  5590
906 427  6218
PONZO1_WIDTH:266
628 323  855
894 319  1474
626 419  2330
901 415  3065
Воспроизведение
688 341  4424
892 323  5141
699 406  5887
912 412  6703
PONZO1_WIDTH:209
658 323  940
857 319  1524
663 418  2323
879 416  3086
Воспроизведение
704 341  4205
896 333  4879
696 423  5714
930 416  6461
PONZO1_WIDTH:171
682 316  822
830 315  1488
677 418  2195
849 419  2868
Воспроизведение
728 343  3963
901 338  4566
718 427  5267
898 429  5868
PONZO1_WIDTH:152
686 325  973
832 313  1529
689 419  2351
845 417  2943
Воспроизведение
714 336  4011
850 333  4559
718 415  5283
876 417  5947
PONZO1_WIDTH:247
642 323  822
876 319  1505
639 413  2242
889 419  3050
Воспроизведение
714 333  4223
910 322  4914
692 427  5692
913 413  6365
NO_ILLUSION0_WIDTH:152
685 257  886
833 253  1452
694 491  2437
839 489  2992
Воспроизведение
718 264  4144
874 270  4702
706 460  5450
906 464  6133
NO_ILLUSION0_WIDTH:266
626 251  810
885 251  1544
630 487  2386
897 487  3103
Воспроизведение
670 270  4345
896 259  4910
670 478  5807
898 475  6444
NO_ILLUSION0_WIDTH:171
684 251  788
837 247  1397
676 488  2262
848 489  2845
Воспроизведение
701 260  4066
878 251  4676
721 470  5578
921 462  6305
NO_ILLUSION0_WIDTH:152
686 252  735
846 250  1246
687 486  2082
841 479  2693
Воспроизведение
715 248  3658
882 251  4277
718 474  5082
886 469  5665
NO_ILLUSION0_WIDTH:266
627 246  822
889 255  1424
634 487  2252
897 486  2827
Воспроизведение
673 267  3858
935 262  4442
696 474  5333
942 475  5934
NO_ILLUSION0_WIDTH:171
683 247  971
857 245  1565
675 487  2401
855 479  2983
Воспроизведение
703 260  3747
891 263  4350
702 444  5178
897 438  5662
NO_ILLUSION0_WIDTH:209
651 251  740
860 247  1352
656 484  2271
864 491  2835
Воспроизведение
677 271  4121
866 275  4723
678 465  5647
891 453  6249
NO_ILLUSION0_WIDTH:247
639 255  908
870 250  1590
645 492  2475
874 487  3175
Воспроизведение
658 267  4258
846 259  4815
676 488  5694
883 482  6340
NO_ILLUSION0_WIDTH:209
652 251  981
862 248  1727
658 488  2786
864 484  3306
Воспроизведение
683 259  4486
889 261  5088
684 459  6030
890 448  6667
NO_ILLUSION0_WIDTH:247
634 257  1026
868 245  1717
641 489  2685
882 480  3322
Воспроизведение
674 266  4527
929 269  5129
666 502  5902
929 486  6583
