не показывать курсор
тип стимула PONZOTOP
перпендикулярные отрезки в Оппель-Кундта каждые... пикс 19
высота перпендикулярных отрезков в Оппель-Кундта 20
угол стрелок 45
длина стрелок 20
длина штанги (1я часть) 1 152
длина штанги (1я часть) 2 171
длина штанги (1я часть) 3 209
длина штанги (1я часть) 4 247
длина штанги (1я часть) 5 266
длина штанги (1я часть) 6 152
длина штанги (1я часть) 7 171
длина штанги (1я часть) 8 209
длина штанги (1я часть) 9 247
длина штанги (1я часть) 10 266
длина штанги (2я часть) 1 152
длина штанги (2я часть) 2 171
длина штанги (2я часть) 3 209
длина штанги (2я часть) 4 247
длина штанги (2я часть) 5 266
длина штанги (2я часть) 6 152
длина штанги (2я часть) 7 171
длина штанги (2я часть) 8 209
длина штанги (2я часть) 9 247
длина штанги (2я часть) 10 266
длина "закрывашек" 20
расстояние между линиями 240
расстояние до рельсов Понзо 20
ширина линий 4
всего опытов 20
PONZO1_WIDTH:209
652 322  3501
860 313  4057
674 415  4945
862 413  5590
Воспроизведение
702 312  7059
870 311  7569
678 407  8324
905 389  9131
PONZO1_WIDTH:266
630 315  880
899 315  1444
639 419  2356
914 423  2965
Воспроизведение
677 312  4417
923 316  5036
674 399  6011
926 385  6828
PONZO1_WIDTH:247
646 316  965
878 320  1565
642 411  2349
878 421  2985
Воспроизведение
680 322  4574
872 317  5167
645 409  6018
912 411  6719
PONZO1_WIDTH:209
659 313  827
870 323  1420
656 419  2248
889 426  3091
Воспроизведение
660 319  4390
896 311  5028
654 399  5853
903 385  6715
PONZO1_WIDTH:171
678 323  1391
858 314  2081
679 413  2847
864 422  3473
Воспроизведение
701 339  4700
872 336  5237
686 423  6015
914 427  6867
PONZO1_WIDTH:152
676 417  3389
878 411  4033
Воспроизведение
703 323  5176
862 324  5651
682 399  6340
889 412  7022
PONZO1_WIDTH:266
626 313  815
918 316  1478
627 412  2137
930 421  3060
Воспроизведение
654 323  4323
917 329  5015
642 420  5760
947 435  6475
PONZO1_WIDTH:152
700 312  2294
844 313  2760
678 404  3444
882 409  4036
Воспроизведение
682 303  5257
863 320  5742
682 413  6541
885 413  7213
PONZO1_WIDTH:171
663 307  774
858 307  1294
653 415  1813
864 422  2395
Воспроизведение
678 321  3590
858 324  4200
687 426  5003
889 428  5727
PONZO1_WIDTH:247
626 316  859
910 307  1522
625 401  2147
906 419  2802
Воспроизведение
658 315  4071
894 323  4752
642 419  5493
930 417  6442
NO_ILLUSION0_WIDTH:209
630 470  2770
901 475  3406
Воспроизведение
NO_ILLUSION0_WIDTH:152
687 255  2960
868 271  3668
670 489  4411
852 494  4868
Воспроизведение
702 261  6524
878 258  6935
689 437  7817
902 430  8435
NO_ILLUSION0_WIDTH:171
678 233  827
854 242  1276
663 487  2082
869 487  2609
Воспроизведение
696 269  3825
868 269  4317
706 455  5108
908 461  5861
NO_ILLUSION0_WIDTH:152
672 244  828
868 256  1259
675 488  2196
862 483  2786
Воспроизведение
703 263  4142
865 265  4717
687 450  5793
887 441  6429
NO_ILLUSION0_WIDTH:247
617 236  755
882 260  1311
624 483  2080
918 500  2851
Воспроизведение
663 259  3956
914 259  4585
661 487  5425
964 487  6026
NO_ILLUSION0_WIDTH:209
647 246  808
879 251  1337
635 489  2094
886 488  2749
Воспроизведение
675 255  3972
906 254  4547
652 478  5375
905 483  6038
NO_ILLUSION0_WIDTH:247
619 245  879
902 255  1534
634 483  2395
910 499  3131
Воспроизведение
629 275  4495
892 283  5187
674 491  6126
942 484  6995
NO_ILLUSION0_WIDTH:266
605 245  737
909 250  1411
614 483  2307
908 480  3115
Воспроизведение
642 264  4402
914 259  5102
644 447  5871
938 454  6525
NO_ILLUSION0_WIDTH:266
626 249  880
906 259  1445
626 480  2292
912 495  2920
Воспроизведение
645 234  4082
919 247  4738
678 466  5556
981 474  6562
NO_ILLUSION0_WIDTH:171
668 239  1005
867 257  1543
672 498  2256
867 486  2740
Воспроизведение
689 266  3671
850 271  4102
670 467  4937
862 462  5492
