не показывать курсор
тип стимула OPEL_TOP
перпендикулярные отрезки в Оппель-Кундта каждые... пикс 19
высота перпендикулярных отрезков в Оппель-Кундта 20
угол стрелок 45
длина стрелок 20
длина штанги (1я часть) 1 152
длина штанги (1я часть) 2 171
длина штанги (1я часть) 3 209
длина штанги (1я часть) 4 247
длина штанги (1я часть) 5 266
длина штанги (1я часть) 6 152
длина штанги (1я часть) 7 171
длина штанги (1я часть) 8 209
длина штанги (1я часть) 9 247
длина штанги (1я часть) 10 266
длина штанги (2я часть) 1 152
длина штанги (2я часть) 2 171
длина штанги (2я часть) 3 209
длина штанги (2я часть) 4 247
длина штанги (2я часть) 5 266
длина штанги (2я часть) 6 152
длина штанги (2я часть) 7 171
длина штанги (2я часть) 8 209
длина штанги (2я часть) 9 247
длина штанги (2я часть) 10 266
длина "закрывашек" 20
расстояние между линиями 240
расстояние до рельсов Понзо 20
ширина линий 4
всего опытов 20
OPEL3_WIDTH:152
698 247  3936
845 247  4582
701 487  5561
846 483  6144
Воспроизведение
695 244  7658
859 238  8321
700 460  9165
865 451  9757
OPEL3_WIDTH:209
663 254  1553
876 253  2433
673 483  3390
867 484  4195
Воспроизведение
659 241  5754
878 249  6453
670 463  7402
901 457  8066
OPEL3_WIDTH:266
635 255  1535
897 248  2368
637 485  3371
906 491  4150
Воспроизведение
637 240  5613
926 239  6393
650 487  7452
917 483  8152
OPEL3_WIDTH:152
691 250  1363
842 252  2098
700 498  2778
700 498  2778
700 498  2872
858 484  3741
Воспроизведение
704 245  5241
862 249  5843
715 491  7102
878 491  7569
OPEL3_WIDTH:266
633 257  1357
897 251  2228
646 483  2932
646 483  2932
646 483  2964
897 495  4030
Воспроизведение
631 255  5561
902 252  6260
674 467  7208
946 466  7828
OPEL3_WIDTH:171
687 247  1304
855 247  1869
683 482  2753
856 485  3479
Воспроизведение
691 247  4767
852 257  5512
695 482  6595
878 491  7159
OPEL3_WIDTH:171
679 247  1083
848 247  1809
697 489  2713
857 481  3403
Воспроизведение
677 255  4861
877 250  5462
712 455  6315
911 461  6916
OPEL3_WIDTH:247
645 255  1449
878 247  2255
650 482  3351
892 494  4104
Воспроизведение
650 255  5460
909 247  6382
648 464  7346
929 459  8295
OPEL3_WIDTH:247
642 258  1394
884 247  2281
658 491  3168
885 485  3848
Воспроизведение
642 252  5669
942 247  6305
660 485  7284
938 471  8244
OPEL3_WIDTH:209
660 254  1390
865 253  2036
670 492  2863
880 486  3608
Воспроизведение
679 245  5139
904 251  5875
696 493  6953
938 483  7714
NO_ILLUSION0_WIDTH:209
674 249  1492
877 248  2226
669 489  3093
888 481  3856
Воспроизведение
702 261  5200
895 256  5952
681 514  6986
899 511  7567
NO_ILLUSION0_WIDTH:171
680 256  1558
856 265  2698
690 488  3625
852 483  4314
Воспроизведение
680 239  5998
879 244  6806
677 475  7851
878 469  8568
NO_ILLUSION0_WIDTH:247
650 251  1369
890 255  2277
650 477  2939
650 477  2939
650 477  3033
890 487  4090
Воспроизведение
641 233  5697
923 237  6523
648 443  7614
923 439  8582
NO_ILLUSION0_WIDTH:266
646 251  1531
886 251  2358
638 482  3228
906 485  4047
Воспроизведение
625 253  5807
905 251  6677
622 408  7786
917 404  8674
NO_ILLUSION0_WIDTH:152
698 243  1059
698 243  1059
698 243  1120
841 243  2052
701 492  2895
850 485  3497
Воспроизведение
682 236  4891
878 247  5671
699 423  6566
888 432  7496
NO_ILLUSION0_WIDTH:152
700 255  1498
845 254  2144
695 488  3096
844 482  3939
Воспроизведение
702 253  5392
866 247  6063
733 472  6989
902 463  7544
NO_ILLUSION0_WIDTH:171
689 249  1297
848 252  1862
690 495  2789
850 488  3596
Воспроизведение
697 248  5133
874 246  5734
706 484  6761
880 479  7308
NO_ILLUSION0_WIDTH:266
634 251  1448
906 255  2175
632 493  2896
909 473  3667
Воспроизведение
666 260  5126
913 243  5950
699 495  6732
934 478  7270
NO_ILLUSION0_WIDTH:247
649 251  1349
881 251  2103
639 482  2907
894 476  3750
Воспроизведение
649 251  5211
912 239  5956
675 484  6925
942 464  7670
NO_ILLUSION0_WIDTH:209
671 255  1330
872 251  2020
675 484  2928
874 482  3709
Воспроизведение
670 258  4965
887 254  5729
697 475  6589
915 460  7414
