не показывать курсор
тип стимула OPEL_TOP
перпендикулярные отрезки в Оппель-Кундта каждые... пикс 19
высота перпендикулярных отрезков в Оппель-Кундта 20
угол стрелок 45
длина стрелок 20
длина штанги (1я часть) 1 152
длина штанги (1я часть) 2 171
длина штанги (1я часть) 3 209
длина штанги (1я часть) 4 247
длина штанги (1я часть) 5 266
длина штанги (1я часть) 6 152
длина штанги (1я часть) 7 171
длина штанги (1я часть) 8 209
длина штанги (1я часть) 9 247
длина штанги (1я часть) 10 266
длина штанги (2я часть) 1 152
длина штанги (2я часть) 2 171
длина штанги (2я часть) 3 209
длина штанги (2я часть) 4 247
длина штанги (2я часть) 5 266
длина штанги (2я часть) 6 152
длина штанги (2я часть) 7 171
длина штанги (2я часть) 8 209
длина штанги (2я часть) 9 247
длина штанги (2я часть) 10 266
длина "закрывашек" 20
расстояние между линиями 240
расстояние до рельсов Понзо 20
ширина линий 4
всего опытов 20
OPEL3_WIDTH:209
658 237  2037
877 239  2736
661 483  3582
878 490  4326
Воспроизведение
658 244  5791
886 246  6591
691 457  7379
930 455  8168
OPEL3_WIDTH:152
681 250  1220
850 243  1911
700 495  2737
854 474  3588
Воспроизведение
697 241  4855
881 242  5545
720 437  6259
931 428  7119
OPEL3_WIDTH:266
622 243  1075
905 241  1962
632 480  2673
906 476  3624
Воспроизведение
631 239  4904
928 239  5721
673 471  6505
970 458  7348
OPEL3_WIDTH:247
638 240  1245
907 238  2063
641 483  2741
901 475  3629
Воспроизведение
676 247  5016
928 245  5770
678 486  6535
957 487  7332
OPEL3_WIDTH:171
674 243  1119
865 240  1829
676 479  2609
856 477  3426
Воспроизведение
692 235  4665
904 242  5264
702 438  6094
922 427  6981
OPEL3_WIDTH:171
676 243  892
858 239  1610
688 483  2394
872 475  3055
Воспроизведение
675 242  4441
902 237  5097
687 483  5874
926 480  6697
OPEL3_WIDTH:266
622 246  1183
914 236  2213
630 492  2940
922 479  3718
Воспроизведение
651 258  5235
926 251  6159
653 457  7078
973 452  7956
OPEL3_WIDTH:247
637 242  1298
887 239  2142
650 483  3142
906 475  4102
Воспроизведение
650 255  5548
918 252  6535
650 467  7450
956 447  8336
OPEL3_WIDTH:152
683 229  1355
846 235  2127
688 475  3086
859 474  3731
Воспроизведение
701 242  5192
878 243  5955
717 445  6775
914 441  7500
OPEL3_WIDTH:209
654 243  1321
890 243  2120
669 478  3120
894 475  3811
Воспроизведение
676 237  5325
929 246  6150
679 467  7121
937 451  7874
NO_ILLUSION0_WIDTH:171
678 251  1145
872 238  1844
678 477  2779
862 482  3334
Воспроизведение
686 257  4666
902 247  5267
690 465  6157
928 467  6766
NO_ILLUSION0_WIDTH:171
678 243  930
852 243  1613
674 485  2454
854 479  3110
Воспроизведение
675 238  4455
882 245  5120
694 471  5950
886 452  6604
NO_ILLUSION0_WIDTH:266
633 249  1074
893 246  1880
630 475  2783
913 476  3572
Воспроизведение
632 247  5111
915 247  5847
650 492  6560
957 476  7216
NO_ILLUSION0_WIDTH:152
679 244  1193
848 243  1804
693 483  2535
847 483  3261
Воспроизведение
670 240  4278
867 244  4886
703 437  5535
881 418  6322
NO_ILLUSION0_WIDTH:209
649 247  953
882 247  1733
660 485  2542
890 479  3312
Воспроизведение
654 241  4584
904 239  5239
684 469  6100
950 449  6943
NO_ILLUSION0_WIDTH:247
634 244  890
896 252  1706
637 491  2403
896 479  3122
Воспроизведение
646 244  4255
918 239  4811
674 476  5691
936 457  6319
NO_ILLUSION0_WIDTH:209
650 240  843
878 236  1462
658 472  2233
882 475  2869
Воспроизведение
678 243  4045
915 243  4665
699 479  5364
961 477  5965
NO_ILLUSION0_WIDTH:247
627 235  896
890 241  1704
647 480  2476
891 479  3337
Воспроизведение
650 249  4732
903 251  5396
686 507  6250
944 487  7138
NO_ILLUSION0_WIDTH:266
626 241  1074
906 237  1927
624 475  2628
906 474  3462
Воспроизведение
644 245  4735
932 253  5470
650 464  6168
964 450  6896
NO_ILLUSION0_WIDTH:152
678 237  1084
846 240  1686
691 482  2526
854 475  3099
Воспроизведение
688 239  4327
874 236  4901
702 483  5708
899 476  6299
