не показывать курсор
тип стимула OPEL_TOP
перпендикулярные отрезки в Оппель-Кундта каждые... пикс 19
высота перпендикулярных отрезков в Оппель-Кундта 20
угол стрелок 45
длина стрелок 20
длина штанги (1я часть) 1 152
длина штанги (1я часть) 2 171
длина штанги (1я часть) 3 209
длина штанги (1я часть) 4 247
длина штанги (1я часть) 5 266
длина штанги (1я часть) 6 152
длина штанги (1я часть) 7 171
длина штанги (1я часть) 8 209
длина штанги (1я часть) 9 247
длина штанги (1я часть) 10 266
длина штанги (2я часть) 1 152
длина штанги (2я часть) 2 171
длина штанги (2я часть) 3 209
длина штанги (2я часть) 4 247
длина штанги (2я часть) 5 266
длина штанги (2я часть) 6 152
длина штанги (2я часть) 7 171
длина штанги (2я часть) 8 209
длина штанги (2я часть) 9 247
длина штанги (2я часть) 10 266
длина "закрывашек" 20
расстояние между линиями 240
расстояние до рельсов Понзо 20
ширина линий 4
всего опытов 20
OPEL3_WIDTH:247
636 262  1238
889 247  1732
649 491  2488
877 479  3036
Воспроизведение
626 258  4103
920 251  4543
598 498  5082
904 492  5639
OPEL3_WIDTH:209
662 255  840
874 254  1289
677 484  1882
872 491  2359
Воспроизведение
669 259  3227
885 267  3694
650 526  4251
882 523  4764
OPEL3_WIDTH:247
651 249  826
883 240  1427
649 482  2022
878 485  2632
Воспроизведение
661 264  3615
892 252  4135
622 535  4692
906 524  5295
OPEL3_WIDTH:152
685 251  732
847 248  1280
680 478  1798
838 485  2381
Воспроизведение
698 261  3497
835 256  3973
674 543  4556
819 531  5078
OPEL3_WIDTH:171
678 250  751
850 245  1289
678 484  1820
848 476  2395
Воспроизведение
691 255  3280
858 251  3764
694 524  4323
867 522  4798
OPEL3_WIDTH:209
666 252  819
862 254  1395
669 483  2010
870 477  2577
Воспроизведение
678 258  3536
874 253  4066
662 529  4584
899 511  5202
OPEL3_WIDTH:171
686 255  759
843 249  1334
687 480  1817
848 480  2356
Воспроизведение
697 253  3219
845 249  3721
692 514  4252
857 513  4771
OPEL3_WIDTH:152
686 251  786
838 246  1288
694 487  1818
843 478  2347
Воспроизведение
701 251  3287
840 256  3736
677 546  4243
846 536  4765
OPEL3_WIDTH:266
632 251  731
886 251  1394
650 496  1961
901 479  2553
Воспроизведение
649 247  3368
887 251  3925
638 523  4492
925 516  5057
OPEL3_WIDTH:266
633 250  695
888 246  1368
642 495  1884
903 477  2503
Воспроизведение
649 263  3425
903 253  3973
624 514  4521
902 510  5113
NO_ILLUSION0_WIDTH:247
642 259  780
880 254  1336
641 479  1911
876 475  2576
Воспроизведение
652 257  3507
892 247  4091
622 511  4618
893 511  5246
NO_ILLUSION0_WIDTH:152
691 241  772
854 233  1328
679 478  1816
836 479  2363
Воспроизведение
695 263  3382
860 265  3876
690 538  4406
851 524  4900
NO_ILLUSION0_WIDTH:152
691 244  790
847 253  1319
696 502  1862
846 479  2427
Воспроизведение
697 259  3423
837 253  3899
674 537  4407
848 531  4935
NO_ILLUSION0_WIDTH:209
667 251  739
861 247  1331
673 491  1847
873 479  2428
Воспроизведение
683 251  3412
876 256  3942
673 514  4472
875 508  4992
NO_ILLUSION0_WIDTH:266
630 260  846
891 252  1474
634 475  1969
896 473  2615
Воспроизведение
641 244  3408
890 245  3965
649 506  4440
925 499  5068
NO_ILLUSION0_WIDTH:209
663 243  729
863 246  1259
676 478  1782
868 482  2322
Воспроизведение
670 251  3240
880 257  3778
667 514  4295
874 498  4833
NO_ILLUSION0_WIDTH:171
680 253  735
840 248  1184
693 480  1672
867 492  2130
Воспроизведение
689 258  3094
854 257  3561
675 516  4092
884 518  4594
NO_ILLUSION0_WIDTH:171
679 254  739
850 245  1250
678 484  1692
846 486  2204
Воспроизведение
687 258  3068
861 253  3535
701 520  4043
871 520  4537
NO_ILLUSION0_WIDTH:266
622 258  734
895 255  1337
633 485  1834
901 480  2455
Воспроизведение
627 266  3346
888 269  3911
633 507  4409
913 502  5028
NO_ILLUSION0_WIDTH:247
646 263  744
871 257  1311
649 499  1766
895 476  2349
Воспроизведение
642 263  3148
884 261  3696
649 533  4225
896 519  4817
