не показывать курсор
тип стимула OPEL_TOP
перпендикулярные отрезки в Оппель-Кундта каждые... пикс 19
высота перпендикулярных отрезков в Оппель-Кундта 20
угол стрелок 45
длина стрелок 20
длина штанги (1я часть) 1 152
длина штанги (1я часть) 2 171
длина штанги (1я часть) 3 209
длина штанги (1я часть) 4 247
длина штанги (1я часть) 5 266
длина штанги (1я часть) 6 152
длина штанги (1я часть) 7 171
длина штанги (1я часть) 8 209
длина штанги (1я часть) 9 247
длина штанги (1я часть) 10 266
длина штанги (2я часть) 1 152
длина штанги (2я часть) 2 171
длина штанги (2я часть) 3 209
длина штанги (2я часть) 4 247
длина штанги (2я часть) 5 266
длина штанги (2я часть) 6 152
длина штанги (2я часть) 7 171
длина штанги (2я часть) 8 209
длина штанги (2я часть) 9 247
длина штанги (2я часть) 10 266
длина "закрывашек" 20
расстояние между линиями 240
расстояние до рельсов Понзо 20
ширина линий 4
всего опытов 20
OPEL3_WIDTH:209
654 260  958
877 239  1442
667 505  1981
922 482  2475
Воспроизведение
653 271  3258
907 257  3652
662 471  4080
898 467  4538
OPEL3_WIDTH:171
666 255  533
855 245  963
661 501  1460
853 481  1935
Воспроизведение
666 251  2629
852 252  3014
654 515  3493
856 498  4022
OPEL3_WIDTH:152
679 258  582
854 241  977
675 496  1463
851 489  1912
Воспроизведение
667 261  2548
846 255  2924
676 491  3425
855 484  3910
OPEL3_WIDTH:247
636 245  582
881 258  1140
629 483  1581
891 475  2119
Воспроизведение
619 252  2788
890 247  3265
610 501  3671
904 494  4255
OPEL3_WIDTH:209
650 253  610
882 252  1075
650 490  1545
866 484  2064
Воспроизведение
621 247  2774
872 246  3185
650 489  3668
877 485  4091
OPEL3_WIDTH:266
627 255  664
910 249  1123
627 489  1582
895 471  2013
Воспроизведение
627 253  2779
909 256  3211
617 490  3626
933 475  4074
OPEL3_WIDTH:152
691 238  659
858 243  999
659 479  1459
867 487  1899
Воспроизведение
690 277  2605
871 267  3000
678 480  3449
880 469  3835
OPEL3_WIDTH:247
638 238  647
954 247  1050
623 479  1570
887 478  2071
Воспроизведение
631 263  2930
917 261  3307
622 519  3781
965 493  4276
OPEL3_WIDTH:266
626 255  567
908 241  963
606 499  1438
914 483  1940
Воспроизведение
617 264  2576
888 254  2998
619 509  3467
922 501  3888
OPEL3_WIDTH:171
660 254  542
866 237  945
657 495  1425
875 489  1846
Воспроизведение
643 254  2488
876 253  2903
641 506  3404
883 492  3806
NO_ILLUSION0_WIDTH:266
628 247  539
924 239  1007
613 475  1496
920 459  1962
Воспроизведение
624 247  2512
931 243  2960
614 513  3393
934 509  3885
NO_ILLUSION0_WIDTH:171
671 244  521
882 243  880
663 476  1351
870 480  1762
Воспроизведение
652 258  2401
917 254  2777
625 514  3239
891 500  3660
NO_ILLUSION0_WIDTH:171
669 255  596
874 242  972
668 492  1441
878 484  1808
Воспроизведение
679 251  2451
875 259  2809
670 531  3312
879 519  3669
NO_ILLUSION0_WIDTH:209
658 257  569
890 244  920
659 492  1435
897 476  1837
Воспроизведение
634 264  2388
886 260  2792
662 519  3311
898 508  3731
NO_ILLUSION0_WIDTH:247
604 248  466
907 250  924
582 483  1320
904 469  1831
Воспроизведение
600 237  2461
919 251  2864
622 498  3374
902 488  3787
NO_ILLUSION0_WIDTH:152
673 238  509
866 240  869
674 516  1311
856 487  1705
Воспроизведение
670 255  2247
874 258  2614
697 523  3092
873 521  3425
NO_ILLUSION0_WIDTH:266
631 250  541
930 255  944
604 495  1388
908 478  1835
Воспроизведение
634 247  2501
930 248  2906
617 519  3320
921 514  3786
NO_ILLUSION0_WIDTH:209
651 249  527
882 240  959
650 467  1454
879 471  1910
Воспроизведение
626 254  2488
896 251  2892
634 515  3379
899 508  3792
NO_ILLUSION0_WIDTH:152
678 251  518
853 231  915
673 463  1425
858 466  1811
Воспроизведение
662 259  2366
882 257  2741
676 504  3224
894 515  3637
NO_ILLUSION0_WIDTH:247
647 246  530
908 232  952
650 475  1430
926 471  1859
Воспроизведение
640 253  2427
931 250  2850
643 515  3314
940 506  3753
