не показывать курсор
тип стимула OPEL_TOP
перпендикулярные отрезки в Оппель-Кундта каждые... пикс 19
высота перпендикулярных отрезков в Оппель-Кундта 20
угол стрелок 45
длина стрелок 20
длина штанги (1я часть) 1 152
длина штанги (1я часть) 2 171
длина штанги (1я часть) 3 209
длина штанги (1я часть) 4 247
длина штанги (1я часть) 5 266
длина штанги (1я часть) 6 152
длина штанги (1я часть) 7 171
длина штанги (1я часть) 8 209
длина штанги (1я часть) 9 247
длина штанги (1я часть) 10 266
длина штанги (2я часть) 1 152
длина штанги (2я часть) 2 171
длина штанги (2я часть) 3 209
длина штанги (2я часть) 4 247
длина штанги (2я часть) 5 266
длина штанги (2я часть) 6 152
длина штанги (2я часть) 7 171
длина штанги (2я часть) 8 209
длина штанги (2я часть) 9 247
длина штанги (2я часть) 10 266
длина "закрывашек" 20
расстояние между линиями 240
расстояние до рельсов Понзо 20
ширина линий 4
всего опытов 20
OPEL3_WIDTH:209
668 241  8042
889 244  8913
660 483  9836
886 482  10482
Воспроизведение
635 266  13889
867 259  14788
635 473  15730
882 474  16636
OPEL3_WIDTH:266
641 251  3038
890 247  3818
630 499  4608
892 491  5479
Воспроизведение
631 259  7048
907 262  7931
620 480  8697
915 487  9550
OPEL3_WIDTH:152
706 242  1900
846 242  2619
690 481  3708
846 483  4684
Воспроизведение
704 256  6279
863 254  7160
706 486  8101
904 474  8972
OPEL3_WIDTH:209
662 240  2044
881 247  3203
658 478  4268
886 473  5300
Воспроизведение
662 244  6871
900 251  7750
670 456  8641
950 462  9548
OPEL3_WIDTH:152
686 248  1885
851 257  2945
682 491  4052
866 482  4958
Воспроизведение
686 271  6453
877 259  7127
659 451  7984
865 459  8810
OPEL3_WIDTH:247
639 257  1692
887 255  2908
633 487  3724
890 488  4726
Воспроизведение
651 255  7131
918 268  8066
648 459  8864
949 458  9883
OPEL3_WIDTH:171
685 247  1493
854 251  2434
679 487  3330
878 479  4292
Воспроизведение
677 252  5862
902 257  6768
673 467  7767
894 462  8582
OPEL3_WIDTH:266
630 254  1869
912 260  3208
627 486  4247
912 482  5333
Воспроизведение
623 247  6739
936 259  7921
631 455  8914
929 457  9937
OPEL3_WIDTH:171
685 243  2750
865 253  3596
679 485  4578
866 486  5600
Воспроизведение
662 260  7374
861 254  8343
662 483  9351
869 480  10110
OPEL3_WIDTH:247
636 246  1384
898 251  2245
632 484  3032
889 486  3989
Воспроизведение
626 266  5339
913 258  6153
612 459  6881
925 451  7566
NO_ILLUSION0_WIDTH:247
639 260  1601
906 260  2966
642 485  3789
903 487  4934
Воспроизведение
641 259  6468
922 253  7330
636 487  8307
918 487  9679
NO_ILLUSION0_WIDTH:152
685 243  1754
843 248  2819
692 484  3740
853 492  4483
Воспроизведение
694 264  6140
884 265  6912
682 475  7728
882 479  8535
NO_ILLUSION0_WIDTH:266
627 231  1656
896 251  2643
630 485  3475
903 480  4264
Воспроизведение
646 255  5929
917 251  6553
634 474  7388
938 481  8135
NO_ILLUSION0_WIDTH:171
676 243  1297
853 251  1853
666 473  2684
849 484  3464
Воспроизведение
674 243  4755
899 265  5447
696 471  6291
905 480  7000
NO_ILLUSION0_WIDTH:209
664 245  2337
886 247  2969
669 479  3877
878 481  4574
Воспроизведение
665 252  6136
896 258  7021
635 470  8043
897 465  8920
NO_ILLUSION0_WIDTH:247
642 248  2049
889 244  3072
649 494  3986
922 480  4784
Воспроизведение
634 248  5955
936 246  6968
657 453  7752
935 461  8614
NO_ILLUSION0_WIDTH:266
618 249  1388
902 251  2306
638 479  3099
898 485  4091
Воспроизведение
633 240  5667
934 249  7343
642 455  8132
944 475  9280
NO_ILLUSION0_WIDTH:171
668 247  1405
861 241  2057
678 496  2921
874 487  3594
Воспроизведение
669 238  5000
882 241  5869
663 460  6621
880 455  7468
NO_ILLUSION0_WIDTH:152
689 246  1389
868 257  2164
682 492  3097
855 478  3796
Воспроизведение
673 243  5207
878 255  5932
690 478  6714
897 479  7377
NO_ILLUSION0_WIDTH:209
658 237  1171
880 249  2013
659 479  2966
882 484  3992
Воспроизведение
654 240  5272
893 247  6071
682 475  6968
913 466  7748
