не показывать курсор
тип стимула OPEL_TOP
перпендикулярные отрезки в Оппель-Кундта каждые... пикс 19
высота перпендикулярных отрезков в Оппель-Кундта 20
угол стрелок 45
длина стрелок 20
длина штанги (1я часть) 1 152
длина штанги (1я часть) 2 171
длина штанги (1я часть) 3 209
длина штанги (1я часть) 4 247
длина штанги (1я часть) 5 266
длина штанги (1я часть) 6 152
длина штанги (1я часть) 7 171
длина штанги (1я часть) 8 209
длина штанги (1я часть) 9 247
длина штанги (1я часть) 10 266
длина штанги (2я часть) 1 152
длина штанги (2я часть) 2 171
длина штанги (2я часть) 3 209
длина штанги (2я часть) 4 247
длина штанги (2я часть) 5 266
длина штанги (2я часть) 6 152
длина штанги (2я часть) 7 171
длина штанги (2я часть) 8 209
длина штанги (2я часть) 9 247
длина штанги (2я часть) 10 266
длина "закрывашек" 20
расстояние между линиями 240
расстояние до рельсов Понзо 20
ширина линий 4
всего опытов 20
OPEL3_WIDTH:152
701 236  3118
842 248  4034
702 483  5494
862 488  6336
Воспроизведение
684 253  8105
897 260  9019
717 480  9824
898 490  10847
OPEL3_WIDTH:247
638 247  1655
894 244  3204
642 482  4255
898 481  5448
Воспроизведение
632 250  7206
879 251  8490
626 545  9495
905 531  10781
OPEL3_WIDTH:171
686 246  3522
860 243  4520
682 488  5826
850 487  6820
Воспроизведение
676 255  8313
905 261  9261
699 498  10556
907 489  11348
OPEL3_WIDTH:209
652 252  1621
880 243  2788
662 483  3871
878 487  4929
Воспроизведение
666 267  7073
907 258  8206
675 530  9567
894 518  11431
OPEL3_WIDTH:247
644 245  1820
899 243  3167
644 484  4143
889 479  5191
Воспроизведение
643 270  7594
883 275  8641
663 543  9775
905 544  10528
OPEL3_WIDTH:209
657 243  1820
874 242  2831
662 475  4011
874 487  5057
Воспроизведение
676 268  6890
914 280  7943
662 547  8901
894 548  9801
OPEL3_WIDTH:266
626 247  1581
905 245  3075
627 486  3951
898 487  5698
Воспроизведение
620 255  7570
928 256  9119
640 522  10638
932 523  12062
OPEL3_WIDTH:152
679 247  1970
853 243  3042
698 479  3886
852 483  5495
Воспроизведение
675 281  7395
857 283  8207
687 551  9385
874 562  10182
OPEL3_WIDTH:171
681 246  5046
857 243  6033
676 478  7074
856 483  8164
Воспроизведение
682 255  10063
874 260  10935
699 546  11689
906 547  12999
OPEL3_WIDTH:266
627 242  1819
907 246  3451
638 482  4890
900 483  6380
Воспроизведение
632 253  8327
916 254  9640
630 525  11180
925 529  12603
NO_ILLUSION0_WIDTH:247
646 247  3946
902 246  5621
642 485  6926
887 483  8319
Воспроизведение
642 258  10722
894 259  12381
607 554  13749
924 543  14970
NO_ILLUSION0_WIDTH:152
678 249  2089
678 249  2089
678 249  2148
849 245  3222
690 485  4235
850 486  4954
Воспроизведение
676 251  7138
874 255  8278
666 490  9237
893 485  10051
NO_ILLUSION0_WIDTH:209
663 235  1936
879 245  2905
660 481  3963
880 485  5078
Воспроизведение
675 252  6531
930 253  7567
683 508  8862
908 512  9868
NO_ILLUSION0_WIDTH:171
677 245  1843
865 254  2747
672 482  3858
854 483  5120
Воспроизведение
675 258  6696
892 266  7515
693 509  8854
886 515  9749
NO_ILLUSION0_WIDTH:266
635 243  1805
909 247  2988
634 483  4066
904 483  5364
Воспроизведение
626 259  6963
970 260  8064
624 515  9330
920 517  10791
NO_ILLUSION0_WIDTH:266
628 247  2260
902 248  3599
632 484  4780
904 486  6054
Воспроизведение
631 259  8078
937 263  9604
640 530  10523
957 535  11988
NO_ILLUSION0_WIDTH:171
678 246  1265
868 243  2154
678 485  3085
859 489  4006
Воспроизведение
668 263  5318
916 267  6684
667 511  8144
902 503  9175
NO_ILLUSION0_WIDTH:152
685 243  1379
846 244  2301
682 482  3270
854 491  4191
Воспроизведение
675 250  5662
890 259  6716
678 534  7785
925 539  9370
NO_ILLUSION0_WIDTH:209
654 253  2148
872 242  3293
664 487  4452
879 482  5758
Воспроизведение
650 258  7594
922 256  8764
651 547  9889
942 537  11439
NO_ILLUSION0_WIDTH:247
649 252  2165
895 243  3351
644 478  4493
889 485  5691
Воспроизведение
627 254  7307
931 259  8568
623 501  9724
934 504  11141
