не показывать курсор
тип стимула OPEL_TOP
перпендикулярные отрезки в Оппель-Кундта каждые... пикс 19
высота перпендикулярных отрезков в Оппель-Кундта 20
угол стрелок 45
длина стрелок 20
длина штанги (1я часть) 1 152
длина штанги (1я часть) 2 171
длина штанги (1я часть) 3 209
длина штанги (1я часть) 4 247
длина штанги (1я часть) 5 266
длина штанги (1я часть) 6 152
длина штанги (1я часть) 7 171
длина штанги (1я часть) 8 209
длина штанги (1я часть) 9 247
длина штанги (1я часть) 10 266
длина штанги (2я часть) 1 152
длина штанги (2я часть) 2 171
длина штанги (2я часть) 3 209
длина штанги (2я часть) 4 247
длина штанги (2я часть) 5 266
длина штанги (2я часть) 6 152
длина штанги (2я часть) 7 171
длина штанги (2я часть) 8 209
длина штанги (2я часть) 9 247
длина штанги (2я часть) 10 266
длина "закрывашек" 20
расстояние между линиями 240
расстояние до рельсов Понзо 20
ширина линий 4
всего опытов 20
OPEL3_WIDTH:247
635 242  1976
890 249  2875
632 495  3635
898 484  4746
Воспроизведение
639 261  6117
923 259  7115
666 508  7813
930 499  9084
OPEL3_WIDTH:266
630 247  1173
891 246  2126
626 485  2779
906 479  3783
Воспроизведение
650 233  5081
917 242  6220
651 443  7004
927 446  8226
OPEL3_WIDTH:247
642 243  1127
895 253  2105
646 491  2924
884 480  3853
Воспроизведение
636 243  5354
894 253  6539
661 469  7294
904 461  8620
OPEL3_WIDTH:266
646 256  1077
906 262  2150
626 494  2922
901 485  3999
Воспроизведение
640 255  4603
640 255  4603
640 255  4657
890 257  6063
658 491  6782
910 475  7870
OPEL3_WIDTH:171
685 243  1215
858 251  2059
712 493  2687
873 483  3517
Воспроизведение
667 279  4842
885 279  5612
686 508  6384
876 489  7507
OPEL3_WIDTH:152
692 253  1341
848 253  2065
688 480  2861
843 490  3571
Воспроизведение
702 269  5060
877 293  5856
705 470  6793
878 473  7751
OPEL3_WIDTH:209
652 250  965
865 255  2056
660 495  2595
883 485  3309
Воспроизведение
671 256  4452
894 251  5193
677 514  5861
907 511  6816
OPEL3_WIDTH:171
682 243  1004
852 250  1689
667 487  2277
860 479  2991
Воспроизведение
668 255  4096
903 253  4849
689 503  5448
910 491  6335
OPEL3_WIDTH:209
650 248  943
874 259  1693
664 485  2315
882 487  3409
Воспроизведение
666 247  4611
882 250  5443
674 493  6039
922 489  7053
OPEL3_WIDTH:152
668 255  950
848 263  1595
687 484  2263
863 491  3037
Воспроизведение
677 249  4121
872 255  4648
688 518  5338
930 515  6082
NO_ILLUSION0_WIDTH:152
690 246  925
858 253  1514
689 491  2125
841 485  2796
Воспроизведение
696 243  3858
896 257  4443
703 488  5004
874 475  5697
NO_ILLUSION0_WIDTH:247
648 246  991
890 247  1852
642 487  2434
898 482  3503
Воспроизведение
650 257  4642
920 253  5566
693 506  6326
933 484  7290
NO_ILLUSION0_WIDTH:171
675 243  1055
850 255  1726
678 488  2418
872 488  3203
Воспроизведение
670 251  4273
879 252  4911
699 520  5540
905 515  6424
NO_ILLUSION0_WIDTH:247
630 238  131054
890 242  131713
636 488  132351
887 486  133025
Воспроизведение
645 246  134255
938 245  135038
647 504  135661
962 504  136534
NO_ILLUSION0_WIDTH:152
681 243  1015
855 254  1633
683 482  2292
850 485  2911
Воспроизведение
687 256  4251
868 260  4876
694 487  5474
879 485  6191
NO_ILLUSION0_WIDTH:266
618 257  887
893 259  1769
621 487  2357
902 492  3410
Воспроизведение
638 262  4513
926 254  5578
637 492  6154
922 495  7164
NO_ILLUSION0_WIDTH:266
647 251  852
899 255  1641
633 479  2175
886 488  3062
Воспроизведение
639 246  3976
903 255  4860
640 503  5358
927 500  6207
NO_ILLUSION0_WIDTH:209
666 247  907
866 249  1565
670 483  2142
876 488  2743
Воспроизведение
664 247  3862
878 251  4513
649 503  5120
910 499  5893
NO_ILLUSION0_WIDTH:209
649 255  935
879 251  1681
666 487  2279
885 498  3067
Воспроизведение
674 248  4053
900 258  4776
678 494  5414
914 488  6306
NO_ILLUSION0_WIDTH:171
672 238  867
869 247  1461
679 492  2146
849 487  2644
Воспроизведение
680 258  3736
878 259  4363
678 511  5099
878 508  5726
