не показывать курсор
тип стимула OPEL_TOP
перпендикулярные отрезки в Оппель-Кундта каждые... пикс 19
высота перпендикулярных отрезков в Оппель-Кундта 20
угол стрелок 45
длина стрелок 20
длина штанги (1я часть) 1 152
длина штанги (1я часть) 2 171
длина штанги (1я часть) 3 209
длина штанги (1я часть) 4 247
длина штанги (1я часть) 5 266
длина штанги (1я часть) 6 152
длина штанги (1я часть) 7 171
длина штанги (1я часть) 8 209
длина штанги (1я часть) 9 247
длина штанги (1я часть) 10 266
длина штанги (2я часть) 1 152
длина штанги (2я часть) 2 171
длина штанги (2я часть) 3 209
длина штанги (2я часть) 4 247
длина штанги (2я часть) 5 266
длина штанги (2я часть) 6 152
длина штанги (2я часть) 7 171
длина штанги (2я часть) 8 209
длина штанги (2я часть) 9 247
длина штанги (2я часть) 10 266
длина "закрывашек" 20
расстояние между линиями 240
расстояние до рельсов Понзо 20
ширина линий 4
всего опытов 20
OPEL3_WIDTH:247
650 251  4920
894 251  5508
654 491  6303
911 491  6946
Воспроизведение
655 235  8619
931 246  9312
650 503  9997
930 504  10544
OPEL3_WIDTH:209
662 259  1260
865 251  1821
674 486  2427
894 490  3152
Воспроизведение
650 255  4692
881 240  5401
654 499  6039
926 494  6811
OPEL3_WIDTH:209
677 254  1411
888 259  1929
670 486  2558
908 501  3137
Воспроизведение
673 255  4691
873 257  5182
674 517  5808
926 513  6487
OPEL3_WIDTH:266
638 259  1288
925 249  2006
644 481  2741
900 497  3779
Воспроизведение
652 256  5332
909 257  6024
650 510  6673
943 513  7529
OPEL3_WIDTH:266
638 254  1297
908 247  1974
629 487  2698
898 491  3643
Воспроизведение
663 255  5299
943 263  6070
674 493  6881
947 488  7647
OPEL3_WIDTH:247
650 255  1469
889 248  2143
642 489  2905
890 487  3802
Воспроизведение
651 270  5424
907 271  6187
650 512  6877
922 503  7696
OPEL3_WIDTH:171
683 254  1231
854 251  1870
687 489  2819
862 499  3495
Воспроизведение
683 250  4997
851 251  5757
706 476  6702
876 479  7607
OPEL3_WIDTH:152
697 254  1152
851 250  1868
694 495  2557
854 493  3432
Воспроизведение
702 260  4884
872 259  5546
703 507  6184
894 505  7047
OPEL3_WIDTH:171
681 247  1250
847 258  1734
679 502  2302
848 494  3113
Воспроизведение
678 263  4363
861 263  4962
682 498  5667
858 501  6330
OPEL3_WIDTH:152
697 249  1319
835 251  1779
698 489  2514
851 495  3239
Воспроизведение
698 263  4681
859 274  5326
718 505  6079
873 507  6667
NO_ILLUSION0_WIDTH:171
678 246  1248
861 252  1852
686 493  2505
856 492  3394
Воспроизведение
685 249  4853
870 258  5468
702 486  6088
880 496  6702
NO_ILLUSION0_WIDTH:247
641 253  1104
894 251  1902
650 488  2621
894 487  3836
Воспроизведение
655 261  5266
932 259  6415
685 499  7146
931 502  8174
NO_ILLUSION0_WIDTH:209
662 252  1068
866 246  1914
666 492  2692
871 491  3740
Воспроизведение
664 257  5158
887 255  6074
695 495  6899
902 493  8001
NO_ILLUSION0_WIDTH:152
696 250  1105
843 244  1683
693 486  2328
850 487  3098
Воспроизведение
687 254  4599
851 254  5344
703 484  6150
873 483  6826
NO_ILLUSION0_WIDTH:266
631 251  1128
898 251  1920
642 493  2676
910 485  3727
Воспроизведение
631 252  5236
893 251  6133
662 509  6876
926 507  7926
NO_ILLUSION0_WIDTH:247
644 255  1254
896 251  2253
646 482  2940
890 490  3982
Воспроизведение
635 256  5429
896 254  6394
660 503  7401
906 493  8374
NO_ILLUSION0_WIDTH:171
690 251  1357
859 254  2115
680 488  2822
854 498  3826
Воспроизведение
668 254  5278
878 253  6144
699 503  6840
886 509  7833
NO_ILLUSION0_WIDTH:209
657 251  1069
854 257  1932
668 491  2562
872 491  3735
Воспроизведение
670 263  5254
888 255  6246
677 525  6794
900 515  7682
NO_ILLUSION0_WIDTH:266
640 251  1492
902 253  2393
645 491  3130
908 492  4228
Воспроизведение
638 257  5540
915 268  6669
671 503  7552
931 511  8716
NO_ILLUSION0_WIDTH:152
690 249  1132
839 251  1717
695 490  2300
856 483  3099
Воспроизведение
690 259  4490
848 250  5226
705 489  6049
850 484  6883
