не показывать курсор
тип стимула OPEL_TOP
перпендикулярные отрезки в Оппель-Кундта каждые... пикс 19
высота перпендикулярных отрезков в Оппель-Кундта 20
угол стрелок 45
длина стрелок 20
длина штанги (1я часть) 1 152
длина штанги (1я часть) 2 171
длина штанги (1я часть) 3 209
длина штанги (1я часть) 4 247
длина штанги (1я часть) 5 266
длина штанги (1я часть) 6 152
длина штанги (1я часть) 7 171
длина штанги (1я часть) 8 209
длина штанги (1я часть) 9 247
длина штанги (1я часть) 10 266
длина штанги (2я часть) 1 152
длина штанги (2я часть) 2 171
длина штанги (2я часть) 3 209
длина штанги (2я часть) 4 247
длина штанги (2я часть) 5 266
длина штанги (2я часть) 6 152
длина штанги (2я часть) 7 171
длина штанги (2я часть) 8 209
длина штанги (2я часть) 9 247
длина штанги (2я часть) 10 266
длина "закрывашек" 20
расстояние между линиями 240
расстояние до рельсов Понзо 20
ширина линий 4
всего опытов 20
OPEL3_WIDTH:171
685 244  12158
843 245  12543
689 481  13450
866 478  13849
Воспроизведение
678 245  14967
858 239  15309
676 472  16124
850 482  16500
OPEL3_WIDTH:247
652 241  1018
885 245  1494
646 481  2234
880 486  2664
Воспроизведение
639 239  3747
885 250  4104
650 500  4916
870 487  5380
OPEL3_WIDTH:247
642 249  849
892 246  1314
651 478  2080
886 495  2591
Воспроизведение
628 243  3767
908 237  4202
655 501  4950
893 500  5345
OPEL3_WIDTH:266
637 252  944
906 258  1390
639 481  2277
893 485  2829
Воспроизведение
627 257  3955
897 244  4410
630 504  5227
886 503  5748
OPEL3_WIDTH:152
700 254  1001
842 248  1363
699 493  2233
846 489  2619
Воспроизведение
687 244  3679
847 242  4057
696 495  5032
848 494  5385
OPEL3_WIDTH:209
658 243  901
876 244  1350
669 484  2146
858 486  2675
Воспроизведение
651 241  3837
871 243  4248
656 488  5050
850 496  5393
OPEL3_WIDTH:171
684 240  767
854 251  1102
686 487  1844
833 480  2201
Воспроизведение
677 244  3404
851 240  3816
669 490  4865
848 487  5188
OPEL3_WIDTH:209
660 254  1015
856 261  1607
672 486  2419
868 483  2861
Воспроизведение
654 235  4309
858 234  4684
652 486  5522
853 475  5952
OPEL3_WIDTH:266
628 243  1028
915 243  1507
630 483  2215
890 492  2789
Воспроизведение
628 239  4018
897 237  4486
643 511  5333
887 500  5791
OPEL3_WIDTH:152
687 248  943
844 256  1239
689 483  2074
851 480  2495
Воспроизведение
676 247  3858
846 247  4151
687 488  5095
835 496  5428
NO_ILLUSION0_WIDTH:171
677 253  923
852 239  1338
677 490  2167
851 482  2657
Воспроизведение
664 255  3828
836 253  4274
678 479  5055
848 479  5444
NO_ILLUSION0_WIDTH:266
639 243  897
886 250  1410
636 481  2221
906 482  2761
Воспроизведение
621 236  3965
889 250  4464
651 505  5268
885 507  5804
NO_ILLUSION0_WIDTH:152
690 253  985
822 255  1375
701 492  2403
837 483  2859
Воспроизведение
681 257  3957
845 251  4320
693 476  5102
828 476  5487
NO_ILLUSION0_WIDTH:266
638 245  1014
898 247  1473
Воспроизведение
630 486  2469
912 476  3019
632 245  4811
884 251  5220
630 456  5906
880 460  6385
NO_ILLUSION0_WIDTH:247
650 250  1132
878 248  1639
649 480  2425
884 479  2978
Воспроизведение
632 244  3940
907 248  4402
655 496  5220
896 500  5816
NO_ILLUSION0_WIDTH:209
669 243  818
874 236  1284
664 483  2070
874 483  2537
Воспроизведение
658 242  3858
857 248  4299
674 511  5154
852 515  5578
NO_ILLUSION0_WIDTH:171
677 253  1058
848 255  1523
677 483  2298
863 488  2768
Воспроизведение
673 257  4065
850 256  4451
670 479  5386
834 475  5799
NO_ILLUSION0_WIDTH:247
642 244  920
882 255  1462
644 482  2288
875 481  2849
Воспроизведение
638 245  3968
880 235  4431
642 515  5270
900 508  5811
NO_ILLUSION0_WIDTH:209
663 248  870
878 263  1310
676 489  2243
858 484  2703
Воспроизведение
650 256  4004
856 256  4370
671 499  5252
854 493  5663
NO_ILLUSION0_WIDTH:152
696 246  895
858 238  1266
690 487  2065
850 485  2466
Воспроизведение
671 239  3777
848 238  4173
684 483  4897
865 497  5314
