не показывать курсор
тип стимула OPEL_TOP
перпендикулярные отрезки в Оппель-Кундта каждые... пикс 19
высота перпендикулярных отрезков в Оппель-Кундта 20
угол стрелок 45
длина стрелок 20
длина штанги (1я часть) 1 152
длина штанги (1я часть) 2 171
длина штанги (1я часть) 3 209
длина штанги (1я часть) 4 247
длина штанги (1я часть) 5 266
длина штанги (1я часть) 6 152
длина штанги (1я часть) 7 171
длина штанги (1я часть) 8 209
длина штанги (1я часть) 9 247
длина штанги (1я часть) 10 266
длина штанги (2я часть) 1 152
длина штанги (2я часть) 2 171
длина штанги (2я часть) 3 209
длина штанги (2я часть) 4 247
длина штанги (2я часть) 5 266
длина штанги (2я часть) 6 152
длина штанги (2я часть) 7 171
длина штанги (2я часть) 8 209
длина штанги (2я часть) 9 247
длина штанги (2я часть) 10 266
длина "закрывашек" 20
расстояние между линиями 240
расстояние до рельсов Понзо 20
ширина линий 4
всего опытов 20
OPEL3_WIDTH:247
633 260  1682
874 247  2710
650 501  3541
880 497  4388
Воспроизведение
598 259  6139
878 255  6782
614 485  7544
922 486  8305
OPEL3_WIDTH:171
678 251  1168
850 247  1676
689 492  2595
850 495  3240
Воспроизведение
654 250  4725
831 243  5324
654 481  6174
834 484  6865
OPEL3_WIDTH:152
692 252  1304
839 251  1867
691 487  2651
836 486  3126
Воспроизведение
651 255  4884
846 259  5495
683 477  6322
854 478  7064
OPEL3_WIDTH:247
636 261  1147
886 249  1928
650 493  2877
874 479  3748
Воспроизведение
626 251  5160
882 252  5848
647 513  6710
883 511  7479
OPEL3_WIDTH:209
662 245  1081
851 245  1708
674 501  2628
854 487  3375
Воспроизведение
651 262  4847
850 253  5425
658 492  6244
862 486  7046
OPEL3_WIDTH:209
666 245  1142
863 243  1863
674 494  2755
854 489  3530
Воспроизведение
639 247  4984
850 254  5600
655 475  6380
855 479  7147
OPEL3_WIDTH:266
627 245  1141
895 247  2056
638 485  2957
893 481  4024
Воспроизведение
623 255  5250
881 254  5887
643 485  6829
882 487  7714
OPEL3_WIDTH:171
671 252  986
838 247  1615
675 487  2350
842 497  2952
Воспроизведение
672 231  4103
852 237  4646
677 503  5495
854 498  6144
OPEL3_WIDTH:266
625 260  1143
898 254  1837
637 488  2584
894 487  3272
Воспроизведение
623 237  4378
900 243  5061
640 478  5863
893 476  6781
OPEL3_WIDTH:152
694 242  932
827 243  1403
693 486  2257
827 488  2749
Воспроизведение
678 246  3978
850 247  4433
670 491  5234
835 500  5866
NO_ILLUSION0_WIDTH:266
640 250  1003
896 251  1561
638 486  2364
882 488  2940
Воспроизведение
614 247  4004
884 251  4578
626 495  5502
882 500  6074
NO_ILLUSION0_WIDTH:266
630 243  961
892 253  1579
642 484  2385
893 487  3165
Воспроизведение
623 237  4078
878 249  4810
651 521  5632
898 515  6491
NO_ILLUSION0_WIDTH:171
684 248  943
834 255  1466
685 490  2187
828 485  2723
Воспроизведение
676 246  3792
843 255  4390
675 486  5212
854 479  5782
NO_ILLUSION0_WIDTH:209
663 253  1060
867 248  1623
658 488  2325
866 483  3050
Воспроизведение
650 237  4298
846 237  4948
674 522  5858
854 513  6597
NO_ILLUSION0_WIDTH:152
698 249  1066
830 255  1621
692 489  2421
830 490  2916
Воспроизведение
677 243  4189
842 248  4689
714 503  5577
881 491  6230
NO_ILLUSION0_WIDTH:209
654 244  899
869 249  1470
667 491  2395
861 487  3163
Воспроизведение
661 244  4403
859 241  5017
675 496  5914
858 492  6568
NO_ILLUSION0_WIDTH:247
642 246  942
878 255  1500
650 488  2311
868 487  3094
Воспроизведение
623 262  4587
873 254  5220
633 486  6014
862 486  6920
NO_ILLUSION0_WIDTH:171
679 237  909
846 247  1545
684 491  2338
846 493  2970
Воспроизведение
673 243  4217
814 247  4684
674 471  5471
846 470  6255
NO_ILLUSION0_WIDTH:247
640 240  909
881 251  1563
650 490  2472
881 491  3238
Воспроизведение
635 249  4435
900 254  5083
650 549  6123
906 539  6962
NO_ILLUSION0_WIDTH:152
690 244  903
828 250  1520
693 488  2242
841 487  2802
Воспроизведение
678 248  4105
830 245  4590
684 519  5543
826 519  6190
