не показывать курсор
тип стимула OPEL_TOP
перпендикулярные отрезки в Оппель-Кундта каждые... пикс 19
высота перпендикулярных отрезков в Оппель-Кундта 20
угол стрелок 45
длина стрелок 20
длина штанги (1я часть) 1 152
длина штанги (1я часть) 2 171
длина штанги (1я часть) 3 209
длина штанги (1я часть) 4 247
длина штанги (1я часть) 5 266
длина штанги (1я часть) 6 152
длина штанги (1я часть) 7 171
длина штанги (1я часть) 8 209
длина штанги (1я часть) 9 247
длина штанги (1я часть) 10 266
длина штанги (2я часть) 1 152
длина штанги (2я часть) 2 171
длина штанги (2я часть) 3 209
длина штанги (2я часть) 4 247
длина штанги (2я часть) 5 266
длина штанги (2я часть) 6 152
длина штанги (2я часть) 7 171
длина штанги (2я часть) 8 209
длина штанги (2я часть) 9 247
длина штанги (2я часть) 10 266
длина "закрывашек" 20
расстояние между линиями 240
расстояние до рельсов Понзо 20
ширина линий 4
всего опытов 20
OPEL3_WIDTH:266
638 251  7199
899 247  8346
642 489  9717
902 491  10684
Воспроизведение
644 214  13896
907 208  15080
627 526  16139
929 534  17044
OPEL3_WIDTH:171
686 253  2279
858 246  2816
682 485  3704
852 483  4217
Воспроизведение
690 246  5330
866 244  5788
698 494  6436
890 493  7010
OPEL3_WIDTH:247
648 243  1152
887 244  1852
646 491  2603
894 489  3238
Воспроизведение
645 251  4633
898 247  5216
674 512  5914
927 495  6452
OPEL3_WIDTH:209
669 247  1231
870 251  1887
666 482  2617
874 492  3262
Воспроизведение
678 253  4550
884 255  5043
677 503  5772
909 507  6320
OPEL3_WIDTH:171
678 251  1130
852 255  1633
686 485  2371
846 484  2909
Воспроизведение
690 251  4114
847 248  4572
687 483  5419
870 482  5991
OPEL3_WIDTH:266
634 243  1169
902 256  1852
650 484  2560
894 483  3277
Воспроизведение
653 237  4364
653 237  4365
653 237  4477
895 259  5176
674 496  5921
920 491  6709
OPEL3_WIDTH:152
695 253  1547
846 248  2014
699 487  2906
842 487  3354
Воспроизведение
702 251  4617
869 249  5119
701 475  6006
901 465  6634
OPEL3_WIDTH:209
671 253  1642
873 251  2143
661 488  2908
856 488  3508
Воспроизведение
687 234  4829
891 236  5377
665 465  6132
914 463  6642
OPEL3_WIDTH:152
695 249  1407
838 254  1837
690 488  2738
842 491  3212
Воспроизведение
695 241  4435
832 244  4811
681 473  5712
873 473  6249
OPEL3_WIDTH:247
649 257  1163
889 256  1808
650 483  2575
886 481  3263
Воспроизведение
658 247  4699
867 251  5254
676 459  6061
926 455  6590
NO_ILLUSION0_WIDTH:266
643 251  1329
894 255  1814
643 483  2513
894 488  3023
Воспроизведение
650 245  4261
874 251  4826
649 482  5589
906 475  6306
NO_ILLUSION0_WIDTH:209
665 250  1157
870 259  1677
668 488  2362
871 499  2962
Воспроизведение
658 253  3819
879 255  4276
677 473  4999
909 473  5536
NO_ILLUSION0_WIDTH:171
687 239  1220
864 244  1623
677 480  2182
859 486  2611
Воспроизведение
682 241  3588
830 239  3867
686 463  4626
878 463  5156
NO_ILLUSION0_WIDTH:209
665 251  1096
868 262  1562
669 491  2199
871 494  2719
Воспроизведение
677 240  3746
875 243  4132
676 459  4900
901 450  5384
NO_ILLUSION0_WIDTH:247
644 253  991
887 255  1413
647 489  2038
890 496  2648
Воспроизведение
649 241  3518
891 242  3941
662 475  4709
923 469  5292
NO_ILLUSION0_WIDTH:171
693 253  1131
858 252  1507
684 484  4620
854 487  5014
Воспроизведение
693 253  6418
837 251  6776
676 483  7607
874 475  8038
NO_ILLUSION0_WIDTH:247
638 248  1066
888 252  1641
640 485  2225
888 481  2816
Воспроизведение
653 240  4095
878 243  4624
674 489  5396
891 481  6024
NO_ILLUSION0_WIDTH:152
698 250  1073
843 255  1477
698 487  2226
852 488  2619
Воспроизведение
699 248  3737
846 248  4159
702 469  4949
882 467  5433
NO_ILLUSION0_WIDTH:266
629 252  946
892 259  1521
646 482  2163
900 491  2772
Воспроизведение
648 242  3890
878 246  4474
672 480  5089
672 480  5089
672 480  5183
914 478  5943
NO_ILLUSION0_WIDTH:152
687 250  1052
853 255  1476
697 495  2221
839 490  2678
Воспроизведение
695 252  3739
854 254  4151
702 482  5070
890 489  5527
