не показывать курсор
тип стимула OPEL_TOP
перпендикулярные отрезки в Оппель-Кундта каждые... пикс 19
высота перпендикулярных отрезков в Оппель-Кундта 20
угол стрелок 45
длина стрелок 20
длина штанги (1я часть) 1 152
длина штанги (1я часть) 2 171
длина штанги (1я часть) 3 209
длина штанги (1я часть) 4 247
длина штанги (1я часть) 5 266
длина штанги (1я часть) 6 152
длина штанги (1я часть) 7 171
длина штанги (1я часть) 8 209
длина штанги (1я часть) 9 247
длина штанги (1я часть) 10 266
длина штанги (2я часть) 1 152
длина штанги (2я часть) 2 171
длина штанги (2я часть) 3 209
длина штанги (2я часть) 4 247
длина штанги (2я часть) 5 266
длина штанги (2я часть) 6 152
длина штанги (2я часть) 7 171
длина штанги (2я часть) 8 209
длина штанги (2я часть) 9 247
длина штанги (2я часть) 10 266
длина "закрывашек" 20
расстояние между линиями 240
расстояние до рельсов Понзо 20
ширина линий 4
всего опытов 20
OPEL3_WIDTH:247
652 259  2411
893 244  2993
654 497  3832
905 491  4307
Воспроизведение
656 255  5559
907 249  5981
643 483  6611
949 475  7103
OPEL3_WIDTH:171
690 254  910
862 253  1284
678 496  1805
847 485  2270
Воспроизведение
700 255  3316
880 255  3675
671 503  4217
900 498  4656
OPEL3_WIDTH:152
695 253  796
846 259  1127
693 481  1672
858 483  1993
Воспроизведение
702 253  2864
856 246  3179
686 480  3714
908 481  4124
OPEL3_WIDTH:209
666 259  686
877 257  1026
664 486  1510
886 483  1895
Воспроизведение
676 252  2812
882 252  3162
658 476  3688
906 479  4144
OPEL3_WIDTH:171
691 249  853
865 251  1222
683 503  1686
878 494  2018
Воспроизведение
690 247  3019
857 251  3351
663 507  3894
902 509  4323
OPEL3_WIDTH:152
699 262  675
846 257  1052
693 492  1526
851 491  1847
Воспроизведение
694 257  2918
858 253  3241
673 507  3820
906 510  4241
OPEL3_WIDTH:247
651 254  767
913 254  1154
651 484  1646
906 492  2014
Воспроизведение
667 255  3120
878 254  3425
643 512  4027
928 517  4476
OPEL3_WIDTH:266
628 260  740
926 251  1142
634 481  1642
911 487  2117
Воспроизведение
660 251  3128
938 251  3557
633 510  4074
933 509  4576
OPEL3_WIDTH:266
638 248  796
914 239  1199
634 496  1669
918 484  2206
Воспроизведение
640 260  3142
936 250  3590
638 499  4120
962 482  4559
OPEL3_WIDTH:209
674 243  780
880 253  1156
662 492  1650
884 487  2060
Воспроизведение
667 253  3051
899 255  3401
681 503  3998
899 504  4509
NO_ILLUSION0_WIDTH:266
634 262  800
913 258  1176
645 493  1618
921 502  1968
Воспроизведение
646 251  2802
899 243  3171
644 481  3631
913 475  3998
NO_ILLUSION0_WIDTH:247
646 244  726
897 251  1093
646 489  1581
887 496  2021
Воспроизведение
643 237  2930
925 254  3341
648 513  3834
908 502  4247
NO_ILLUSION0_WIDTH:152
705 247  687
856 246  992
701 485  1512
846 488  1852
Воспроизведение
704 251  2825
862 246  3129
680 510  3660
872 509  3973
NO_ILLUSION0_WIDTH:247
630 257  660
892 250  1072
644 496  1548
893 482  1978
Воспроизведение
659 239  3004
846 239  3334
647 496  3854
860 488  4223
NO_ILLUSION0_WIDTH:171
688 239  661
872 257  992
678 500  1429
867 492  1733
Воспроизведение
685 259  2626
857 248  2922
686 488  3416
892 488  3765
NO_ILLUSION0_WIDTH:171
686 245  650
860 246  919
676 489  1411
854 482  1805
Воспроизведение
714 240  2792
872 251  3105
681 506  3595
906 503  3989
NO_ILLUSION0_WIDTH:209
680 255  673
884 263  995
674 495  1443
884 495  1785
Воспроизведение
692 257  2684
882 245  3035
650 497  3570
904 499  4017
NO_ILLUSION0_WIDTH:266
644 256  670
902 267  1038
650 494  1471
922 496  1811
Воспроизведение
652 265  2879
890 268  3265
645 485  3782
931 479  4184
NO_ILLUSION0_WIDTH:152
710 234  691
863 247  951
692 483  1490
841 487  1802
Воспроизведение
706 255  2742
856 248  2984
684 495  3575
931 486  3949
NO_ILLUSION0_WIDTH:209
670 239  720
887 247  1070
667 488  1535
892 490  1884
Воспроизведение
682 247  2950
868 241  3291
647 487  3845
909 494  4301
