не показывать курсор
тип стимула OPEL_TOP
перпендикулярные отрезки в Оппель-Кундта каждые... пикс 19
высота перпендикулярных отрезков в Оппель-Кундта 20
угол стрелок 45
длина стрелок 20
длина штанги (1я часть) 1 152
длина штанги (1я часть) 2 171
длина штанги (1я часть) 3 209
длина штанги (1я часть) 4 247
длина штанги (1я часть) 5 266
длина штанги (1я часть) 6 152
длина штанги (1я часть) 7 171
длина штанги (1я часть) 8 209
длина штанги (1я часть) 9 247
длина штанги (1я часть) 10 266
длина штанги (2я часть) 1 152
длина штанги (2я часть) 2 171
длина штанги (2я часть) 3 209
длина штанги (2я часть) 4 247
длина штанги (2я часть) 5 266
длина штанги (2я часть) 6 152
длина штанги (2я часть) 7 171
длина штанги (2я часть) 8 209
длина штанги (2я часть) 9 247
длина штанги (2я часть) 10 266
длина "закрывашек" 20
расстояние между линиями 240
расстояние до рельсов Понзо 20
ширина линий 4
всего опытов 20
OPEL3_WIDTH:152
698 255  6002
842 255  6567
685 499  7238
830 495  7615
Воспроизведение
688 272  9004
862 272  9489
688 492  10123
837 480  10445
OPEL3_WIDTH:209
666 263  926
866 263  1500
670 504  2110
873 502  2695
Воспроизведение
675 261  3759
901 254  4261
685 470  4820
887 465  5339
OPEL3_WIDTH:266
632 255  1327
904 251  2071
634 494  2797
905 491  3550
Воспроизведение
638 260  4727
908 260  5419
664 478  6088
922 484  6670
OPEL3_WIDTH:247
650 259  965
904 251  1664
650 500  2284
890 499  2922
Воспроизведение
649 252  3924
894 263  4409
666 475  4972
914 475  5411
OPEL3_WIDTH:266
641 258  939
908 250  1522
651 486  2125
906 495  2601
Воспроизведение
654 256  3780
945 251  4265
662 482  4844
938 479  5273
OPEL3_WIDTH:171
689 256  835
853 259  1221
686 499  1805
861 495  2225
Воспроизведение
682 251  3489
852 261  3885
688 494  4552
870 492  4874
OPEL3_WIDTH:247
650 263  986
922 256  1453
641 490  2064
901 495  2565
Воспроизведение
649 245  3927
941 263  4430
673 471  4988
904 471  5373
OPEL3_WIDTH:152
707 263  1091
851 271  1424
690 503  1993
852 489  2279
Воспроизведение
692 244  3191
861 252  3497
694 479  4024
889 487  4275
OPEL3_WIDTH:209
659 249  717
877 263  1030
679 501  1542
900 485  1900
Воспроизведение
690 263  2738
897 263  3034
686 483  3569
911 483  3847
OPEL3_WIDTH:171
676 259  753
869 260  1049
688 496  1619
874 489  1905
Воспроизведение
694 260  2779
886 262  3049
691 501  3692
887 502  3944
NO_ILLUSION0_WIDTH:152
696 248  878
861 254  1174
698 491  1766
869 499  2081
Воспроизведение
703 263  3135
870 266  3404
688 495  4002
867 506  4253
NO_ILLUSION0_WIDTH:247
652 259  965
928 261  1378
644 498  1887
919 501  2336
Воспроизведение
638 259  3353
906 267  3775
663 487  4357
894 488  4696
NO_ILLUSION0_WIDTH:171
686 267  1153
858 259  1501
679 483  2061
866 487  2526
Воспроизведение
682 267  3434
868 269  3765
685 476  4344
866 479  4604
NO_ILLUSION0_WIDTH:266
630 248  715
927 263  1110
642 501  1586
910 495  1960
Воспроизведение
659 262  2686
954 252  3198
653 471  3782
944 489  4120
NO_ILLUSION0_WIDTH:266
629 248  779
913 261  1227
638 499  1732
921 502  2180
Воспроизведение
650 259  2860
898 267  3247
649 495  3826
915 497  4176
NO_ILLUSION0_WIDTH:152
690 244  809
854 256  1112
705 498  1692
874 504  1987
Воспроизведение
691 259  2867
838 266  3128
715 483  3672
862 485  3913
NO_ILLUSION0_WIDTH:209
666 249  846
885 255  1293
669 504  1865
869 503  2331
Воспроизведение
680 260  3247
894 262  3677
702 484  4309
902 487  4676
NO_ILLUSION0_WIDTH:247
638 252  862
905 253  1337
644 497  1857
906 498  2314
Воспроизведение
659 262  3323
898 268  3789
664 501  4511
914 499  4878
NO_ILLUSION0_WIDTH:171
671 248  646
867 253  1014
686 507  1557
867 508  1914
Воспроизведение
664 258  2985
864 265  3333
663 487  3938
872 490  4223
NO_ILLUSION0_WIDTH:209
664 251  1100
885 259  1466
664 501  2019
872 494  2332
Воспроизведение
660 264  3347
900 267  3705
662 460  4229
896 477  4489
