не показывать курсор
тип стимула OPEL_TOP
перпендикулярные отрезки в Оппель-Кундта каждые... пикс 19
высота перпендикулярных отрезков в Оппель-Кундта 20
угол стрелок 45
длина стрелок 20
длина штанги (1я часть) 1 152
длина штанги (1я часть) 2 171
длина штанги (1я часть) 3 209
длина штанги (1я часть) 4 247
длина штанги (1я часть) 5 266
длина штанги (1я часть) 6 152
длина штанги (1я часть) 7 171
длина штанги (1я часть) 8 209
длина штанги (1я часть) 9 247
длина штанги (1я часть) 10 266
длина штанги (2я часть) 1 152
длина штанги (2я часть) 2 171
длина штанги (2я часть) 3 209
длина штанги (2я часть) 4 247
длина штанги (2я часть) 5 266
длина штанги (2я часть) 6 152
длина штанги (2я часть) 7 171
длина штанги (2я часть) 8 209
длина штанги (2я часть) 9 247
длина штанги (2я часть) 10 266
длина "закрывашек" 20
расстояние между линиями 240
расстояние до рельсов Понзо 20
ширина линий 4
всего опытов 20
OPEL3_WIDTH:171
680 254  3745
842 245  4203
676 493  4864
841 485  5374
Воспроизведение
679 248  6799
850 244  7131
670 439  7752
857 437  8065
OPEL3_WIDTH:171
677 244  816
855 251  1165
677 478  1743
864 479  2103
Воспроизведение
674 251  2948
874 243  3270
690 442  3825
889 439  4130
OPEL3_WIDTH:247
638 249  774
893 250  1178
650 494  1731
898 483  2161
Воспроизведение
649 251  3221
903 248  3615
708 463  3966
916 451  4458
OPEL3_WIDTH:152
689 251  753
851 259  1014
699 492  1612
855 498  1854
Воспроизведение
700 243  2660
872 246  2937
720 451  3486
883 460  3720
OPEL3_WIDTH:209
674 248  724
885 246  1082
670 487  1748
877 492  2124
Воспроизведение
666 256  3072
888 253  3413
679 471  4005
903 473  4328
OPEL3_WIDTH:266
635 243  881
910 251  1329
649 479  1978
898 485  2490
Воспроизведение
639 245  3336
924 242  3767
669 467  4352
932 475  4736
OPEL3_WIDTH:152
694 240  678
859 255  1072
701 489  1707
840 490  1983
Воспроизведение
676 281  3256
874 277  3534
698 456  4118
891 450  4388
OPEL3_WIDTH:266
630 247  922
904 251  1389
626 483  2010
918 488  2529
Воспроизведение
629 243  3693
880 252  4187
650 454  4848
894 467  5206
OPEL3_WIDTH:247
641 248  811
881 253  1261
642 483  2112
875 487  2587
Воспроизведение
652 258  3487
888 251  3901
681 434  4468
930 428  4864
OPEL3_WIDTH:209
663 246  741
882 256  1083
669 478  1721
871 486  2063
Воспроизведение
675 242  2951
876 257  3265
682 467  3912
881 467  4225
NO_ILLUSION0_WIDTH:247
644 243  752
903 251  1173
654 483  1793
886 487  2161
Воспроизведение
648 253  3051
896 254  3401
650 448  4045
650 448  4045
650 448  4186
910 459  4689
NO_ILLUSION0_WIDTH:247
638 246  730
902 257  1080
650 487  1720
890 491  2096
Воспроизведение
650 244  3061
909 247  3428
664 459  4007
911 472  4339
NO_ILLUSION0_WIDTH:209
670 254  578
874 246  1099
674 484  1708
878 487  2048
Воспроизведение
675 257  2921
880 263  3254
680 468  3826
886 466  4139
NO_ILLUSION0_WIDTH:171
691 255  627
857 255  932
678 491  1529
853 491  1808
Воспроизведение
673 243  2661
886 243  2966
699 455  3558
881 455  3810
NO_ILLUSION0_WIDTH:266
624 251  747
902 254  1116
650 475  1730
889 484  2035
Воспроизведение
642 249  2884
938 256  3260
677 461  3847
929 472  4159
NO_ILLUSION0_WIDTH:266
633 252  733
911 258  1100
648 484  1706
897 486  2037
Воспроизведение
652 249  2945
910 238  3294
662 452  3816
902 462  4103
NO_ILLUSION0_WIDTH:152
695 251  955
843 252  1198
700 486  1861
858 490  2111
Воспроизведение
700 249  3101
860 248  3335
716 455  4014
868 463  4239
NO_ILLUSION0_WIDTH:209
670 251  799
896 259  1113
662 489  1767
860 487  2089
Воспроизведение
690 252  2982
870 259  3234
677 447  3858
849 447  4083
NO_ILLUSION0_WIDTH:152
686 251  814
854 252  1083
699 479  1721
850 490  1945
Воспроизведение
700 250  2755
854 245  3007
702 463  3681
850 471  3887
NO_ILLUSION0_WIDTH:171
681 243  984
853 253  1245
681 483  2175
852 479  2444
Воспроизведение
686 244  3347
854 249  3616
689 447  4260
856 445  4494
