не показывать курсор
тип стимула OPEL_TOP
перпендикулярные отрезки в Оппель-Кундта каждые... пикс 19
высота перпендикулярных отрезков в Оппель-Кундта 20
угол стрелок 45
длина стрелок 20
длина штанги (1я часть) 1 152
длина штанги (1я часть) 2 171
длина штанги (1я часть) 3 209
длина штанги (1я часть) 4 247
длина штанги (1я часть) 5 266
длина штанги (1я часть) 6 152
длина штанги (1я часть) 7 171
длина штанги (1я часть) 8 209
длина штанги (1я часть) 9 247
длина штанги (1я часть) 10 266
длина штанги (2я часть) 1 152
длина штанги (2я часть) 2 171
длина штанги (2я часть) 3 209
длина штанги (2я часть) 4 247
длина штанги (2я часть) 5 266
длина штанги (2я часть) 6 152
длина штанги (2я часть) 7 171
длина штанги (2я часть) 8 209
длина штанги (2я часть) 9 247
длина штанги (2я часть) 10 266
длина "закрывашек" 20
расстояние между линиями 240
расстояние до рельсов Понзо 20
ширина линий 4
всего опытов 20
OPEL3_WIDTH:266
630 259  1573
912 254  3625
634 491  4628
896 491  5761
Воспроизведение
635 261  7684
874 261  8503
588 490  9138
OPEL3_WIDTH:266
879 494  24
638 260  962
903 255  1779
643 479  2459
901 495  3391
Воспроизведение
642 265  4219
902 270  4957
647 483  5691
OPEL3_WIDTH:152
943 485  8
694 246  878
838 251  1577
696 493  2303
843 491  3149
Воспроизведение
699 271  3979
873 275  4655
699 489  5333
OPEL3_WIDTH:247
879 487  8
662 244  871
889 261  1702
649 491  2267
886 492  3178
Воспроизведение
650 249  3953
897 260  4633
650 497  5339
939 499  6081
OPEL3_WIDTH:152
693 251  790
845 253  1708
693 500  2442
838 497  3122
Воспроизведение
698 257  3949
854 258  4549
663 493  5272
830 486  5882
OPEL3_WIDTH:171
688 259  871
859 256  1640
687 487  2208
852 488  2911
Воспроизведение
690 267  3744
882 258  4521
674 483  5273
858 485  5966
OPEL3_WIDTH:209
663 253  833
872 251  1732
665 495  2459
870 496  3210
Воспроизведение
670 279  4153
885 275  4910
654 495  5622
891 483  6381
OPEL3_WIDTH:247
647 256  913
890 251  1863
645 487  2478
898 491  3440
Воспроизведение
657 271  4169
906 271  4848
642 493  5561
937 494  6345
OPEL3_WIDTH:209
664 261  738
882 256  1428
666 493  2257
859 491  3076
Воспроизведение
655 268  3980
902 264  4792
648 481  5709
898 473  6666
OPEL3_WIDTH:171
685 263  837
854 253  1420
685 490  2037
842 490  2552
Воспроизведение
690 265  3343
857 263  3973
684 480  4730
878 471  5339
NO_ILLUSION0_WIDTH:152
697 250  906
846 246  1524
698 491  2297
840 496  2848
Воспроизведение
696 271  3574
870 284  4165
685 495  4828
863 487  5299
NO_ILLUSION0_WIDTH:247
638 247  905
898 251  1708
647 495  2402
893 492  3348
Воспроизведение
655 266  4235
937 264  5000
671 458  5811
886 459  6483
NO_ILLUSION0_WIDTH:152
694 258  960
846 257  1701
697 488  2357
830 491  2901
Воспроизведение
703 261  3783
870 263  4466
654 468  5162
NO_ILLUSION0_WIDTH:171
882 455  8
678 256  897
853 254  1543
688 491  2153
Воспроизведение
863 503  3094
697 261  3916
862 261  4334
657 474  5084
863 485  5618
NO_ILLUSION0_WIDTH:266
626 251  807
903 255  1780
640 490  2476
907 494  3364
Воспроизведение
642 268  4221
924 270  4958
643 477  5655
940 482  6527
NO_ILLUSION0_WIDTH:266
645 255  849
902 256  1501
650 489  2168
Воспроизведение
902 493  2966
642 277  3780
940 281  4496
644 503  5170
NO_ILLUSION0_WIDTH:171
956 489  40
686 258  1006
855 253  1685
685 489  2490
858 493  3047
Воспроизведение
690 268  3916
890 276  4396
677 514  5020
892 496  5456
NO_ILLUSION0_WIDTH:247
642 259  1066
887 255  1686
645 482  2233
891 489  2976
Воспроизведение
655 262  3728
920 263  4330
647 480  4941
NO_ILLUSION0_WIDTH:209
926 468  25
666 257  997
874 251  1676
665 486  2266
876 484  2990
Воспроизведение
662 262  3802
894 272  4505
649 460  4972
894 453  5497
NO_ILLUSION0_WIDTH:209
669 243  781
867 247  1526
673 501  2070
Воспроизведение
843 487  2683
676 267  3357
894 264  4031
660 502  4616
871 499  5181
