не показывать курсор
тип стимула OPEL_TOP
перпендикулярные отрезки в Оппель-Кундта каждые... пикс 19
высота перпендикулярных отрезков в Оппель-Кундта 20
угол стрелок 45
длина стрелок 20
длина штанги (1я часть) 1 152
длина штанги (1я часть) 2 171
длина штанги (1я часть) 3 209
длина штанги (1я часть) 4 247
длина штанги (1я часть) 5 266
длина штанги (1я часть) 6 152
длина штанги (1я часть) 7 171
длина штанги (1я часть) 8 209
длина штанги (1я часть) 9 247
длина штанги (1я часть) 10 266
длина штанги (2я часть) 1 152
длина штанги (2я часть) 2 171
длина штанги (2я часть) 3 209
длина штанги (2я часть) 4 247
длина штанги (2я часть) 5 266
длина штанги (2я часть) 6 152
длина штанги (2я часть) 7 171
длина штанги (2я часть) 8 209
длина штанги (2я часть) 9 247
длина штанги (2я часть) 10 266
длина "закрывашек" 20
расстояние между линиями 240
расстояние до рельсов Понзо 20
ширина линий 4
всего опытов 20
OPEL3_WIDTH:152
684 250  6719
851 249  7589
694 494  8698
847 487  9480
Воспроизведение
689 248  10275
843 247  10778
703 437  11517
OPEL3_WIDTH:152
848 439  9
686 254  1159
838 248  1851
Воспроизведение
697 494  2993
864 487  3666
OPEL3_WIDTH:171
689 249  1081
845 247  1780
679 482  2625
849 491  3361
Воспроизведение
685 263  4375
851 260  4958
694 442  5652
OPEL3_WIDTH:247
850 452  72
644 249  1341
882 249  2470
650 487  3463
894 488  4673
Воспроизведение
648 256  5814
878 255  6585
653 455  7488
903 463  8359
OPEL3_WIDTH:266
630 245  1220
893 251  2806
641 483  3832
Воспроизведение
890 487  4990
638 253  5990
902 256  6834
649 439  7782
911 429  8723
OPEL3_WIDTH:209
660 252  946
874 248  1986
668 486  2982
869 487  3950
Воспроизведение
670 257  4976
885 261  5873
637 443  6856
897 452  7583
OPEL3_WIDTH:171
685 249  1403
848 251  2318
677 491  3154
849 496  3817
Воспроизведение
689 263  4692
848 259  5214
701 441  5933
850 447  6391
OPEL3_WIDTH:266
634 258  1295
898 248  2200
634 492  3423
906 489  4741
Воспроизведение
663 255  5834
930 255  6749
626 443  7559
OPEL3_WIDTH:209
915 440  29
663 250  1103
862 255  1974
667 483  2842
Воспроизведение
867 487  3604
676 254  4559
890 258  5447
650 448  6146
928 443  7052
OPEL3_WIDTH:247
644 251  1078
890 253  2047
651 486  3144
875 493  3852
Воспроизведение
662 267  5104
900 263  5922
650 447  6670
885 446  7396
NO_ILLUSION0_WIDTH:152
699 259  1653
835 249  2227
699 491  3163
849 488  3782
Воспроизведение
678 259  4657
855 254  5204
676 451  5890
876 454  6429
NO_ILLUSION0_WIDTH:266
637 253  1226
894 252  2330
638 486  3311
898 488  4243
Воспроизведение
641 261  5166
886 260  5805
602 440  6481
896 447  7145
NO_ILLUSION0_WIDTH:266
630 257  819
894 247  1626
634 482  2469
898 491  3366
Воспроизведение
639 254  4337
900 258  5036
622 447  5746
929 447  6480
NO_ILLUSION0_WIDTH:247
646 249  961
883 255  1723
650 490  2607
886 492  3421
Воспроизведение
654 260  4297
891 261  4997
651 457  5530
651 457  5530
651 457  5600
892 450  6496
NO_ILLUSION0_WIDTH:171
683 251  1025
842 258  1770
681 480  2470
850 486  3142
Воспроизведение
693 262  3952
866 260  4509
691 442  5253
887 434  5773
NO_ILLUSION0_WIDTH:171
676 253  920
845 256  1467
681 493  2211
854 486  2884
Воспроизведение
686 263  3770
856 267  4289
697 475  5146
855 463  5603
NO_ILLUSION0_WIDTH:209
667 246  1360
863 254  1934
670 486  2660
860 487  3161
Воспроизведение
674 264  3886
878 266  4470
675 424  5212
NO_ILLUSION0_WIDTH:152
875 422  16
688 251  920
843 254  1539
694 483  2479
847 489  3063
Воспроизведение
699 255  4042
846 263  4472
682 459  5246
856 446  5713
NO_ILLUSION0_WIDTH:247
638 256  965
882 259  1708
643 492  2480
889 499  3268
Воспроизведение
649 255  4136
889 263  4638
651 457  5367
899 442  5923
NO_ILLUSION0_WIDTH:209
663 253  808
874 255  1373
673 483  2094
872 491  2631
Воспроизведение
680 263  3889
897 257  4320
680 435  4984
898 435  5486
