не показывать курсор
тип стимула OPEL_TOP
перпендикулярные отрезки в Оппель-Кундта каждые... пикс 19
высота перпендикулярных отрезков в Оппель-Кундта 20
угол стрелок 45
длина стрелок 20
длина штанги (1я часть) 1 152
длина штанги (1я часть) 2 171
длина штанги (1я часть) 3 209
длина штанги (1я часть) 4 247
длина штанги (1я часть) 5 266
длина штанги (1я часть) 6 152
длина штанги (1я часть) 7 171
длина штанги (1я часть) 8 209
длина штанги (1я часть) 9 247
длина штанги (1я часть) 10 266
длина штанги (2я часть) 1 152
длина штанги (2я часть) 2 171
длина штанги (2я часть) 3 209
длина штанги (2я часть) 4 247
длина штанги (2я часть) 5 266
длина штанги (2я часть) 6 152
длина штанги (2я часть) 7 171
длина штанги (2я часть) 8 209
длина штанги (2я часть) 9 247
длина штанги (2я часть) 10 266
длина "закрывашек" 20
расстояние между линиями 240
расстояние до рельсов Понзо 20
ширина линий 4
всего опытов 20
OPEL3_WIDTH:152
694 256  46858
838 246  47378
686 490  48205
834 487  48708
Воспроизведение
677 244  51014
887 238  51599
672 529  52420
872 522  52958
OPEL3_WIDTH:247
646 243  1423
881 249  2106
642 487  2940
882 481  3660
Воспроизведение
655 255  5360
880 246  5971
627 489  6804
892 498  7351
OPEL3_WIDTH:209
657 246  2916
871 250  3724
654 483  4795
870 486  5513
Воспроизведение
659 267  7323
886 276  8022
650 490  8779
855 487  9380
OPEL3_WIDTH:266
641 248  1234
896 244  1978
629 487  2928
903 485  3744
Воспроизведение
624 259  5138
912 262  5875
628 481  6615
924 479  7333
OPEL3_WIDTH:171
678 239  1327
865 251  2226
680 482  3013
854 490  3633
Воспроизведение
670 271  5377
853 276  5962
672 491  6788
884 490  7434
OPEL3_WIDTH:209
652 258  1180
863 256  2125
665 485  2844
874 484  3642
Воспроизведение
652 262  5434
882 269  6269
658 476  7073
921 481  7711
OPEL3_WIDTH:266
643 266  859
915 259  1713
631 480  2667
887 484  3384
Воспроизведение
610 252  4712
870 259  5547
641 491  6398
918 487  7260
OPEL3_WIDTH:152
690 256  1034
855 257  1761
682 488  2463
845 484  3100
Воспроизведение
680 266  4245
878 267  4929
685 485  5703
887 485  6305
OPEL3_WIDTH:247
645 258  985
894 249  1901
626 483  2599
894 479  3551
Воспроизведение
640 260  5447
877 259  6066
628 469  6758
890 470  7521
OPEL3_WIDTH:171
676 257  1063
853 253  1692
674 491  2423
859 494  2962
Воспроизведение
677 237  4449
865 243  5060
667 466  5749
878 462  6466
NO_ILLUSION0_WIDTH:171
677 243  1121
869 253  1831
676 480  2585
846 483  3223
Воспроизведение
665 255  4277
878 261  4932
660 447  5653
878 449  6336
NO_ILLUSION0_WIDTH:266
629 247  1447
900 249  2616
626 489  3504
902 487  4373
Воспроизведение
618 250  5596
914 251  6305
626 463  6934
894 467  7642
NO_ILLUSION0_WIDTH:209
642 250  996
878 251  1938
655 487  2819
873 487  3762
Воспроизведение
642 260  5051
919 263  5795
631 516  6553
NO_ILLUSION0_WIDTH:266
931 518  49
622 242  1152
916 250  2034
615 482  2677
918 485  3314
Воспроизведение
634 251  4446
931 252  5372
618 460  5928
919 467  6664
NO_ILLUSION0_WIDTH:152
692 243  838
847 245  1467
684 486  2189
846 491  2783
Воспроизведение
677 249  3891
895 249  4494
686 488  5164
882 489  5613
NO_ILLUSION0_WIDTH:171
663 246  842
869 248  1624
677 481  2211
851 485  2641
Воспроизведение
657 251  4167
893 248  4877
638 499  5233
638 499  5234
638 499  5284
886 496  6011
NO_ILLUSION0_WIDTH:209
662 242  902
859 244  1621
650 480  2404
880 475  3231
Воспроизведение
654 255  4465
878 255  4994
652 485  5683
872 484  6149
NO_ILLUSION0_WIDTH:152
682 237  859
855 243  1577
682 502  2109
859 493  2737
Воспроизведение
678 255  3908
872 259  4509
681 509  5210
858 515  5686
NO_ILLUSION0_WIDTH:247
639 252  815
898 250  1487
630 483  2026
894 489  2601
Воспроизведение
630 262  3622
914 259  4241
618 491  4793
881 495  5231
NO_ILLUSION0_WIDTH:247
642 243  896
909 251  1551
625 483  2213
906 481  2814
Воспроизведение
641 255  4034
922 258  4591
612 498  5163
911 497  5764
