не показывать курсор
тип стимула OPEL_TOP
перпендикулярные отрезки в Оппель-Кундта каждые... пикс 19
высота перпендикулярных отрезков в Оппель-Кундта 20
угол стрелок 45
длина стрелок 20
длина штанги (1я часть) 1 152
длина штанги (1я часть) 2 171
длина штанги (1я часть) 3 209
длина штанги (1я часть) 4 247
длина штанги (1я часть) 5 266
длина штанги (1я часть) 6 152
длина штанги (1я часть) 7 171
длина штанги (1я часть) 8 209
длина штанги (1я часть) 9 247
длина штанги (1я часть) 10 266
длина штанги (2я часть) 1 152
длина штанги (2я часть) 2 171
длина штанги (2я часть) 3 209
длина штанги (2я часть) 4 247
длина штанги (2я часть) 5 266
длина штанги (2я часть) 6 152
длина штанги (2я часть) 7 171
длина штанги (2я часть) 8 209
длина штанги (2я часть) 9 247
длина штанги (2я часть) 10 266
длина "закрывашек" 20
расстояние между линиями 240
расстояние до рельсов Понзо 20
ширина линий 4
всего опытов 20
OPEL3_WIDTH:209
666 253  2070
890 244  2419
665 481  3137
897 486  3487
Воспроизведение
663 256  4532
859 251  4819
662 466  5413
866 461  5700
OPEL3_WIDTH:152
684 251  597
866 244  903
694 485  1530
844 487  1870
Воспроизведение
680 254  2793
861 246  3070
682 474  3562
831 483  3804
OPEL3_WIDTH:152
699 257  696
858 249  964
701 493  1603
846 491  1962
Воспроизведение
699 255  2752
870 246  2985
682 471  3562
874 470  3822
OPEL3_WIDTH:266
628 256  622
890 246  1007
648 484  1574
890 483  1943
Воспроизведение
658 263  2936
895 263  3206
648 475  3685
895 483  4000
OPEL3_WIDTH:209
673 251  740
878 252  1019
676 483  1640
882 501  1918
Воспроизведение
663 248  2821
912 254  3072
672 476  3732
916 479  3992
OPEL3_WIDTH:247
651 250  628
882 244  942
652 481  1545
893 483  1840
Воспроизведение
643 258  2816
897 260  3084
625 499  3635
905 516  3914
OPEL3_WIDTH:171
671 255  670
862 249  921
684 481  1575
863 499  1807
Воспроизведение
655 247  2781
882 243  3052
672 474  3562
878 471  3795
OPEL3_WIDTH:171
677 255  557
878 253  791
683 485  1441
869 491  1747
Воспроизведение
666 263  2572
891 263  2816
679 467  3424
882 477  3682
OPEL3_WIDTH:266
645 263  825
893 250  1184
646 485  1732
906 488  2045
Воспроизведение
635 254  2867
862 239  3172
630 474  3673
905 478  3961
OPEL3_WIDTH:247
655 257  836
886 249  1132
650 483  1701
884 495  2034
Воспроизведение
642 266  2884
908 257  3154
629 506  3704
883 494  4009
NO_ILLUSION0_WIDTH:247
647 255  696
896 251  974
634 503  1480
905 488  1777
Воспроизведение
642 253  2626
878 247  2913
638 473  3469
897 477  3737
NO_ILLUSION0_WIDTH:247
647 256  765
906 258  1079
654 496  1625
888 474  1992
Воспроизведение
630 252  2768
882 247  3063
623 475  3606
885 463  3885
NO_ILLUSION0_WIDTH:266
635 252  655
900 244  996
632 490  1450
892 487  1784
Воспроизведение
630 258  2542
916 254  2802
633 470  3346
894 479  3631
NO_ILLUSION0_WIDTH:152
683 257  653
867 259  896
683 485  1486
852 493  1783
Воспроизведение
672 254  2663
883 263  2913
677 475  4092
906 471  4389
NO_ILLUSION0_WIDTH:209
674 251  686
894 256  947
674 498  1316
674 498  1316
674 498  1376
872 486  1762
Воспроизведение
673 255  2509
875 256  2778
674 498  3330
887 505  3644
NO_ILLUSION0_WIDTH:171
678 257  601
870 258  879
688 493  1419
883 487  1696
Воспроизведение
666 256  2606
882 251  2902
675 470  3482
863 471  3787
NO_ILLUSION0_WIDTH:152
692 252  722
840 253  1027
702 497  1582
848 495  1815
Воспроизведение
677 260  2925
854 258  3168
698 494  3609
NO_ILLUSION0_WIDTH:266
854 493  1
651 255  802
890 252  1107
647 491  1627
891 487  1940
Воспроизведение
642 264  2698
837 257  2959
674 498  3475
887 491  3897
NO_ILLUSION0_WIDTH:209
665 262  747
879 261  1044
674 498  1534
888 485  1803
Воспроизведение
671 250  2755
895 253  3052
663 471  3547
867 472  3880
NO_ILLUSION0_WIDTH:171
687 251  740
855 257  1035
701 487  1580
865 486  1868
Воспроизведение
677 251  2572
850 253  2868
666 465  3409
836 466  3722
