не показывать курсор
тип стимула OPEL_TOP
перпендикулярные отрезки в Оппель-Кундта каждые... пикс 19
высота перпендикулярных отрезков в Оппель-Кундта 20
угол стрелок 45
длина стрелок 20
длина штанги (1я часть) 1 152
длина штанги (1я часть) 2 171
длина штанги (1я часть) 3 209
длина штанги (1я часть) 4 247
длина штанги (1я часть) 5 266
длина штанги (1я часть) 6 152
длина штанги (1я часть) 7 171
длина штанги (1я часть) 8 209
длина штанги (1я часть) 9 247
длина штанги (1я часть) 10 266
длина штанги (2я часть) 1 152
длина штанги (2я часть) 2 171
длина штанги (2я часть) 3 209
длина штанги (2я часть) 4 247
длина штанги (2я часть) 5 266
длина штанги (2я часть) 6 152
длина штанги (2я часть) 7 171
длина штанги (2я часть) 8 209
длина штанги (2я часть) 9 247
длина штанги (2я часть) 10 266
длина "закрывашек" 20
расстояние между линиями 240
расстояние до рельсов Понзо 20
ширина линий 4
всего опытов 20
OPEL3_WIDTH:247
650 253  2682
907 253  3042
648 495  3715
906 499  4001
Воспроизведение
633 240  4932
910 260  5173
642 443  5427
888 493  5849
OPEL3_WIDTH:171
682 265  768
887 271  983
693 493  1483
878 499  1687
Воспроизведение
652 255  2399
908 267  2604
628 477  3047
871 482  3290
OPEL3_WIDTH:171
672 266  562
891 267  760
695 490  1207
879 514  1414
Воспроизведение
651 256  2087
913 252  2313
653 469  2801
892 468  3035
OPEL3_WIDTH:209
654 259  568
913 259  791
664 495  1313
906 515  1555
Воспроизведение
637 257  2338
946 261  2579
662 463  3091
927 458  3342
OPEL3_WIDTH:266
622 251  683
939 255  934
629 504  1491
912 508  1732
Воспроизведение
601 266  2431
942 264  2718
582 483  3198
952 495  3476
OPEL3_WIDTH:266
617 267  531
936 255  800
632 494  1240
934 493  1499
Воспроизведение
631 260  2096
954 251  2365
628 466  2864
907 476  3160
OPEL3_WIDTH:209
662 262  517
896 263  733
655 487  1214
899 492  1456
Воспроизведение
625 261  2037
934 266  2288
657 475  2747
929 491  3023
OPEL3_WIDTH:152
671 263  448
882 261  674
680 489  1163
889 499  1395
Воспроизведение
651 262  2068
932 263  2309
674 478  2797
938 481  3040
OPEL3_WIDTH:247
650 262  517
926 259  759
650 487  1230
908 495  1498
Воспроизведение
625 270  2071
945 274  2377
650 501  3158
952 514  3398
OPEL3_WIDTH:152
688 259  750
857 259  920
692 488  1512
864 500  1717
Воспроизведение
643 241  2612
926 256  2845
650 462  3293
914 464  3515
NO_ILLUSION0_WIDTH:209
640 263  708
914 265  932
651 490  1490
907 491  1723
Воспроизведение
626 264  2443
942 264  2704
655 451  3119
960 454  3378
NO_ILLUSION0_WIDTH:247
634 259  603
910 249  900
638 479  1431
925 492  1690
Воспроизведение
619 266  2555
915 270  2833
666 489  3357
935 504  3608
NO_ILLUSION0_WIDTH:152
677 261  510
867 263  707
690 494  1221
888 505  1427
Воспроизведение
668 264  2175
958 267  2417
693 479  2875
942 490  3108
NO_ILLUSION0_WIDTH:247
645 263  512
920 271  754
666 487  1252
917 499  1502
Воспроизведение
636 271  2223
959 279  2475
702 485  2903
970 491  3119
NO_ILLUSION0_WIDTH:171
676 267  872
896 269  1078
690 498  1645
888 509  1832
Воспроизведение
635 253  2704
930 257  2938
672 513  3419
939 517  3616
NO_ILLUSION0_WIDTH:266
618 269  569
950 276  802
630 505  1315
934 515  1548
Воспроизведение
623 260  2236
979 267  2488
695 472  2948
982 473  3163
NO_ILLUSION0_WIDTH:152
675 256  543
885 252  749
696 492  1265
866 493  1410
Воспроизведение
667 261  2125
933 263  2332
680 478  2883
907 474  3073
NO_ILLUSION0_WIDTH:171
675 267  516
902 258  713
685 486  1193
890 508  1355
Воспроизведение
670 259  2128
931 257  2370
694 470  2838
913 479  3025
NO_ILLUSION0_WIDTH:266
632 252  567
921 247  782
642 492  1212
915 487  1434
Воспроизведение
634 267  2224
962 259  2467
629 478  3216
931 484  3467
NO_ILLUSION0_WIDTH:209
619 272  610
919 276  825
692 494  1279
934 508  1486
Воспроизведение
660 279  2633
982 271  2866
681 445  3287
958 456  3484
