не показывать курсор
тип стимула OPEL_TOP
перпендикулярные отрезки в Оппель-Кундта каждые... пикс 19
высота перпендикулярных отрезков в Оппель-Кундта 20
угол стрелок 45
длина стрелок 20
длина штанги (1я часть) 1 152
длина штанги (1я часть) 2 171
длина штанги (1я часть) 3 209
длина штанги (1я часть) 4 247
длина штанги (1я часть) 5 266
длина штанги (1я часть) 6 152
длина штанги (1я часть) 7 171
длина штанги (1я часть) 8 209
длина штанги (1я часть) 9 247
длина штанги (1я часть) 10 266
длина штанги (2я часть) 1 152
длина штанги (2я часть) 2 171
длина штанги (2я часть) 3 209
длина штанги (2я часть) 4 247
длина штанги (2я часть) 5 266
длина штанги (2я часть) 6 152
длина штанги (2я часть) 7 171
длина штанги (2я часть) 8 209
длина штанги (2я часть) 9 247
длина штанги (2я часть) 10 266
длина "закрывашек" 20
расстояние между линиями 240
расстояние до рельсов Понзо 20
ширина линий 4
всего опытов 20
OPEL3_WIDTH:152
696 268  71631
717 266  71756
690 225  76475
834 223  77481
696 468  80035
851 459  80879
Воспроизведение
571 240  88487
848 225  89105
625 470  90236
900 472  90784
OPEL3_WIDTH:247
644 227  3134
892 235  4398
638 468  5336
892 475  5991
Воспроизведение
640 247  7952
924 265  8615
631 471  9475
887 459  10145
OPEL3_WIDTH:209
671 231  1482
870 239  2073
666 466  2874
872 470  3384
Воспроизведение
614 235  5684
884 241  6169
645 466  6875
894 455  7376
OPEL3_WIDTH:247
648 231  1460
894 231  2105
640 467  2761
901 482  3219
Воспроизведение
645 239  5091
927 239  5522
635 455  6111
922 463  6594
OPEL3_WIDTH:266
640 232  1558
906 247  2149
630 455  2784
911 478  3322
Воспроизведение
637 257  4754
941 265  5264
582 478  5812
962 466  6333
OPEL3_WIDTH:152
689 222  1282
838 239  1694
689 476  2348
866 483  2679
Воспроизведение
718 242  4012
823 244  4308
708 485  5039
851 479  5406
OPEL3_WIDTH:171
678 228  988
858 232  1429
675 467  1985
857 477  2306
Воспроизведение
674 249  3838
873 247  4269
650 494  4832
878 486  5135
OPEL3_WIDTH:266
630 230  1088
889 239  1681
642 471  2325
922 480  2764
Воспроизведение
602 266  4180
948 273  4574
650 505  5214
973 483  5609
OPEL3_WIDTH:209
660 224  1117
870 236  1556
667 466  2076
873 477  2488
Воспроизведение
671 265  3483
872 269  3862
656 518  4455
872 515  4750
OPEL3_WIDTH:171
671 240  1010
861 245  1378
663 466  1906
877 472  2255
Воспроизведение
666 251  3157
847 248  3506
644 507  4122
NO_ILLUSION0_WIDTH:209
856 511  85
667 241  1437
879 249  1858
650 475  2397
882 491  2720
Воспроизведение
662 249  3656
973 258  4042
638 481  4605
880 471  4944
NO_ILLUSION0_WIDTH:171
684 242  898
856 247  1293
675 482  1868
880 491  2190
Воспроизведение
648 268  3226
878 262  3596
650 482  4074
874 493  4387
NO_ILLUSION0_WIDTH:266
638 233  847
895 248  1259
623 481  1766
899 474  2125
Воспроизведение
626 236  3062
913 235  3475
650 459  3997
934 466  4347
NO_ILLUSION0_WIDTH:152
694 242  756
839 250  1033
694 476  1498
872 488  1758
Воспроизведение
694 241  2604
863 247  2918
686 485  3429
862 487  3706
NO_ILLUSION0_WIDTH:209
658 245  755
891 256  1132
662 472  1584
898 503  1924
Воспроизведение
670 242  2752
888 251  3110
678 469  3630
906 485  3943
NO_ILLUSION0_WIDTH:247
650 244  655
897 257  1022
658 477  1451
Воспроизведение
922 487  1808
654 258  2576
907 265  2907
648 497  3426
NO_ILLUSION0_WIDTH:152
870 479  70
681 245  856
855 251  1142
682 474  1657
Воспроизведение
849 479  1926
693 253  2867
856 253  3181
691 466  3697
842 461  3948
NO_ILLUSION0_WIDTH:171
678 243  758
842 250  1072
682 479  1583
Воспроизведение
868 488  1850
662 262  2645
853 262  2923
682 495  3488
855 489  3730
NO_ILLUSION0_WIDTH:247
650 238  741
925 279  1146
631 485  1653
905 486  1965
Воспроизведение
634 251  2884
911 243  3233
686 473  3761
924 458  4057
NO_ILLUSION0_WIDTH:266
627 251  821
906 248  1189
630 484  1673
899 475  1985
Воспроизведение
641 240  2852
947 239  3219
626 486  3662
888 480  3949
