не показывать курсор
тип стимула OPEL_TOP
перпендикулярные отрезки в Оппель-Кундта каждые... пикс 19
высота перпендикулярных отрезков в Оппель-Кундта 20
угол стрелок 45
длина стрелок 20
длина штанги (1я часть) 1 152
длина штанги (1я часть) 2 171
длина штанги (1я часть) 3 209
длина штанги (1я часть) 4 247
длина штанги (1я часть) 5 266
длина штанги (1я часть) 6 152
длина штанги (1я часть) 7 171
длина штанги (1я часть) 8 209
длина штанги (1я часть) 9 247
длина штанги (1я часть) 10 266
длина штанги (2я часть) 1 152
длина штанги (2я часть) 2 171
длина штанги (2я часть) 3 209
длина штанги (2я часть) 4 247
длина штанги (2я часть) 5 266
длина штанги (2я часть) 6 152
длина штанги (2я часть) 7 171
длина штанги (2я часть) 8 209
длина штанги (2я часть) 9 247
длина штанги (2я часть) 10 266
длина "закрывашек" 20
расстояние между линиями 240
расстояние до рельсов Понзо 20
ширина линий 4
всего опытов 20
OPEL3_WIDTH:171
674 251  2265
850 250  2957
674 483  3943
848 483  4563
Воспроизведение
662 235  6407
824 235  7000
668 496  7849
858 495  8549
OPEL3_WIDTH:209
653 251  1394
865 250  2050
667 480  3014
876 479  3706
Воспроизведение
665 240  5286
873 255  5934
675 516  6709
886 515  7400
OPEL3_WIDTH:266
622 252  1265
890 247  2156
635 482  3068
902 486  3823
Воспроизведение
628 247  5267
892 250  5978
654 515  6683
927 516  7394
OPEL3_WIDTH:266
622 244  1208
895 241  2225
634 491  2965
900 483  3710
Воспроизведение
627 252  5350
931 247  6141
642 496  6851
926 502  7632
OPEL3_WIDTH:247
632 247  1133
884 251  2149
644 487  2935
895 485  3654
Воспроизведение
647 251  5149
906 252  5967
658 532  6749
946 527  7559
OPEL3_WIDTH:152
694 239  1204
829 249  1753
682 483  2542
842 485  3134
Воспроизведение
662 242  4881
869 243  5538
694 477  6355
870 475  6940
OPEL3_WIDTH:209
660 243  1290
862 246  2092
657 490  2919
871 489  3593
Воспроизведение
666 258  5596
875 253  6288
676 523  7195
906 523  7959
OPEL3_WIDTH:247
636 252  1157
886 249  2156
647 483  3053
883 487  3755
Воспроизведение
642 244  5362
883 251  6207
639 503  7024
894 504  7859
OPEL3_WIDTH:152
690 247  1169
838 250  1700
685 484  2540
846 478  3134
Воспроизведение
682 263  4906
865 263  5607
709 492  6387
904 495  7071
OPEL3_WIDTH:171
675 248  1256
838 251  1959
674 488  2799
851 491  3383
Воспроизведение
672 251  5039
867 246  5796
681 498  6643
898 500  7415
NO_ILLUSION0_WIDTH:266
617 242  987
897 245  2201
634 485  2931
895 481  3587
Воспроизведение
650 262  5247
918 255  6075
653 521  6846
931 526  7692
NO_ILLUSION0_WIDTH:247
646 245  1278
884 251  2124
643 488  2961
891 489  3690
Воспроизведение
642 253  5394
906 255  6285
675 514  7066
946 514  7837
NO_ILLUSION0_WIDTH:209
661 246  1217
880 245  2026
670 493  2960
882 490  3805
Воспроизведение
658 257  5356
893 255  6175
680 487  7039
907 488  7695
NO_ILLUSION0_WIDTH:171
682 241  1314
855 247  2126
674 486  2889
862 481  3580
Воспроизведение
668 256  5230
893 257  5903
702 488  6895
913 491  7587
NO_ILLUSION0_WIDTH:152
683 245  1071
839 258  1638
691 484  2459
847 477  2972
Воспроизведение
674 261  4767
863 264  5397
696 453  6278
869 463  6889
NO_ILLUSION0_WIDTH:266
635 244  1446
895 249  2428
624 487  3331
898 483  4357
Воспроизведение
630 252  5913
933 262  6982
653 518  8004
955 511  8957
NO_ILLUSION0_WIDTH:247
642 253  1292
886 248  2408
638 488  3339
885 485  4365
Воспроизведение
663 257  6048
925 267  7065
677 500  7937
950 502  8973
NO_ILLUSION0_WIDTH:152
678 250  1229
844 251  1985
683 488  2977
840 489  3642
Воспроизведение
678 269  5327
878 271  6109
690 487  6940
881 482  7685
NO_ILLUSION0_WIDTH:209
654 240  1149
874 242  2127
661 483  3094
874 485  3958
Воспроизведение
677 262  5440
921 262  6475
686 512  7281
923 515  8127
NO_ILLUSION0_WIDTH:171
676 248  1115
847 245  1871
673 486  2697
851 490  3444
Воспроизведение
682 265  4963
913 262  5854
704 475  6643
912 484  7436
