не показывать курсор
тип стимула OPEL_TOP
перпендикулярные отрезки в Оппель-Кундта каждые... пикс 19
высота перпендикулярных отрезков в Оппель-Кундта 20
угол стрелок 45
длина стрелок 20
длина штанги (1я часть) 1 152
длина штанги (1я часть) 2 171
длина штанги (1я часть) 3 209
длина штанги (1я часть) 4 247
длина штанги (1я часть) 5 266
длина штанги (1я часть) 6 152
длина штанги (1я часть) 7 171
длина штанги (1я часть) 8 209
длина штанги (1я часть) 9 247
длина штанги (1я часть) 10 266
длина штанги (2я часть) 1 152
длина штанги (2я часть) 2 171
длина штанги (2я часть) 3 209
длина штанги (2я часть) 4 247
длина штанги (2я часть) 5 266
длина штанги (2я часть) 6 152
длина штанги (2я часть) 7 171
длина штанги (2я часть) 8 209
длина штанги (2я часть) 9 247
длина штанги (2я часть) 10 266
длина "закрывашек" 20
расстояние между линиями 240
расстояние до рельсов Понзо 20
ширина линий 4
всего опытов 20
OPEL3_WIDTH:152
679 243  1866
843 244  2540
676 472  3366
846 475  4030
Воспроизведение
668 239  5536
842 235  6227
652 471  6927
850 464  7600
OPEL3_WIDTH:171
672 248  1445
848 245  2245
668 485  3005
847 483  3769
Воспроизведение
677 260  5413
854 247  6078
662 472  6695
846 463  7404
OPEL3_WIDTH:266
626 259  1098
871 247  2041
627 483  2800
896 479  3743
Воспроизведение
648 255  5066
902 246  6010
675 480  6646
950 476  7527
OPEL3_WIDTH:209
654 244  1005
872 241  1876
650 483  2643
877 477  3344
Воспроизведение
676 262  4781
910 255  5804
698 496  6388
972 487  7267
OPEL3_WIDTH:247
629 243  1025
894 249  1995
627 491  2731
896 480  3556
Воспроизведение
643 256  4845
903 259  5926
676 509  6603
943 503  7501
OPEL3_WIDTH:209
662 246  1017
866 251  1988
649 487  2649
874 488  3537
Воспроизведение
660 251  4979
906 251  5888
678 475  6439
962 474  7337
OPEL3_WIDTH:171
678 245  933
845 244  1581
667 482  2369
843 482  2971
Воспроизведение
661 264  4307
882 255  5126
671 507  5782
871 501  6511
OPEL3_WIDTH:152
678 251  898
849 242  1591
675 481  2393
847 483  2986
Воспроизведение
666 255  4507
878 249  5351
691 502  5976
874 483  6695
OPEL3_WIDTH:266
618 232  996
891 240  2190
618 478  2834
897 480  3813
Воспроизведение
650 268  5136
929 263  6170
670 511  6849
934 499  7729
OPEL3_WIDTH:247
630 251  1018
886 240  1945
631 481  2695
880 483  3484
Воспроизведение
648 252  4842
931 251  5895
650 486  6660
906 476  7604
NO_ILLUSION0_WIDTH:247
634 247  1122
890 241  2131
638 483  2911
898 478  3801
Воспроизведение
671 257  5197
932 247  6240
702 440  6909
955 434  7952
NO_ILLUSION0_WIDTH:247
627 238  909
893 244  1880
630 485  2560
896 480  3503
Воспроизведение
622 248  4991
898 248  5926
662 478  6578
949 476  7701
NO_ILLUSION0_WIDTH:171
676 247  994
848 244  1795
675 486  2442
850 483  3044
Воспроизведение
701 254  4366
915 255  5166
703 500  5826
934 491  6706
NO_ILLUSION0_WIDTH:209
650 236  1066
876 237  1990
650 486  2606
875 479  3344
Воспроизведение
669 260  4570
947 256  5460
695 516  6129
924 512  6820
NO_ILLUSION0_WIDTH:171
674 244  889
860 239  1481
659 479  2091
850 479  2658
Воспроизведение
677 255  3791
910 247  4520
679 474  5094
942 469  6039
NO_ILLUSION0_WIDTH:152
686 245  905
842 241  1427
678 487  2101
843 493  2738
Воспроизведение
702 263  4214
876 257  4971
723 482  5679
914 477  6318
NO_ILLUSION0_WIDTH:152
689 242  915
839 240  1643
674 480  2125
838 477  2781
Воспроизведение
683 258  3961
850 254  4564
711 479  5171
859 476  5756
NO_ILLUSION0_WIDTH:266
631 248  1073
899 245  2026
634 478  2717
898 483  3723
Воспроизведение
645 247  4881
934 245  5932
686 463  6572
969 467  7660
NO_ILLUSION0_WIDTH:209
654 240  896
861 241  1706
658 477  2317
866 481  2963
Воспроизведение
661 261  4466
879 253  5248
663 477  5872
900 473  6689
NO_ILLUSION0_WIDTH:266
626 245  932
897 245  1939
619 487  2577
893 483  3503
Воспроизведение
644 264  4691
927 258  5725
687 466  6369
950 465  7269
