не показывать курсор
тип стимула OPEL_TOP
перпендикулярные отрезки в Оппель-Кундта каждые... пикс 19
высота перпендикулярных отрезков в Оппель-Кундта 20
угол стрелок 45
длина стрелок 20
длина штанги (1я часть) 1 152
длина штанги (1я часть) 2 171
длина штанги (1я часть) 3 209
длина штанги (1я часть) 4 247
длина штанги (1я часть) 5 266
длина штанги (1я часть) 6 152
длина штанги (1я часть) 7 171
длина штанги (1я часть) 8 209
длина штанги (1я часть) 9 247
длина штанги (1я часть) 10 266
длина штанги (2я часть) 1 152
длина штанги (2я часть) 2 171
длина штанги (2я часть) 3 209
длина штанги (2я часть) 4 247
длина штанги (2я часть) 5 266
длина штанги (2я часть) 6 152
длина штанги (2я часть) 7 171
длина штанги (2я часть) 8 209
длина штанги (2я часть) 9 247
длина штанги (2я часть) 10 266
длина "закрывашек" 20
расстояние между линиями 240
расстояние до рельсов Понзо 20
ширина линий 4
всего опытов 20
OPEL3_WIDTH:266
649 246  2222
953 259  2535
646 494  3098
928 500  3447
Воспроизведение
641 275  4868
933 271  5172
668 543  5610
970 530  5959
OPEL3_WIDTH:171
694 244  788
879 249  1075
700 480  1599
872 494  1887
Воспроизведение
665 239  2882
876 242  3168
676 524  3607
926 521  3966
OPEL3_WIDTH:209
658 249  874
889 249  1239
688 487  1770
898 491  2102
Воспроизведение
658 255  3177
925 251  3590
682 531  4087
949 537  4499
OPEL3_WIDTH:247
650 257  811
919 258  1251
649 502  1742
921 489  2155
Воспроизведение
614 235  3214
890 229  3635
646 527  4161
926 520  4537
OPEL3_WIDTH:152
693 259  783
851 253  1104
676 483  1611
870 498  1951
Воспроизведение
632 224  3237
863 235  3541
668 543  4012
894 540  4308
OPEL3_WIDTH:171
674 260  894
853 255  1226
682 485  1731
858 499  2063
Воспроизведение
659 262  2974
873 243  3278
701 542  3708
904 526  4039
OPEL3_WIDTH:152
692 251  746
852 261  1032
690 502  1511
846 491  1879
Воспроизведение
647 240  2853
840 239  3167
650 569  3651
847 550  4001
OPEL3_WIDTH:209
661 246  806
880 251  1164
666 492  1612
885 491  1969
Воспроизведение
646 233  2947
906 240  3376
667 526  3860
903 508  4273
OPEL3_WIDTH:247
636 249  669
896 258  1027
648 491  1586
898 496  2007
Воспроизведение
641 251  2903
874 249  3280
649 541  3731
969 546  4162
OPEL3_WIDTH:266
629 247  765
893 259  1160
638 499  1649
910 487  2044
Воспроизведение
641 230  3165
929 227  3632
665 522  4072
930 518  4429
NO_ILLUSION0_WIDTH:209
659 253  728
879 256  1131
673 487  1632
886 486  2044
Воспроизведение
635 226  3085
635 226  3085
635 226  3145
938 232  3647
655 544  4068
933 531  4371
NO_ILLUSION0_WIDTH:266
624 249  798
914 253  1211
634 493  1725
900 504  2155
Воспроизведение
611 219  3502
933 227  3905
645 506  4445
938 522  4777
NO_ILLUSION0_WIDTH:247
637 245  746
896 258  1130
646 491  1685
890 492  2034
Воспроизведение
614 223  3059
905 227  3444
658 560  3948
950 559  4424
NO_ILLUSION0_WIDTH:171
698 243  756
875 253  1050
693 506  1531
854 495  1887
Воспроизведение
622 255  2971
885 255  3366
659 565  3841
884 560  4208
NO_ILLUSION0_WIDTH:171
688 258  797
866 263  1118
690 501  1681
862 505  1950
Воспроизведение
638 239  3345
910 246  3694
662 546  4092
924 531  4413
NO_ILLUSION0_WIDTH:247
633 256  789
890 249  1129
657 488  1674
912 497  2005
Воспроизведение
646 232  4073
938 244  4494
681 559  4983
933 550  5359
NO_ILLUSION0_WIDTH:209
661 255  811
891 254  1161
655 486  1744
893 486  2048
Воспроизведение
632 242  3297
920 252  3719
661 553  4236
946 540  4647
NO_ILLUSION0_WIDTH:152
674 262  744
842 251  1076
669 488  1753
850 496  2110
Воспроизведение
651 256  3344
886 259  3756
689 546  4349
922 549  4868
NO_ILLUSION0_WIDTH:266
638 263  746
900 259  1150
621 504  1882
914 486  2320
Воспроизведение
623 258  4415
926 262  4773
701 551  5278
925 544  5545
NO_ILLUSION0_WIDTH:152
681 259  871
866 260  1238
682 487  1830
854 492  2106
Воспроизведение
634 269  3664
875 255  3969
683 547  4526
925 545  4876
