не показывать курсор
тип стимула OPEL_TOP
перпендикулярные отрезки в Оппель-Кундта каждые... пикс 19
высота перпендикулярных отрезков в Оппель-Кундта 20
угол стрелок 45
длина стрелок 20
длина штанги (1я часть) 1 152
длина штанги (1я часть) 2 171
длина штанги (1я часть) 3 209
длина штанги (1я часть) 4 247
длина штанги (1я часть) 5 266
длина штанги (1я часть) 6 152
длина штанги (1я часть) 7 171
длина штанги (1я часть) 8 209
длина штанги (1я часть) 9 247
длина штанги (1я часть) 10 266
длина штанги (2я часть) 1 152
длина штанги (2я часть) 2 171
длина штанги (2я часть) 3 209
длина штанги (2я часть) 4 247
длина штанги (2я часть) 5 266
длина штанги (2я часть) 6 152
длина штанги (2я часть) 7 171
длина штанги (2я часть) 8 209
длина штанги (2я часть) 9 247
длина штанги (2я часть) 10 266
длина "закрывашек" 20
расстояние между линиями 240
расстояние до рельсов Понзо 20
ширина линий 4
всего опытов 20
OPEL3_WIDTH:152
694 239  3265
857 249  3597
697 484  4206
846 499  4519
Воспроизведение
679 262  5944
875 256  6232
694 524  6731
879 533  7061
OPEL3_WIDTH:209
650 244  929
878 246  1360
661 487  1927
870 493  2357
Воспроизведение
645 242  3507
886 245  3867
676 503  4367
893 519  4672
OPEL3_WIDTH:152
693 257  864
861 265  1115
694 491  1724
854 485  1966
Воспроизведение
694 250  3197
894 253  3467
710 523  4103
890 525  4443
OPEL3_WIDTH:171
674 253  873
852 245  1213
675 490  1791
851 495  2123
Воспроизведение
689 258  3415
880 243  3720
702 495  4287
895 506  4592
OPEL3_WIDTH:171
688 252  937
869 244  1198
701 487  1925
866 497  2186
Воспроизведение
681 256  3477
901 252  3765
698 483  4298
886 493  4576
OPEL3_WIDTH:266
626 249  826
903 246  1204
634 488  1729
903 485  2115
Воспроизведение
658 264  3113
909 250  3499
672 494  3986
932 493  4336
OPEL3_WIDTH:247
654 252  731
887 255  1100
652 482  1607
894 494  2011
Воспроизведение
652 255  3052
894 247  3455
663 511  3917
906 502  4276
OPEL3_WIDTH:247
657 253  793
898 251  1135
651 489  1684
894 487  2053
Воспроизведение
650 261  3003
910 250  3390
661 518  3860
933 523  4210
OPEL3_WIDTH:266
640 250  755
900 243  1070
643 478  1623
928 489  1964
Воспроизведение
623 268  2902
914 258  3279
667 478  3790
942 482  4184
OPEL3_WIDTH:209
670 248  821
879 254  1108
672 491  1800
878 491  2131
Воспроизведение
672 252  3354
906 247  3651
674 526  4191
930 513  4494
NO_ILLUSION0_WIDTH:247
640 250  794
902 244  1125
650 479  1735
895 485  2112
Воспроизведение
639 257  3310
902 252  3614
676 518  4216
914 523  4546
NO_ILLUSION0_WIDTH:266
641 252  867
903 248  1209
648 487  1804
909 482  2163
Воспроизведение
650 255  3414
930 253  3729
685 515  4246
954 507  4623
NO_ILLUSION0_WIDTH:171
689 247  784
868 251  1082
685 480  1650
863 483  1938
Воспроизведение
686 238  3230
892 243  3590
710 488  4088
920 483  4384
NO_ILLUSION0_WIDTH:209
661 247  800
882 253  1078
674 481  1659
880 487  1982
Воспроизведение
672 257  3045
902 253  3377
692 516  3861
880 511  4139
NO_ILLUSION0_WIDTH:171
680 257  802
851 252  1126
694 492  1694
852 492  1999
Воспроизведение
674 267  3290
860 253  3540
690 512  4015
867 512  4266
NO_ILLUSION0_WIDTH:209
672 257  961
862 259  1284
678 476  1838
879 485  2133
Воспроизведение
677 268  3556
911 253  3870
701 490  4387
913 496  4648
NO_ILLUSION0_WIDTH:152
698 251  837
856 254  1088
702 484  1715
846 485  1949
Воспроизведение
707 255  3852
898 258  4101
714 493  4549
918 497  4791
NO_ILLUSION0_WIDTH:247
650 256  797
894 255  1101
653 483  1725
893 485  2066
Воспроизведение
659 236  3480
922 240  3822
674 536  4404
935 530  4753
NO_ILLUSION0_WIDTH:152
690 248  925
862 251  1203
697 490  1854
850 496  2184
Воспроизведение
675 237  4189
887 231  4451
714 498  4927
910 497  5206
NO_ILLUSION0_WIDTH:266
630 255  742
916 250  1065
649 488  1656
912 488  1971
Воспроизведение
638 233  3430
921 243  3771
661 527  4264
934 524  4624
