не показывать курсор
тип стимула OPEL_TOP
перпендикулярные отрезки в Оппель-Кундта каждые... пикс 19
высота перпендикулярных отрезков в Оппель-Кундта 20
угол стрелок 45
длина стрелок 20
длина штанги (1я часть) 1 152
длина штанги (1я часть) 2 171
длина штанги (1я часть) 3 209
длина штанги (1я часть) 4 247
длина штанги (1я часть) 5 266
длина штанги (1я часть) 6 152
длина штанги (1я часть) 7 171
длина штанги (1я часть) 8 209
длина штанги (1я часть) 9 247
длина штанги (1я часть) 10 266
длина штанги (2я часть) 1 152
длина штанги (2я часть) 2 171
длина штанги (2я часть) 3 209
длина штанги (2я часть) 4 247
длина штанги (2я часть) 5 266
длина штанги (2я часть) 6 152
длина штанги (2я часть) 7 171
длина штанги (2я часть) 8 209
длина штанги (2я часть) 9 247
длина штанги (2я часть) 10 266
длина "закрывашек" 20
расстояние между линиями 240
расстояние до рельсов Понзо 20
ширина линий 4
всего опытов 20
OPEL3_WIDTH:171
729 252  4754
851 251  5473
698 487  7059
843 485  8021
Воспроизведение
856 489  9159
676 493  10280
852 323  11496
639 327  12627
OPEL3_WIDTH:247
663 248  1348
883 249  2465
647 487  3717
888 486  5075
Воспроизведение
895 490  6242
626 496  7573
882 264  8925
623 270  10175
OPEL3_WIDTH:152
692 243  961
834 250  1761
700 490  3156
842 491  4115
Воспроизведение
848 491  5291
694 499  6451
833 296  8021
701 300  9036
OPEL3_WIDTH:152
705 247  1359
837 249  2239
698 486  3589
841 485  4568
Воспроизведение
841 482  6087
695 488  7273
711 301  8740
872 307  9917
OPEL3_WIDTH:209
874 259  1241
667 254  2383
660 480  3473
871 490  4506
Воспроизведение
878 484  5809
664 483  6961
672 277  8211
890 269  9495
OPEL3_WIDTH:266
907 255  935
646 257  2015
676 487  3319
895 486  4272
Воспроизведение
897 488  5794
640 495  6908
650 276  8521
882 271  9904
OPEL3_WIDTH:247
900 256  1075
655 255  2135
650 487  3064
892 487  3988
Воспроизведение
853 485  5220
656 492  6379
656 280  7629
895 263  9058
OPEL3_WIDTH:171
862 243  929
694 253  1792
679 483  2752
847 492  3741
Воспроизведение
854 483  4851
692 485  5922
679 285  7076
858 278  8270
OPEL3_WIDTH:266
906 253  876
648 253  1963
675 480  3154
895 487  4070
Воспроизведение
902 483  5089
622 486  6607
624 276  7671
907 273  9216
OPEL3_WIDTH:209
880 251  1077
676 254  1922
674 487  2909
866 487  3870
Воспроизведение
879 485  5380
666 495  6675
652 317  7777
886 310  9134
NO_ILLUSION0_WIDTH:266
900 256  744
900 256  744
900 256  804
628 264  1909
643 486  2919
907 486  4088
Воспроизведение
905 487  5744
650 495  6992
650 287  8196
947 277  9463
NO_ILLUSION0_WIDTH:171
853 241  1069
687 252  1789
683 484  2729
853 485  3348
Воспроизведение
854 479  4821
683 479  5845
682 293  6913
883 290  8000
NO_ILLUSION0_WIDTH:209
876 245  1007
677 255  1995
669 487  3050
866 486  4156
Воспроизведение
873 487  5033
873 487  5033
873 487  5102
670 492  6632
676 286  7940
886 280  9225
NO_ILLUSION0_WIDTH:152
850 246  1012
688 258  1884
696 487  2757
842 495  3432
Воспроизведение
847 485  4909
697 486  5889
698 273  7152
852 274  8113
NO_ILLUSION0_WIDTH:247
901 248  1167
641 255  2075
649 490  2963
886 494  3968
Воспроизведение
893 484  5363
650 490  6702
678 266  8081
872 259  9157
NO_ILLUSION0_WIDTH:266
906 247  936
640 251  1843
634 494  2901
899 491  3943
Воспроизведение
904 491  5515
651 490  6809
648 270  8174
915 270  9358
NO_ILLUSION0_WIDTH:247
900 243  991
656 245  1980
649 487  3143
902 487  4106
Воспроизведение
873 487  5804
648 484  7000
654 273  8102
899 273  9495
NO_ILLUSION0_WIDTH:152
850 249  985
695 252  1721
695 485  2717
838 483  3337
Воспроизведение
835 483  4410
701 488  5148
825 283  6332
676 283  7409
NO_ILLUSION0_WIDTH:171
680 253  912
850 250  1793
685 487  2631
872 489  3296
Воспроизведение
684 485  4723
850 487  5677
702 268  7066
842 267  7847
NO_ILLUSION0_WIDTH:209
668 252  988
884 253  1831
669 487  2906
882 488  3851
Воспроизведение
677 489  5158
853 483  5913
655 259  7057
867 260  8225
