не показывать курсор
тип стимула OPEL_TOP
перпендикулярные отрезки в Оппель-Кундта каждые... пикс 19
высота перпендикулярных отрезков в Оппель-Кундта 20
угол стрелок 45
длина стрелок 20
длина штанги (1я часть) 1 152
длина штанги (1я часть) 2 171
длина штанги (1я часть) 3 209
длина штанги (1я часть) 4 247
длина штанги (1я часть) 5 266
длина штанги (1я часть) 6 152
длина штанги (1я часть) 7 171
длина штанги (1я часть) 8 209
длина штанги (1я часть) 9 247
длина штанги (1я часть) 10 266
длина штанги (2я часть) 1 152
длина штанги (2я часть) 2 171
длина штанги (2я часть) 3 209
длина штанги (2я часть) 4 247
длина штанги (2я часть) 5 266
длина штанги (2я часть) 6 152
длина штанги (2я часть) 7 171
длина штанги (2я часть) 8 209
длина штанги (2я часть) 9 247
длина штанги (2я часть) 10 266
длина "закрывашек" 20
расстояние между линиями 240
расстояние до рельсов Понзо 20
ширина линий 4
всего опытов 20
OPEL3_WIDTH:152
698 484  4656
834 494  5367
701 255  6452
837 263  7026
Воспроизведение
702 253  8389
845 262  9037
706 448  9889
847 452  10852
OPEL3_WIDTH:171
854 492  1256
695 485  1939
855 262  2670
684 260  3398
Воспроизведение
681 259  4216
834 262  4944
682 472  5688
834 483  6398
OPEL3_WIDTH:266
885 495  977
651 487  1857
900 263  2528
647 255  3300
Воспроизведение
629 256  4398
904 262  5333
649 500  6191
906 491  7134
OPEL3_WIDTH:266
904 492  947
645 486  1819
637 255  2412
906 249  3238
Воспроизведение
890 522  4392
646 515  5246
658 312  6002
902 316  6849
OPEL3_WIDTH:209
857 259  1076
678 255  1830
666 492  2690
866 496  3374
Воспроизведение
878 494  4403
670 491  5393
671 283  6100
878 277  7006
OPEL3_WIDTH:171
856 254  1204
694 250  2013
856 501  2897
686 494  3543
Воспроизведение
688 494  4511
846 491  5284
698 299  6058
854 301  6786
OPEL3_WIDTH:209
875 252  872
685 252  1646
878 494  2514
668 491  3279
Воспроизведение
667 491  4329
867 503  5290
650 292  6223
869 290  7132
OPEL3_WIDTH:247
897 256  874
654 255  1996
900 495  2840
650 493  3576
Воспроизведение
649 491  4635
894 494  5659
663 278  6490
918 280  7443
OPEL3_WIDTH:152
845 256  828
701 255  1477
844 496  2462
708 494  3064
Воспроизведение
692 489  4004
830 491  4642
695 287  5578
846 295  6180
OPEL3_WIDTH:247
897 249  816
657 262  1596
900 486  2375
649 487  3211
Воспроизведение
646 493  4534
892 497  5450
653 278  6278
904 287  7193
NO_ILLUSION0_WIDTH:152
852 253  755
702 259  1330
854 496  2097
684 493  2724
Воспроизведение
699 494  3650
856 491  4451
678 275  5172
847 287  5946
NO_ILLUSION0_WIDTH:209
882 254  870
674 251  1544
884 503  2284
662 485  2850
Воспроизведение
661 493  3696
856 494  4488
672 283  5335
874 279  6225
NO_ILLUSION0_WIDTH:152
852 251  729
702 251  1350
841 496  2159
700 490  2699
Воспроизведение
703 488  3669
877 479  4594
650 263  5361
858 264  6107
NO_ILLUSION0_WIDTH:266
911 255  906
638 260  1705
903 494  2553
650 484  3334
Воспроизведение
649 487  4204
906 500  5192
622 248  6035
893 256  7094
NO_ILLUSION0_WIDTH:209
690 503  815
866 498  1281
879 255  1824
682 260  2283
Воспроизведение
670 256  3260
884 266  3816
876 507  4547
648 487  5213
NO_ILLUSION0_WIDTH:247
646 486  604
875 507  1180
900 264  1813
646 254  2459
Воспроизведение
644 251  3594
926 259  4409
912 507  5288
657 504  6222
NO_ILLUSION0_WIDTH:171
698 499  688
842 499  1182
695 259  1872
838 264  2420
Воспроизведение
868 258  3406
696 249  4134
877 505  4989
682 505  5644
NO_ILLUSION0_WIDTH:247
636 489  635
896 498  1317
650 253  2045
881 264  2654
Воспроизведение
906 258  3924
638 262  4742
930 494  5633
639 490  6486
NO_ILLUSION0_WIDTH:266
642 492  667
884 497  1466
637 259  2124
896 260  2734
Воспроизведение
913 251  3744
642 248  4462
663 485  5253
928 490  6277
NO_ILLUSION0_WIDTH:171
854 487  697
690 487  1200
855 255  1852
693 252  2365
Воспроизведение
679 258  3367
856 258  3917
698 478  4669
841 479  5360
