не показывать курсор
тип стимула OPEL_TOP
перпендикулярные отрезки в Оппель-Кундта каждые... пикс 19
высота перпендикулярных отрезков в Оппель-Кундта 20
угол стрелок 45
длина стрелок 20
длина штанги (1я часть) 1 152
длина штанги (1я часть) 2 171
длина штанги (1я часть) 3 209
длина штанги (1я часть) 4 247
длина штанги (1я часть) 5 266
длина штанги (1я часть) 6 152
длина штанги (1я часть) 7 171
длина штанги (1я часть) 8 209
длина штанги (1я часть) 9 247
длина штанги (1я часть) 10 266
длина штанги (2я часть) 1 152
длина штанги (2я часть) 2 171
длина штанги (2я часть) 3 209
длина штанги (2я часть) 4 247
длина штанги (2я часть) 5 266
длина штанги (2я часть) 6 152
длина штанги (2я часть) 7 171
длина штанги (2я часть) 8 209
длина штанги (2я часть) 9 247
длина штанги (2я часть) 10 266
длина "закрывашек" 20
расстояние между линиями 240
расстояние до рельсов Понзо 20
ширина линий 4
всего опытов 20
OPEL3_WIDTH:247
635 247  3240
894 253  5017
642 490  5837
902 492  7362
Воспроизведение
657 248  8702
886 253  9833
653 409  10671
861 411  11820
OPEL3_WIDTH:209
658 248  1094
877 254  2413
654 493  3143
878 490  4622
Воспроизведение
669 247  5810
864 257  6851
663 440  7684
855 443  8940
OPEL3_WIDTH:266
635 250  1492
905 256  2804
638 491  3615
910 491  5031
Воспроизведение
665 243  6321
869 247  7416
664 419  8301
866 415  9667
OPEL3_WIDTH:171
675 247  1364
858 255  2496
678 492  3355
852 490  4655
Воспроизведение
699 246  5980
857 252  7076
715 442  7908
859 440  9045
OPEL3_WIDTH:209
654 241  1289
874 250  2474
660 489  3328
880 488  4781
Воспроизведение
678 247  6067
860 254  7296
676 428  8177
835 434  9479
OPEL3_WIDTH:247
637 247  1670
896 251  3143
642 491  3947
892 489  5462
Воспроизведение
654 246  6710
865 250  7948
655 436  8787
862 443  10098
OPEL3_WIDTH:171
669 242  1545
862 249  2889
680 487  3743
865 490  5214
Воспроизведение
694 240  6668
854 245  7817
701 445  8731
863 452  9915
OPEL3_WIDTH:152
679 248  2120
850 250  3223
686 488  4143
842 494  5344
Воспроизведение
711 250  7030
859 250  8143
717 420  9108
843 427  10301
OPEL3_WIDTH:152
692 248  1627
848 260  2605
692 487  3506
850 495  4636
Воспроизведение
693 251  6094
840 259  7162
701 423  7897
847 432  9170
OPEL3_WIDTH:266
627 247  1545
911 254  3089
633 483  3930
911 492  5546
Воспроизведение
659 240  6739
892 251  8077
678 459  8862
892 467  10191
NO_ILLUSION0_WIDTH:247
643 248  1814
891 255  3059
646 491  3940
898 495  5303
Воспроизведение
657 241  6827
874 257  8092
672 434  8939
868 439  10311
NO_ILLUSION0_WIDTH:266
628 251  1943
894 253  3192
631 494  3994
903 489  5483
Воспроизведение
661 248  6869
893 255  8171
676 439  9063
881 442  10257
NO_ILLUSION0_WIDTH:152
689 243  1552
843 250  2622
679 488  3405
842 495  4581
Воспроизведение
701 255  6035
837 256  6987
699 435  7817
829 445  8928
NO_ILLUSION0_WIDTH:152
690 245  1743
846 255  2720
684 487  3670
853 489  4872
Воспроизведение
704 238  6171
848 242  7042
723 443  7925
861 452  8849
NO_ILLUSION0_WIDTH:266
628 243  1608
902 250  3143
623 487  4036
916 494  5499
Воспроизведение
637 251  6801
882 263  8049
650 455  8883
854 457  10202
NO_ILLUSION0_WIDTH:209
662 243  1915
878 251  3226
653 483  4034
881 497  5282
Воспроизведение
668 244  6452
854 254  7465
693 428  8349
881 443  9648
NO_ILLUSION0_WIDTH:171
674 238  1681
854 254  2803
671 483  3808
859 490  4883
Воспроизведение
673 243  6033
838 254  6982
688 450  7896
863 462  9053
NO_ILLUSION0_WIDTH:209
656 242  1435
874 256  2593
661 489  3309
886 495  4600
Воспроизведение
666 242  5825
860 251  6946
676 451  7735
861 459  8811
NO_ILLUSION0_WIDTH:171
680 250  1805
860 252  2738
676 492  3582
854 497  4559
Воспроизведение
682 244  5760
836 257  6712
698 445  7551
863 455  8618
NO_ILLUSION0_WIDTH:247
650 240  1552
887 256  2719
640 487  3567
896 497  4867
Воспроизведение
655 246  6044
868 252  7158
652 421  8044
854 431  9417
