не показывать курсор
тип стимула OPEL_TOP
перпендикулярные отрезки в Оппель-Кундта каждые... пикс 19
высота перпендикулярных отрезков в Оппель-Кундта 20
угол стрелок 45
длина стрелок 20
длина штанги (1я часть) 1 152
длина штанги (1я часть) 2 171
длина штанги (1я часть) 3 209
длина штанги (1я часть) 4 247
длина штанги (1я часть) 5 266
длина штанги (1я часть) 6 152
длина штанги (1я часть) 7 171
длина штанги (1я часть) 8 209
длина штанги (1я часть) 9 247
длина штанги (1я часть) 10 266
длина штанги (2я часть) 1 152
длина штанги (2я часть) 2 171
длина штанги (2я часть) 3 209
длина штанги (2я часть) 4 247
длина штанги (2я часть) 5 266
длина штанги (2я часть) 6 152
длина штанги (2я часть) 7 171
длина штанги (2я часть) 8 209
длина штанги (2я часть) 9 247
длина штанги (2я часть) 10 266
длина "закрывашек" 20
расстояние между линиями 240
расстояние до рельсов Понзо 20
ширина линий 4
всего опытов 20
OPEL3_WIDTH:171
680 251  18115
852 247  19364
683 479  20353
856 486  21914
Воспроизведение
696 268  23491
867 266  24414
681 435  25283
880 431  26683
OPEL3_WIDTH:247
638 251  1519
889 244  3001
650 485  3922
898 483  5385
Воспроизведение
652 253  6875
887 244  7889
639 415  8676
873 413  9664
OPEL3_WIDTH:266
638 244  1530
898 239  2813
646 484  3929
900 489  5356
Воспроизведение
661 256  6848
877 258  7880
650 431  8744
866 421  9820
OPEL3_WIDTH:266
637 251  1718
900 246  3056
638 485  4083
898 490  5509
Воспроизведение
651 248  7318
882 241  8341
641 414  9164
877 415  10286
OPEL3_WIDTH:209
666 247  1538
870 245  2569
674 484  3559
870 487  4797
Воспроизведение
679 255  6269
874 257  7230
701 430  8096
878 431  9181
OPEL3_WIDTH:152
689 243  1500
841 248  2479
701 487  3482
846 485  4640
Воспроизведение
702 256  6235
872 252  7267
707 417  8149
851 416  9100
OPEL3_WIDTH:171
685 250  1475
848 254  2713
686 486  3749
854 488  4951
Воспроизведение
698 258  6561
854 256  7484
699 442  8580
858 441  9612
OPEL3_WIDTH:209
662 251  1881
865 251  3093
670 487  4074
870 484  5528
Воспроизведение
677 258  7036
855 254  8122
654 416  8904
853 414  10249
OPEL3_WIDTH:152
693 254  1708
842 248  2849
699 487  3829
850 487  4967
Воспроизведение
711 249  6606
861 252  7468
726 408  8439
867 404  9668
OPEL3_WIDTH:247
647 249  1827
890 247  3290
650 486  4187
894 480  5955
Воспроизведение
658 251  7464
860 255  8676
677 436  9667
874 438  10986
NO_ILLUSION0_WIDTH:266
633 254  1680
897 250  3144
646 484  4117
905 483  5883
Воспроизведение
650 244  7386
871 247  8616
652 426  9505
878 427  10985
NO_ILLUSION0_WIDTH:266
643 252  1588
896 251  2871
640 485  3802
906 486  5497
Воспроизведение
674 248  7150
876 249  8200
658 429  9197
882 422  10614
NO_ILLUSION0_WIDTH:171
685 244  1677
850 249  2825
683 488  3789
864 484  5198
Воспроизведение
702 249  6897
872 257  7911
707 442  8926
879 441  10137
NO_ILLUSION0_WIDTH:209
663 251  1791
868 251  3155
669 486  4109
870 483  5571
Воспроизведение
682 246  7296
877 250  8418
700 435  9357
898 435  10568
NO_ILLUSION0_WIDTH:247
646 250  1864
885 247  3166
648 483  4179
891 484  5920
Воспроизведение
662 240  7384
873 245  8462
675 434  9378
875 432  10680
NO_ILLUSION0_WIDTH:171
682 250  1681
848 250  2777
686 487  3760
854 486  5043
Воспроизведение
692 239  6464
855 239  7443
678 433  8464
864 428  9818
NO_ILLUSION0_WIDTH:209
703 258  106666
878 248  107743
667 483  108697
879 485  110258
Воспроизведение
678 247  111731
874 243  112619
675 393  113521
858 389  114688
NO_ILLUSION0_WIDTH:152
690 249  1480
843 250  2513
700 487  3429
850 491  4624
Воспроизведение
702 246  5833
850 243  6812
704 408  7640
854 407  8879
NO_ILLUSION0_WIDTH:152
690 244  1494
838 247  2489
696 487  3503
848 487  4804
Воспроизведение
694 245  6304
850 247  7274
700 431  8086
848 431  9199
NO_ILLUSION0_WIDTH:247
645 249  1450
889 247  2806
650 481  3709
894 484  5476
Воспроизведение
678 256  6714
896 257  7782
684 418  8749
874 427  10033
