не показывать курсор
тип стимула OPEL_TOP
перпендикулярные отрезки в Оппель-Кундта каждые... пикс 19
высота перпендикулярных отрезков в Оппель-Кундта 20
угол стрелок 45
длина стрелок 20
длина штанги (1я часть) 1 152
длина штанги (1я часть) 2 171
длина штанги (1я часть) 3 209
длина штанги (1я часть) 4 247
длина штанги (1я часть) 5 266
длина штанги (1я часть) 6 152
длина штанги (1я часть) 7 171
длина штанги (1я часть) 8 209
длина штанги (1я часть) 9 247
длина штанги (1я часть) 10 266
длина штанги (2я часть) 1 152
длина штанги (2я часть) 2 171
длина штанги (2я часть) 3 209
длина штанги (2я часть) 4 247
длина штанги (2я часть) 5 266
длина штанги (2я часть) 6 152
длина штанги (2я часть) 7 171
длина штанги (2я часть) 8 209
длина штанги (2я часть) 9 247
длина штанги (2я часть) 10 266
длина "закрывашек" 20
расстояние между линиями 240
расстояние до рельсов Понзо 20
ширина линий 4
всего опытов 20
OPEL3_WIDTH:209
651 247  3276
879 244  3990
679 483  4736
886 499  5507
Воспроизведение
659 239  6779
900 235  7412
641 482  8017
894 487  8724
OPEL3_WIDTH:266
638 251  987
922 242  1623
639 483  2099
916 497  2880
Воспроизведение
639 256  3936
921 243  5114
640 479  5852
918 499  6784
OPEL3_WIDTH:209
666 255  967
866 242  1764
670 486  2351
880 495  3095
Воспроизведение
675 266  4611
900 267  5509
659 486  6081
855 487  7086
OPEL3_WIDTH:266
635 262  1005
914 255  2111
626 502  2820
918 505  3801
Воспроизведение
633 246  4796
922 235  5811
643 479  6496
921 479  7566
OPEL3_WIDTH:152
690 265  860
853 262  1559
689 492  2436
854 489  3317
Воспроизведение
687 260  4630
866 256  5668
669 486  6444
849 487  7463
OPEL3_WIDTH:152
694 263  930
851 247  1846
696 488  2603
856 486  3568
Воспроизведение
691 264  4942
864 255  5848
684 479  6601
872 479  7546
OPEL3_WIDTH:247
646 245  1229
892 243  2465
650 489  3166
898 497  4260
Воспроизведение
638 253  5472
934 243  7001
638 475  7845
903 475  9052
OPEL3_WIDTH:171
690 254  1014
851 245  1786
686 498  2532
858 495  3526
Воспроизведение
682 271  4993
873 266  5999
664 475  6822
873 471  7960
OPEL3_WIDTH:171
686 245  1041
870 240  2220
682 483  2958
864 488  3839
Воспроизведение
690 271  5229
857 267  6156
676 504  6983
889 504  8017
OPEL3_WIDTH:247
646 241  1263
893 245  2350
648 489  2998
898 488  4350
Воспроизведение
631 263  5434
891 257  6681
655 457  7541
919 463  8631
NO_ILLUSION0_WIDTH:266
630 257  1269
903 251  2549
642 497  3223
905 496  4475
Воспроизведение
626 256  5809
886 260  6971
629 481  7909
928 479  9162
NO_ILLUSION0_WIDTH:247
648 255  1072
892 251  2317
650 490  3071
900 486  4152
Воспроизведение
632 263  5294
886 251  6531
637 478  7374
895 483  8658
NO_ILLUSION0_WIDTH:152
704 251  1436
840 249  2227
686 487  2965
857 487  3885
Воспроизведение
690 258  5058
863 256  6012
694 480  6933
898 482  8103
NO_ILLUSION0_WIDTH:171
693 250  992
862 251  2072
669 498  2728
863 499  3643
Воспроизведение
676 268  5567
856 259  6488
674 507  7415
855 510  8326
NO_ILLUSION0_WIDTH:247
646 263  1258
890 258  2074
638 491  2679
875 490  4065
Воспроизведение
650 265  5497
915 254  6730
650 519  7842
898 518  9054
NO_ILLUSION0_WIDTH:209
662 248  1282
869 243  2279
671 495  3151
875 499  4089
Воспроизведение
678 288  5693
880 279  6722
658 491  7636
891 487  8946
NO_ILLUSION0_WIDTH:152
690 260  1371
838 253  2154
689 489  2974
850 491  4015
Воспроизведение
696 267  5542
871 266  6611
691 511  7560
897 513  8607
NO_ILLUSION0_WIDTH:171
674 247  1312
863 247  2308
686 485  3119
856 491  4028
Воспроизведение
674 262  5875
871 257  7152
679 477  8181
882 479  9346
NO_ILLUSION0_WIDTH:266
634 251  1229
924 251  2225
642 492  3000
914 499  4042
Воспроизведение
631 263  5530
909 260  6769
626 489  7645
910 482  8858
NO_ILLUSION0_WIDTH:209
698 286  1340
869 253  2539
665 489  3566
882 499  4672
Воспроизведение
651 259  5902
866 255  6918
662 471  8023
859 475  9037
