не показывать курсор
тип стимула OPEL_TOP
перпендикулярные отрезки в Оппель-Кундта каждые... пикс 19
высота перпендикулярных отрезков в Оппель-Кундта 20
угол стрелок 45
длина стрелок 20
длина штанги (1я часть) 1 152
длина штанги (1я часть) 2 171
длина штанги (1я часть) 3 209
длина штанги (1я часть) 4 247
длина штанги (1я часть) 5 266
длина штанги (1я часть) 6 152
длина штанги (1я часть) 7 171
длина штанги (1я часть) 8 209
длина штанги (1я часть) 9 247
длина штанги (1я часть) 10 266
длина штанги (2я часть) 1 152
длина штанги (2я часть) 2 171
длина штанги (2я часть) 3 209
длина штанги (2я часть) 4 247
длина штанги (2я часть) 5 266
длина штанги (2я часть) 6 152
длина штанги (2я часть) 7 171
длина штанги (2я часть) 8 209
длина штанги (2я часть) 9 247
длина штанги (2я часть) 10 266
длина "закрывашек" 20
расстояние между линиями 240
расстояние до рельсов Понзо 20
ширина линий 4
всего опытов 20
OPEL3_WIDTH:152
696 251  1662
839 252  2240
697 487  3022
848 500  3613
Воспроизведение
674 255  4900
856 252  5413
679 426  6213
877 432  6960
OPEL3_WIDTH:266
630 253  1135
895 242  1953
638 483  2735
905 481  3686
Воспроизведение
623 271  5213
909 272  5982
613 453  6867
919 459  7714
OPEL3_WIDTH:171
678 251  989
858 247  1593
675 493  2287
859 492  3050
Воспроизведение
670 272  4210
883 268  4899
650 479  5623
867 489  6412
OPEL3_WIDTH:171
678 259  5570
854 251  6202
683 484  6898
847 486  7594
Воспроизведение
674 269  9047
873 268  9713
655 435  10626
875 438  11483
OPEL3_WIDTH:209
659 250  1175
871 253  1865
665 499  2517
869 500  3242
Воспроизведение
661 268  4600
896 264  5336
652 439  6316
902 442  7134
OPEL3_WIDTH:209
654 260  1190
871 255  1884
660 486  2661
856 487  3377
Воспроизведение
654 268  4892
895 268  5579
672 468  6502
910 461  7540
OPEL3_WIDTH:247
641 247  1027
894 246  1775
649 478  2537
890 483  3486
Воспроизведение
652 265  4940
934 263  5840
663 447  6618
943 443  7736
OPEL3_WIDTH:247
642 249  918
902 255  1755
648 483  2495
905 487  3519
Воспроизведение
651 256  4585
911 243  5478
671 420  6291
907 419  7291
OPEL3_WIDTH:152
684 250  1044
847 259  1751
698 483  2665
843 483  3329
Воспроизведение
675 255  4495
849 255  5205
676 460  6192
866 459  6953
OPEL3_WIDTH:266
626 245  1001
892 237  1795
637 482  2610
886 483  3487
Воспроизведение
629 247  5004
891 241  5997
622 444  6860
914 444  8092
NO_ILLUSION0_WIDTH:209
656 250  928
862 247  1768
666 487  2641
869 491  3577
Воспроизведение
648 259  4968
882 255  5719
675 447  6658
904 442  7627
NO_ILLUSION0_WIDTH:247
639 253  1182
883 241  2119
650 483  2946
890 484  4189
Воспроизведение
641 261  5469
879 256  6367
657 454  7256
898 451  8409
NO_ILLUSION0_WIDTH:171
677 255  918
849 246  1671
679 482  2391
858 487  3240
Воспроизведение
658 266  4403
839 263  5047
651 467  5815
849 472  6593
NO_ILLUSION0_WIDTH:266
624 259  1057
903 255  1994
646 489  2716
896 481  3830
Воспроизведение
630 253  4905
914 261  5868
622 476  6650
894 472  7760
NO_ILLUSION0_WIDTH:171
674 260  737
851 251  1444
679 483  2293
846 493  3225
Воспроизведение
677 264  4677
838 259  5388
679 421  6252
846 435  7363
NO_ILLUSION0_WIDTH:152
690 254  927
856 241  1675
689 488  2546
840 490  3446
Воспроизведение
669 251  4840
846 251  5615
678 453  6550
849 463  7353
NO_ILLUSION0_WIDTH:266
632 246  1122
898 244  2149
647 492  2859
886 488  3952
Воспроизведение
629 253  5200
899 251  6173
625 447  7050
906 462  8443
NO_ILLUSION0_WIDTH:152
686 243  848
847 247  1533
698 487  2424
837 489  3194
Воспроизведение
677 255  4592
886 263  5444
654 463  6417
866 470  7295
NO_ILLUSION0_WIDTH:209
654 252  1254
862 243  2096
662 484  2941
873 488  3746
Воспроизведение
646 255  5395
886 249  6315
634 413  7225
914 424  8462
NO_ILLUSION0_WIDTH:247
645 251  1022
887 247  1908
645 483  2726
893 492  3669
Воспроизведение
634 252  4901
889 256  5838
642 419  6615
882 415  7521
