не показывать курсор
тип стимула OPEL_TOP
перпендикулярные отрезки в Оппель-Кундта каждые... пикс 19
высота перпендикулярных отрезков в Оппель-Кундта 20
угол стрелок 45
длина стрелок 20
длина штанги (1я часть) 1 152
длина штанги (1я часть) 2 171
длина штанги (1я часть) 3 209
длина штанги (1я часть) 4 247
длина штанги (1я часть) 5 266
длина штанги (1я часть) 6 152
длина штанги (1я часть) 7 171
длина штанги (1я часть) 8 209
длина штанги (1я часть) 9 247
длина штанги (1я часть) 10 266
длина штанги (2я часть) 1 152
длина штанги (2я часть) 2 171
длина штанги (2я часть) 3 209
длина штанги (2я часть) 4 247
длина штанги (2я часть) 5 266
длина штанги (2я часть) 6 152
длина штанги (2я часть) 7 171
длина штанги (2я часть) 8 209
длина штанги (2я часть) 9 247
длина штанги (2я часть) 10 266
длина "закрывашек" 20
расстояние между линиями 240
расстояние до рельсов Понзо 20
ширина линий 4
всего опытов 20
OPEL3_WIDTH:171
682 263  4559
846 264  5290
680 491  6041
845 499  6582
Воспроизведение
669 256  7673
832 263  8294
678 537  9129
853 543  9744
OPEL3_WIDTH:266
614 252  936
914 254  1696
634 491  2485
932 507  3093
Воспроизведение
618 262  4482
893 267  5227
640 538  6039
878 547  6642
OPEL3_WIDTH:247
631 248  887
901 253  1454
642 483  2241
907 494  2797
Воспроизведение
646 260  4091
938 270  4800
663 518  5619
937 522  6274
OPEL3_WIDTH:266
639 261  896
913 254  1540
639 489  2262
906 497  2965
Воспроизведение
654 267  4020
959 275  4825
678 527  5715
929 538  6453
OPEL3_WIDTH:247
643 259  819
903 257  1368
651 490  2137
890 503  2756
Воспроизведение
642 254  3962
888 264  4663
655 503  5430
914 519  6131
OPEL3_WIDTH:209
656 248  830
886 258  1369
678 482  2101
868 494  2624
Воспроизведение
683 266  3666
883 272  4292
667 532  5035
862 547  5586
OPEL3_WIDTH:171
678 248  859
847 254  1484
688 479  2224
Воспроизведение
859 491  2940
671 288  4078
863 295  4856
677 448  5693
858 459  6372
OPEL3_WIDTH:209
652 252  954
886 259  1624
666 492  2386
873 495  2956
Воспроизведение
650 269  4144
878 281  4806
672 524  5718
883 532  6388
OPEL3_WIDTH:152
678 246  973
854 255  1435
692 487  2163
846 492  2626
Воспроизведение
664 250  4006
850 259  4584
691 515  5576
858 526  6009
OPEL3_WIDTH:152
686 247  973
858 258  1455
687 492  2214
838 495  2702
Воспроизведение
662 249  3833
858 257  4440
670 522  5247
864 519  5887
NO_ILLUSION0_WIDTH:171
677 251  906
854 261  1445
686 491  2213
869 496  2771
Воспроизведение
662 255  4286
868 252  5083
660 483  5894
846 488  6499
NO_ILLUSION0_WIDTH:247
647 253  1017
898 263  1647
638 490  2329
898 495  2869
Воспроизведение
620 269  4097
894 279  4764
626 530  5521
892 528  6267
NO_ILLUSION0_WIDTH:266
636 253  843
910 258  1418
640 495  2079
915 499  2614
Воспроизведение
636 263  3888
920 270  4598
661 513  5404
912 522  6084
NO_ILLUSION0_WIDTH:152
683 257  868
852 263  1399
695 497  2089
840 499  2566
Воспроизведение
670 261  3563
852 271  4183
676 503  4931
845 509  5626
NO_ILLUSION0_WIDTH:266
637 262  890
912 257  1434
636 487  2112
910 495  2747
Воспроизведение
624 261  3994
878 259  4763
647 507  5484
881 520  6019
NO_ILLUSION0_WIDTH:209
665 250  778
881 261  1291
670 483  2029
871 498  2551
Воспроизведение
657 264  3571
883 279  4092
678 531  4866
866 535  5606
NO_ILLUSION0_WIDTH:247
646 252  884
881 259  1466
654 491  2118
890 498  2811
Воспроизведение
642 256  3666
915 266  4424
674 509  5132
911 508  5786
NO_ILLUSION0_WIDTH:209
659 247  744
885 261  1292
666 487  1912
868 496  2482
Воспроизведение
646 263  3634
891 270  4336
670 493  5018
905 508  5676
NO_ILLUSION0_WIDTH:152
691 261  583
848 266  1027
691 490  1806
851 489  2305
Воспроизведение
674 274  3562
890 282  4180
681 471  4988
861 479  5722
NO_ILLUSION0_WIDTH:171
681 259  1002
858 259  1530
680 491  2211
850 498  2765
Воспроизведение
684 275  4421
883 274  4981
686 540  5769
886 542  6307
