не показывать курсор
тип стимула OPEL_TOP
перпендикулярные отрезки в Оппель-Кундта каждые... пикс 19
высота перпендикулярных отрезков в Оппель-Кундта 20
угол стрелок 45
длина стрелок 20
длина штанги (1я часть) 1 152
длина штанги (1я часть) 2 171
длина штанги (1я часть) 3 209
длина штанги (1я часть) 4 247
длина штанги (1я часть) 5 266
длина штанги (1я часть) 6 152
длина штанги (1я часть) 7 171
длина штанги (1я часть) 8 209
длина штанги (1я часть) 9 247
длина штанги (1я часть) 10 266
длина штанги (2я часть) 1 152
длина штанги (2я часть) 2 171
длина штанги (2я часть) 3 209
длина штанги (2я часть) 4 247
длина штанги (2я часть) 5 266
длина штанги (2я часть) 6 152
длина штанги (2я часть) 7 171
длина штанги (2я часть) 8 209
длина штанги (2я часть) 9 247
длина штанги (2я часть) 10 266
длина "закрывашек" 20
расстояние между линиями 240
расстояние до рельсов Понзо 20
ширина линий 4
всего опытов 20
OPEL3_WIDTH:171
695 241  12828
850 249  13526
683 477  14651
849 485  15457
Воспроизведение
673 243  17434
850 255  18025
678 500  19029
851 506  19684
OPEL3_WIDTH:266
634 258  1151
902 256  2125
636 487  3070
906 489  3994
Воспроизведение
650 257  5527
905 262  6270
663 515  7173
904 519  8048
OPEL3_WIDTH:247
646 249  1247
892 253  2216
646 483  3109
905 494  4068
Воспроизведение
647 256  5508
893 255  6206
630 517  7194
897 523  7945
OPEL3_WIDTH:171
678 255  1199
849 251  2095
682 483  2911
852 486  3768
Воспроизведение
674 254  5393
849 255  6237
678 529  7200
877 526  7873
OPEL3_WIDTH:152
694 251  1400
844 251  2215
688 488  3059
851 487  3655
Воспроизведение
673 250  5256
836 250  5920
675 506  6990
846 510  7617
OPEL3_WIDTH:152
701 253  1162
847 244  1932
691 484  2818
845 491  3533
Воспроизведение
691 243  5248
850 251  5984
679 522  6927
831 524  7521
OPEL3_WIDTH:209
665 254  1452
858 244  2404
666 490  3826
874 489  4605
Воспроизведение
666 256  6126
879 253  7051
662 504  7946
866 509  8697
OPEL3_WIDTH:266
624 252  1212
906 248  2430
638 488  3394
905 487  4365
Воспроизведение
655 250  6372
898 247  7321
634 512  8268
867 519  9020
OPEL3_WIDTH:247
644 252  1149
896 254  2176
648 487  2974
900 493  3840
Воспроизведение
650 262  5020
883 263  5847
651 518  6792
877 523  7638
OPEL3_WIDTH:209
661 254  1236
878 251  2197
668 483  3013
870 485  3977
Воспроизведение
655 253  5368
882 259  6310
653 493  7182
876 506  8175
NO_ILLUSION0_WIDTH:152
694 255  980
849 249  1701
698 485  2749
845 486  3464
Воспроизведение
682 256  4916
866 263  5851
676 515  6746
839 526  7383
NO_ILLUSION0_WIDTH:266
637 253  1039
903 252  1992
628 485  2898
903 483  4019
Воспроизведение
627 263  5813
884 267  6736
625 514  7634
850 521  8614
NO_ILLUSION0_WIDTH:209
670 257  774
881 263  1629
662 486  2513
880 484  3444
Воспроизведение
674 259  4774
878 263  5547
650 514  6495
861 520  7312
NO_ILLUSION0_WIDTH:247
638 240  1302
895 247  2475
648 483  3621
893 486  4670
Воспроизведение
662 260  6835
886 272  7557
666 527  8559
874 532  9334
NO_ILLUSION0_WIDTH:247
642 255  1772
896 255  2725
635 486  3632
904 493  4448
Воспроизведение
647 270  5775
870 272  6664
632 513  7531
871 514  8421
NO_ILLUSION0_WIDTH:171
692 253  1219
849 252  1929
686 487  2815
852 486  3626
Воспроизведение
682 266  5222
870 271  5895
661 524  6915
852 529  7620
NO_ILLUSION0_WIDTH:152
692 251  1036
850 251  1766
695 494  2730
852 490  3595
Воспроизведение
673 262  4873
850 267  5606
696 536  6685
851 535  7328
NO_ILLUSION0_WIDTH:209
664 243  1040
875 247  1921
660 492  2832
871 494  3566
Воспроизведение
666 265  4759
864 267  5529
665 514  6558
869 511  7299
NO_ILLUSION0_WIDTH:171
682 251  1061
848 250  1840
682 485  2727
854 487  3398
Воспроизведение
699 259  4531
857 261  5309
689 488  6174
854 503  6854
NO_ILLUSION0_WIDTH:266
634 242  1078
905 250  2138
639 492  3040
899 493  4076
Воспроизведение
636 259  5334
899 260  6057
650 498  7188
880 505  8015
