не показывать курсор
тип стимула OPEL_TOP
перпендикулярные отрезки в Оппель-Кундта каждые... пикс 19
высота перпендикулярных отрезков в Оппель-Кундта 20
угол стрелок 45
длина стрелок 20
длина штанги (1я часть) 1 152
длина штанги (1я часть) 2 171
длина штанги (1я часть) 3 209
длина штанги (1я часть) 4 247
длина штанги (1я часть) 5 266
длина штанги (1я часть) 6 152
длина штанги (1я часть) 7 171
длина штанги (1я часть) 8 209
длина штанги (1я часть) 9 247
длина штанги (1я часть) 10 266
длина штанги (2я часть) 1 152
длина штанги (2я часть) 2 171
длина штанги (2я часть) 3 209
длина штанги (2я часть) 4 247
длина штанги (2я часть) 5 266
длина штанги (2я часть) 6 152
длина штанги (2я часть) 7 171
длина штанги (2я часть) 8 209
длина штанги (2я часть) 9 247
длина штанги (2я часть) 10 266
длина "закрывашек" 20
расстояние между линиями 240
расстояние до рельсов Понзо 20
ширина линий 4
всего опытов 20
OPEL3_WIDTH:266
628 247  1593
891 255  2341
643 487  3047
906 491  3658
Воспроизведение
652 248  6255
919 259  6890
653 514  7755
930 515  8547
OPEL3_WIDTH:209
660 253  1257
868 249  1780
663 483  2520
860 483  3100
Воспроизведение
651 247  4471
874 249  5056
648 495  5824
886 495  6595
OPEL3_WIDTH:171
682 247  1314
864 267  1781
686 481  2498
852 488  3135
Воспроизведение
665 239  5194
848 247  5735
662 478  6610
850 490  7227
OPEL3_WIDTH:171
686 240  1330
858 258  1855
685 487  2609
847 488  3092
Воспроизведение
693 254  4456
849 252  4981
696 493  5738
861 515  6288
OPEL3_WIDTH:266
617 253  1109
905 253  1744
622 480  2427
903 486  3020
Воспроизведение
626 239  4286
904 251  4824
650 512  5665
919 517  6470
OPEL3_WIDTH:152
678 242  1108
839 245  1601
687 486  2252
836 490  2715
Воспроизведение
696 231  4672
853 243  5067
700 515  5816
868 511  6299
OPEL3_WIDTH:247
633 250  1049
904 266  1523
642 490  2168
895 487  2663
Воспроизведение
644 239  4002
903 259  4625
648 501  5401
907 508  6085
OPEL3_WIDTH:247
638 247  1094
890 253  1621
639 481  2249
887 483  2762
Воспроизведение
650 250  4017
893 259  4599
641 503  5294
922 498  5958
OPEL3_WIDTH:209
663 242  993
872 261  1413
656 484  2003
871 488  2465
Воспроизведение
667 245  3613
850 255  4029
662 497  4684
874 515  5239
OPEL3_WIDTH:152
700 236  1072
834 255  1446
688 481  1991
847 495  2355
Воспроизведение
681 243  3797
864 261  4146
687 510  4820
830 507  5333
NO_ILLUSION0_WIDTH:247
636 249  1087
900 254  1567
638 493  2177
897 495  2660
Воспроизведение
646 259  3952
914 266  4506
632 530  5230
905 549  5913
NO_ILLUSION0_WIDTH:152
679 246  1018
846 243  1455
686 487  2108
855 486  2541
Воспроизведение
686 247  3763
847 247  4236
686 531  4987
851 522  5465
NO_ILLUSION0_WIDTH:209
651 245  1034
882 250  1480
665 503  2140
872 487  2644
Воспроизведение
658 220  4122
886 225  4604
666 498  5335
891 508  5837
NO_ILLUSION0_WIDTH:247
634 251  1088
899 242  1633
627 490  2247
895 495  2802
Воспроизведение
638 231  4436
903 229  5019
654 494  5765
911 504  6327
NO_ILLUSION0_WIDTH:266
626 239  1163
922 261  1625
632 485  2275
902 487  2770
Воспроизведение
634 236  4142
925 239  4700
638 514  5524
910 519  6190
NO_ILLUSION0_WIDTH:171
675 243  1050
850 255  1441
679 491  1932
847 499  2303
Воспроизведение
675 223  3879
870 247  4350
681 519  5073
879 517  5555
NO_ILLUSION0_WIDTH:171
670 251  999
858 267  1345
683 493  1910
861 494  2263
Воспроизведение
690 265  3587
882 269  3975
695 514  4615
893 513  5093
NO_ILLUSION0_WIDTH:209
650 250  1012
894 262  1459
645 487  2041
874 485  2525
Воспроизведение
646 257  4162
864 269  4541
649 513  5156
911 519  5660
NO_ILLUSION0_WIDTH:152
681 243  984
858 256  1313
680 494  1863
873 505  2223
Воспроизведение
682 262  3497
857 268  3830
690 487  4435
890 491  4843
NO_ILLUSION0_WIDTH:266
618 256  1038
912 246  1538
610 493  2092
908 488  2515
Воспроизведение
644 231  4016
930 244  4502
625 523  5221
934 522  5855
