не показывать курсор
тип стимула OPEL_TOP
перпендикулярные отрезки в Оппель-Кундта каждые... пикс 19
высота перпендикулярных отрезков в Оппель-Кундта 20
угол стрелок 45
длина стрелок 20
длина штанги (1я часть) 1 152
длина штанги (1я часть) 2 171
длина штанги (1я часть) 3 209
длина штанги (1я часть) 4 247
длина штанги (1я часть) 5 266
длина штанги (1я часть) 6 152
длина штанги (1я часть) 7 171
длина штанги (1я часть) 8 209
длина штанги (1я часть) 9 247
длина штанги (1я часть) 10 266
длина штанги (2я часть) 1 152
длина штанги (2я часть) 2 171
длина штанги (2я часть) 3 209
длина штанги (2я часть) 4 247
длина штанги (2я часть) 5 266
длина штанги (2я часть) 6 152
длина штанги (2я часть) 7 171
длина штанги (2я часть) 8 209
длина штанги (2я часть) 9 247
длина штанги (2я часть) 10 266
длина "закрывашек" 20
расстояние между линиями 240
расстояние до рельсов Понзо 20
ширина линий 4
всего опытов 20
OPEL3_WIDTH:209
655 244  1772
862 244  2553
665 489  3532
871 491  4189
Воспроизведение
651 243  5514
893 247  6084
654 515  7009
902 511  7742
OPEL3_WIDTH:247
626 246  1165
902 250  1803
646 486  2608
900 498  3416
Воспроизведение
641 243  4824
917 250  5529
634 510  6376
901 511  7097
OPEL3_WIDTH:171
678 251  1207
851 248  1737
680 495  2659
855 492  3297
Воспроизведение
690 227  4869
867 236  5580
678 517  6576
879 513  7329
OPEL3_WIDTH:247
646 247  1124
883 253  1747
647 489  2584
892 487  3269
Воспроизведение
629 253  4597
903 252  5214
625 518  6046
889 517  6767
OPEL3_WIDTH:266
631 249  1265
901 249  1911
642 489  2669
895 492  3341
Воспроизведение
637 254  4806
902 251  5416
643 514  6315
906 511  7108
OPEL3_WIDTH:152
691 247  1253
847 247  1667
692 487  2395
846 489  2807
Воспроизведение
694 258  4106
850 260  4544
686 506  5548
876 503  6060
OPEL3_WIDTH:171
678 242  1415
838 245  1870
681 480  2688
845 484  3194
Воспроизведение
666 263  4750
873 266  5315
680 542  6195
876 539  6815
OPEL3_WIDTH:152
692 248  1242
834 254  1703
688 489  2496
848 496  3012
Воспроизведение
702 244  4430
854 247  4943
694 524  5998
873 527  6543
OPEL3_WIDTH:266
622 245  1075
897 247  1676
638 487  2459
898 488  3197
Воспроизведение
633 240  4596
907 255  5179
614 513  6007
919 515  6732
OPEL3_WIDTH:209
660 246  1065
870 247  1496
658 488  2143
880 487  2721
Воспроизведение
659 255  3973
871 259  4527
654 511  5500
871 512  6049
NO_ILLUSION0_WIDTH:152
691 251  1229
830 255  1582
688 488  2342
850 491  2885
Воспроизведение
679 252  3968
858 268  4415
675 491  5266
866 491  5726
NO_ILLUSION0_WIDTH:266
622 249  1133
910 249  1796
626 487  2596
914 496  3329
Воспроизведение
619 247  4743
902 245  5432
625 527  6356
914 527  7195
NO_ILLUSION0_WIDTH:171
678 245  1200
862 261  1800
678 484  2580
850 486  3097
Воспроизведение
679 263  4589
862 265  5282
662 524  6232
874 531  6998
NO_ILLUSION0_WIDTH:266
632 253  1140
905 255  1856
623 491  2736
894 485  3497
Воспроизведение
618 247  4812
888 255  5494
617 504  6495
912 498  7403
NO_ILLUSION0_WIDTH:171
678 246  1216
846 251  1692
683 489  2442
850 491  2944
Воспроизведение
666 246  4138
845 252  4564
658 515  5478
850 515  6052
NO_ILLUSION0_WIDTH:152
693 243  1180
846 248  1575
700 487  2460
842 499  2858
Воспроизведение
677 245  4298
826 247  4664
685 512  5641
843 512  6083
NO_ILLUSION0_WIDTH:247
631 240  1157
897 254  1751
648 487  2453
898 484  2950
Воспроизведение
630 259  4198
901 247  4765
639 531  5677
930 523  6487
NO_ILLUSION0_WIDTH:209
662 250  1142
876 253  1615
673 489  2370
872 487  2933
Воспроизведение
657 240  4295
875 242  4776
662 526  5750
878 540  6275
NO_ILLUSION0_WIDTH:247
641 251  1122
904 248  1690
634 495  2472
875 496  3098
Воспроизведение
638 224  4476
911 235  5040
629 513  5920
924 515  6647
NO_ILLUSION0_WIDTH:209
667 239  977
878 255  1400
653 500  2071
879 491  2529
Воспроизведение
650 235  3785
891 241  4225
651 506  5086
926 511  5785
