не показывать курсор
тип стимула OPEL_TOP
перпендикулярные отрезки в Оппель-Кундта каждые... пикс 19
высота перпендикулярных отрезков в Оппель-Кундта 20
угол стрелок 45
длина стрелок 20
длина штанги (1я часть) 1 152
длина штанги (1я часть) 2 171
длина штанги (1я часть) 3 209
длина штанги (1я часть) 4 247
длина штанги (1я часть) 5 266
длина штанги (1я часть) 6 152
длина штанги (1я часть) 7 171
длина штанги (1я часть) 8 209
длина штанги (1я часть) 9 247
длина штанги (1я часть) 10 266
длина штанги (2я часть) 1 152
длина штанги (2я часть) 2 171
длина штанги (2я часть) 3 209
длина штанги (2я часть) 4 247
длина штанги (2я часть) 5 266
длина штанги (2я часть) 6 152
длина штанги (2я часть) 7 171
длина штанги (2я часть) 8 209
длина штанги (2я часть) 9 247
длина штанги (2я часть) 10 266
длина "закрывашек" 20
расстояние между линиями 240
расстояние до рельсов Понзо 20
ширина линий 4
всего опытов 20
OPEL3_WIDTH:266
683 245  2498
904 244  2849
636 492  3444
897 503  4133
Воспроизведение
654 235  5144
937 257  5554
654 443  6073
914 462  6513
OPEL3_WIDTH:171
683 252  1242
846 246  1591
677 502  2135
844 493  2642
Воспроизведение
702 228  3770
914 236  4100
727 423  4633
915 435  4995
OPEL3_WIDTH:247
642 259  927
902 267  1352
650 497  1839
892 504  2263
Воспроизведение
678 247  3471
970 275  3863
651 426  4411
889 444  4806
OPEL3_WIDTH:209
665 255  1334
866 263  1684
675 488  2251
874 488  2678
Воспроизведение
675 242  3946
889 255  4294
686 431  4902
850 452  5360
OPEL3_WIDTH:266
644 243  991
900 246  1458
634 491  2002
894 494  2495
Воспроизведение
625 272  3675
906 288  4133
650 451  4620
902 470  5077
OPEL3_WIDTH:209
659 254  1003
864 255  1433
663 498  2043
874 495  2513
Воспроизведение
662 252  3685
874 254  4077
681 437  4721
874 444  5139
OPEL3_WIDTH:152
699 256  1178
843 262  1595
700 498  2171
847 494  2580
Воспроизведение
686 249  3799
874 259  4239
690 429  4770
857 435  5132
OPEL3_WIDTH:152
693 257  1017
825 249  1462
700 483  2087
843 488  2434
Воспроизведение
692 234  3752
856 243  4125
699 445  4719
830 448  4987
OPEL3_WIDTH:247
652 256  1127
891 258  1616
656 493  2195
880 497  2731
Воспроизведение
677 255  3779
898 266  4298
698 415  4830
900 431  5238
OPEL3_WIDTH:171
684 257  927
843 255  1563
684 497  2091
864 503  2600
Воспроизведение
707 250  3586
880 254  3999
702 439  4704
866 438  5218
NO_ILLUSION0_WIDTH:266
642 251  1152
894 253  1809
634 483  2439
898 491  3072
Воспроизведение
636 264  4054
950 267  4727
655 432  5275
894 441  5944
NO_ILLUSION0_WIDTH:209
654 263  1038
875 248  1576
671 486  2337
875 491  2868
Воспроизведение
666 261  4070
895 271  4583
677 438  5326
847 441  5753
NO_ILLUSION0_WIDTH:247
646 258  1130
904 262  1691
650 483  2309
891 499  2916
Воспроизведение
650 256  4290
898 257  4732
647 423  5377
881 424  5964
NO_ILLUSION0_WIDTH:152
685 258  1028
838 256  1443
704 489  2001
854 495  2415
Воспроизведение
686 240  4466
895 235  4892
714 440  5549
870 422  5945
NO_ILLUSION0_WIDTH:171
681 242  1041
858 253  1497
683 481  2107
850 497  2588
Воспроизведение
690 243  3864
877 247  4273
680 442  4931
850 443  5307
NO_ILLUSION0_WIDTH:171
682 257  1143
846 248  1592
678 501  2213
847 500  2636
Воспроизведение
698 261  3909
896 271  4419
705 456  4999
868 448  5430
NO_ILLUSION0_WIDTH:247
643 246  1065
889 247  1602
642 505  2138
888 499  2734
Воспроизведение
678 252  3891
918 254  4417
672 462  5079
898 466  5520
NO_ILLUSION0_WIDTH:152
688 253  1039
845 250  1466
690 485  1999
847 499  2425
Воспроизведение
667 252  3522
881 262  4038
673 458  4619
866 461  5117
NO_ILLUSION0_WIDTH:209
671 254  978
875 257  1398
642 498  1875
871 496  2400
Воспроизведение
672 250  3590
917 243  4040
679 445  4566
886 451  5027
NO_ILLUSION0_WIDTH:266
629 252  926
898 247  1467
625 488  2062
898 487  2707
Воспроизведение
641 260  3768
924 258  4318
643 446  4945
884 459  5495
