не показывать курсор
тип стимула OPEL_TOP
перпендикулярные отрезки в Оппель-Кундта каждые... пикс 19
высота перпендикулярных отрезков в Оппель-Кундта 20
угол стрелок 45
длина стрелок 20
длина штанги (1я часть) 1 152
длина штанги (1я часть) 2 171
длина штанги (1я часть) 3 209
длина штанги (1я часть) 4 247
длина штанги (1я часть) 5 266
длина штанги (1я часть) 6 152
длина штанги (1я часть) 7 171
длина штанги (1я часть) 8 209
длина штанги (1я часть) 9 247
длина штанги (1я часть) 10 266
длина штанги (2я часть) 1 152
длина штанги (2я часть) 2 171
длина штанги (2я часть) 3 209
длина штанги (2я часть) 4 247
длина штанги (2я часть) 5 266
длина штанги (2я часть) 6 152
длина штанги (2я часть) 7 171
длина штанги (2я часть) 8 209
длина штанги (2я часть) 9 247
длина штанги (2я часть) 10 266
длина "закрывашек" 20
расстояние между линиями 240
расстояние до рельсов Понзо 20
ширина линий 4
всего опытов 20
OPEL3_WIDTH:266
630 243  8040
908 247  8527
626 497  9153
902 488  9704
Воспроизведение
645 236  11034
927 247  11569
655 443  11991
904 439  12556
OPEL3_WIDTH:209
655 248  1205
886 253  1598
654 494  2069
865 479  2587
Воспроизведение
668 231  3779
912 248  4251
683 453  4705
874 450  5144
OPEL3_WIDTH:171
681 251  955
854 259  1411
698 487  2007
850 479  2495
Воспроизведение
701 238  3684
926 253  4077
684 472  4705
902 452  5114
OPEL3_WIDTH:266
634 245  971
902 255  1442
642 491  1987
896 483  2621
Воспроизведение
675 250  3769
952 266  4253
700 462  4754
909 455  5135
OPEL3_WIDTH:152
708 242  1049
866 261  1317
690 487  1801
850 491  2116
Воспроизведение
698 251  3244
864 259  3559
702 459  4031
850 451  4337
OPEL3_WIDTH:247
651 239  1050
894 259  1436
637 477  1916
896 483  2405
Воспроизведение
656 237  3704
914 261  4138
666 440  4561
887 446  4985
OPEL3_WIDTH:152
694 250  942
855 267  1257
706 480  1742
850 479  2072
Воспроизведение
700 253  3230
874 264  3557
704 475  4031
870 471  4346
OPEL3_WIDTH:209
663 244  972
886 256  1356
662 480  1891
870 481  2311
Воспроизведение
641 245  3673
863 261  4019
642 469  4584
843 454  4915
OPEL3_WIDTH:247
648 253  925
883 260  1303
668 483  1790
888 479  2199
Воспроизведение
680 241  3407
898 255  3769
675 467  4255
866 464  4682
OPEL3_WIDTH:171
677 243  987
850 251  1356
690 483  1819
869 483  2167
Воспроизведение
694 254  3374
869 263  3698
683 489  4262
830 481  4624
NO_ILLUSION0_WIDTH:266
631 247  1081
899 247  1551
638 472  2038
914 486  2495
Воспроизведение
650 267  3561
926 299  3986
652 481  4551
910 475  4944
NO_ILLUSION0_WIDTH:171
679 249  847
856 254  1178
688 489  1663
873 485  2025
Воспроизведение
676 254  3107
857 257  3469
696 487  4016
848 479  4331
NO_ILLUSION0_WIDTH:152
690 243  1080
846 263  1411
701 490  1913
844 478  2290
Воспроизведение
681 268  3403
863 279  3827
702 468  4298
854 470  4580
NO_ILLUSION0_WIDTH:247
650 252  940
890 252  1429
648 500  2041
881 479  2513
Воспроизведение
670 249  3848
905 262  4288
665 471  4752
876 458  5207
NO_ILLUSION0_WIDTH:266
636 241  972
911 259  1466
651 500  2008
897 483  2542
Воспроизведение
670 267  3624
927 285  4065
678 449  4550
907 451  4959
NO_ILLUSION0_WIDTH:209
667 243  955
874 257  1379
672 483  1894
874 479  2272
Воспроизведение
658 235  3460
883 231  3899
674 456  4415
866 449  4839
NO_ILLUSION0_WIDTH:247
646 251  909
887 256  1381
655 483  1868
889 483  2307
Воспроизведение
679 259  3513
928 258  3965
675 468  4420
912 468  4812
NO_ILLUSION0_WIDTH:171
686 244  1069
858 255  1415
679 487  1916
843 480  2326
Воспроизведение
677 266  3609
878 279  4009
668 471  4475
855 467  4805
NO_ILLUSION0_WIDTH:209
670 244  972
875 247  1365
667 485  1836
872 483  2277
Воспроизведение
679 247  3500
906 240  3867
701 455  4342
887 443  4705
NO_ILLUSION0_WIDTH:152
687 240  1003
858 248  1395
700 497  1912
847 489  2289
Воспроизведение
696 255  3650
881 257  3982
702 479  4513
854 473  4859
