не показывать курсор
тип стимула OPEL_TOP
перпендикулярные отрезки в Оппель-Кундта каждые... пикс 19
высота перпендикулярных отрезков в Оппель-Кундта 20
угол стрелок 45
длина стрелок 20
длина штанги (1я часть) 1 152
длина штанги (1я часть) 2 171
длина штанги (1я часть) 3 209
длина штанги (1я часть) 4 247
длина штанги (1я часть) 5 266
длина штанги (1я часть) 6 152
длина штанги (1я часть) 7 171
длина штанги (1я часть) 8 209
длина штанги (1я часть) 9 247
длина штанги (1я часть) 10 266
длина штанги (2я часть) 1 152
длина штанги (2я часть) 2 171
длина штанги (2я часть) 3 209
длина штанги (2я часть) 4 247
длина штанги (2я часть) 5 266
длина штанги (2я часть) 6 152
длина штанги (2я часть) 7 171
длина штанги (2я часть) 8 209
длина штанги (2я часть) 9 247
длина штанги (2я часть) 10 266
длина "закрывашек" 20
расстояние между линиями 240
расстояние до рельсов Понзо 20
ширина линий 4
всего опытов 20
OPEL3_WIDTH:171
678 250  35162
678 250  35162
697 254  35497
850 251  37544
676 487  39342
852 488  41667
Воспроизведение
594 215  57901
818 204  60208
602 398  62448
830 397  65078
OPEL3_WIDTH:247
652 251  2598
893 251  5741
650 489  7369
887 482  10243
Воспроизведение
655 251  12415
906 255  14855
650 467  16426
909 465  19244
OPEL3_WIDTH:266
647 251  2094
894 251  4795
638 487  6532
896 484  9024
Воспроизведение
649 253  11068
927 251  13783
658 434  15473
658 434  15473
658 434  15600
932 438  18468
OPEL3_WIDTH:247
648 248  2391
886 253  5578
650 483  7169
886 483  9889
Воспроизведение
677 258  12812
901 262  15100
646 444  16775
912 443  19444
OPEL3_WIDTH:171
683 248  2366
850 251  4484
682 483  6170
858 491  8378
Воспроизведение
677 258  10408
870 264  12405
677 455  14186
866 451  16261
OPEL3_WIDTH:266
630 243  2658
899 250  5656
643 484  7169
907 487  9942
Воспроизведение
633 256  11614
928 270  14503
638 452  16175
930 457  19051
OPEL3_WIDTH:152
694 243  2031
841 247  4052
700 485  5785
854 484  7537
Воспроизведение
687 242  9000
857 254  10740
681 479  12063
855 488  14747
OPEL3_WIDTH:209
659 253  4562
878 252  7482
673 488  9633
870 492  12151
Воспроизведение
650 259  13914
869 254  16173
649 487  18158
873 483  20523
OPEL3_WIDTH:209
667 247  2612
869 245  5431
667 483  7041
874 488  9517
Воспроизведение
658 255  11799
896 259  14230
659 475  15647
895 483  18281
OPEL3_WIDTH:152
695 250  24266
842 253  26520
698 488  28518
840 488  30721
Воспроизведение
680 239  32764
863 237  34972
674 445  36467
848 450  38757
NO_ILLUSION0_WIDTH:152
697 255  3584
845 254  5882
700 488  7977
846 487  10001
Воспроизведение
691 252  12299
854 251  14774
676 459  16409
845 457  18577
NO_ILLUSION0_WIDTH:171
680 252  2183
850 251  4748
683 487  6543
854 488  8899
Воспроизведение
678 256  10787
876 263  12890
674 468  14753
852 470  16750
NO_ILLUSION0_WIDTH:209
661 253  13779
873 249  16428
666 490  18263
875 487  20602
Воспроизведение
677 247  22799
874 243  24917
651 444  26619
866 442  28592
NO_ILLUSION0_WIDTH:209
672 251  3333
866 250  5873
674 486  7671
879 487  10225
Воспроизведение
671 252  12705
887 259  15605
657 458  16978
880 456  19727
NO_ILLUSION0_WIDTH:247
650 254  6518
886 253  9522
650 487  11327
884 492  14011
Воспроизведение
662 255  16706
909 255  19376
657 444  21067
902 443  24061
NO_ILLUSION0_WIDTH:171
684 251  3148
854 249  5208
686 484  6848
853 487  8831
Воспроизведение
686 247  10532
862 252  12519
674 443  14072
872 441  16330
NO_ILLUSION0_WIDTH:247
650 255  2446
888 253  5418
648 491  7383
885 491  10558
Воспроизведение
653 260  22391
870 255  24532
578 443  25844
854 447  28472
NO_ILLUSION0_WIDTH:266
649 249  2549
905 249  5269
646 487  6968
898 489  9563
Воспроизведение
642 249  11500
895 251  14324
633 443  15785
902 452  18483
NO_ILLUSION0_WIDTH:266
640 251  2910
897 250  5486
635 487  6984
897 487  9194
Воспроизведение
628 253  10626
908 255  13499
646 465  14777
890 476  17017
NO_ILLUSION0_WIDTH:152
697 255  5281
839 251  6465
698 491  7868
865 487  8989
Воспроизведение
685 255  10436
843 262  11488
686 475  12744
840 478  13882
