не показывать курсор
тип стимула OPEL_TOP
перпендикулярные отрезки в Оппель-Кундта каждые... пикс 19
высота перпендикулярных отрезков в Оппель-Кундта 20
угол стрелок 45
длина стрелок 20
длина штанги (1я часть) 1 152
длина штанги (1я часть) 2 171
длина штанги (1я часть) 3 209
длина штанги (1я часть) 4 247
длина штанги (1я часть) 5 266
длина штанги (1я часть) 6 152
длина штанги (1я часть) 7 171
длина штанги (1я часть) 8 209
длина штанги (1я часть) 9 247
длина штанги (1я часть) 10 266
длина штанги (2я часть) 1 152
длина штанги (2я часть) 2 171
длина штанги (2я часть) 3 209
длина штанги (2я часть) 4 247
длина штанги (2я часть) 5 266
длина штанги (2я часть) 6 152
длина штанги (2я часть) 7 171
длина штанги (2я часть) 8 209
длина штанги (2я часть) 9 247
длина штанги (2я часть) 10 266
длина "закрывашек" 20
расстояние между линиями 240
расстояние до рельсов Понзо 20
ширина линий 4
всего опытов 20
OPEL3_WIDTH:266
629 249  9640
668 254  9921
627 259  12443
898 250  13681
646 493  14833
906 487  16346
Воспроизведение
625 242  17823
894 232  19577
608 407  20552
886 405  22054
OPEL3_WIDTH:266
638 257  1074
896 245  2793
646 489  3658
896 486  5033
Воспроизведение
634 259  6418
896 247  8390
623 452  9366
900 447  10952
OPEL3_WIDTH:171
682 257  929
835 251  1988
687 489  3153
854 489  4591
Воспроизведение
666 260  6261
850 255  7499
678 471  8389
850 457  9557
OPEL3_WIDTH:152
685 260  1242
837 249  2504
700 487  3606
841 486  4735
Воспроизведение
686 244  6304
856 238  7429
690 483  8381
862 475  9813
OPEL3_WIDTH:171
678 255  1134
843 250  2444
694 492  3296
858 488  4605
Воспроизведение
666 274  6432
856 275  8025
664 507  9084
850 503  10424
OPEL3_WIDTH:247
643 254  2731
885 252  5083
636 492  5996
890 488  7753
Воспроизведение
652 258  9203
892 252  10655
639 467  11710
885 463  13287
OPEL3_WIDTH:209
659 256  1342
856 251  3056
674 498  4181
858 491  5766
Воспроизведение
657 261  8802
886 254  10399
669 485  11455
898 483  13208
OPEL3_WIDTH:152
678 251  1322
839 249  2664
697 491  3891
843 491  4901
Воспроизведение
677 258  6437
858 256  7652
701 507  8802
874 500  10257
OPEL3_WIDTH:247
648 263  4813
883 256  6815
649 494  7935
890 486  9447
Воспроизведение
646 259  10776
886 257  12462
661 470  13471
958 473  15572
OPEL3_WIDTH:209
654 245  1561
862 247  3526
673 488  4580
868 487  6270
Воспроизведение
635 270  8143
870 256  9612
665 478  10701
898 487  12421
NO_ILLUSION0_WIDTH:266
632 256  2656
893 258  4948
638 491  5957
902 491  7865
Воспроизведение
642 274  9472
907 265  11273
664 481  12328
946 483  14231
NO_ILLUSION0_WIDTH:266
625 249  1546
898 248  3630
643 487  4856
891 482  6701
Воспроизведение
637 255  7904
918 253  9371
650 488  10410
948 503  12734
NO_ILLUSION0_WIDTH:247
634 255  10252
885 250  11957
639 490  13232
864 489  14782
Воспроизведение
626 267  17600
929 266  19078
632 469  20201
882 451  21811
NO_ILLUSION0_WIDTH:152
685 244  1370
834 238  2308
700 494  3300
837 485  4168
Воспроизведение
670 251  5475
840 242  6627
662 504  7699
821 491  8837
NO_ILLUSION0_WIDTH:209
653 253  1355
857 252  2979
662 497  3996
863 485  5258
Воспроизведение
653 259  6401
882 255  7621
670 477  8393
909 466  9956
NO_ILLUSION0_WIDTH:152
688 257  1007
835 244  2049
700 491  3072
842 479  4304
Воспроизведение
683 267  5596
855 259  6644
694 476  7537
859 465  8561
NO_ILLUSION0_WIDTH:247
650 251  773
890 250  2144
654 497  2978
886 484  4275
Воспроизведение
623 255  5316
856 244  6825
624 473  7760
874 460  9276
NO_ILLUSION0_WIDTH:171
676 251  1072
838 254  2288
682 494  3264
846 485  4531
Воспроизведение
666 273  6689
879 269  8254
693 489  9216
887 474  10806
NO_ILLUSION0_WIDTH:209
658 252  1364
863 245  2914
668 488  3802
874 486  5470
Воспроизведение
638 263  6927
876 256  8300
667 479  9386
896 474  11216
NO_ILLUSION0_WIDTH:171
670 237  1164
845 242  2747
678 492  3689
846 483  5098
Воспроизведение
658 259  6565
875 251  7890
674 485  8882
877 476  10442
