не показывать курсор
тип стимула OPEL_TOP
перпендикулярные отрезки в Оппель-Кундта каждые... пикс 19
высота перпендикулярных отрезков в Оппель-Кундта 20
угол стрелок 45
длина стрелок 20
длина штанги (1я часть) 1 152
длина штанги (1я часть) 2 171
длина штанги (1я часть) 3 209
длина штанги (1я часть) 4 247
длина штанги (1я часть) 5 266
длина штанги (1я часть) 6 152
длина штанги (1я часть) 7 171
длина штанги (1я часть) 8 209
длина штанги (1я часть) 9 247
длина штанги (1я часть) 10 266
длина штанги (2я часть) 1 152
длина штанги (2я часть) 2 171
длина штанги (2я часть) 3 209
длина штанги (2я часть) 4 247
длина штанги (2я часть) 5 266
длина штанги (2я часть) 6 152
длина штанги (2я часть) 7 171
длина штанги (2я часть) 8 209
длина штанги (2я часть) 9 247
длина штанги (2я часть) 10 266
длина "закрывашек" 20
расстояние между линиями 240
расстояние до рельсов Понзо 20
ширина линий 4
всего опытов 20
OPEL3_WIDTH:266
704 241  5728
906 254  6754
651 495  8062
651 495  8062
675 495  8250
900 483  9593
Воспроизведение
678 240  11663
880 231  12755
650 430  14031
895 431  15443
OPEL3_WIDTH:247
648 254  1543
885 248  3042
650 491  4381
886 483  5944
Воспроизведение
679 243  7502
884 233  8637
675 433  9993
886 428  11194
OPEL3_WIDTH:171
682 248  1211
851 247  2314
683 488  3685
850 483  4932
Воспроизведение
682 241  6716
854 243  7887
700 468  9653
870 462  10934
OPEL3_WIDTH:209
665 253  1371
868 255  2775
668 492  4176
868 487  5661
Воспроизведение
675 248  7315
870 242  8593
676 455  9806
849 451  10895
OPEL3_WIDTH:152
698 251  1355
841 251  2426
692 489  3894
838 481  5001
Воспроизведение
700 235  6449
855 235  7711
702 479  9305
855 480  10282
OPEL3_WIDTH:266
635 248  1307
899 247  2614
643 487  4112
893 486  5502
Воспроизведение
638 244  7078
881 250  8246
658 481  9615
910 481  10959
OPEL3_WIDTH:209
666 247  1338
870 250  2687
667 487  4002
868 485  5299
Воспроизведение
671 248  6905
898 242  8279
678 487  9414
882 486  10792
OPEL3_WIDTH:171
686 255  1215
851 245  2332
684 487  3651
846 487  4811
Воспроизведение
687 244  6356
880 243  7714
695 462  9240
854 455  10251
OPEL3_WIDTH:247
649 253  1228
885 246  2583
648 492  4078
896 485  5498
Воспроизведение
654 235  6763
913 233  8142
652 462  9488
908 455  10981
OPEL3_WIDTH:152
698 250  1230
842 251  2212
701 487  3436
831 488  4352
Воспроизведение
697 257  6041
838 258  6765
726 471  8047
851 473  8811
NO_ILLUSION0_WIDTH:171
683 248  1192
862 254  2327
691 483  3677
850 483  4812
Воспроизведение
681 233  6022
681 233  6022
681 233  6044
875 227  7398
698 469  8799
870 462  9935
NO_ILLUSION0_WIDTH:209
673 247  1207
876 250  2492
672 487  3861
880 487  5265
Воспроизведение
660 241  7112
881 241  8217
673 440  9381
892 441  10674
NO_ILLUSION0_WIDTH:247
649 252  1195
890 247  2690
650 486  4050
891 486  5648
Воспроизведение
649 243  7430
882 242  8630
673 464  9969
907 463  11515
NO_ILLUSION0_WIDTH:247
649 250  1144
883 248  2410
646 490  3648
885 492  4893
Воспроизведение
651 245  6373
886 239  7552
660 455  8877
908 448  10455
NO_ILLUSION0_WIDTH:171
684 251  1338
855 250  2370
684 483  3477
850 485  4577
Воспроизведение
702 247  5981
858 235  6974
702 449  8265
853 455  9370
NO_ILLUSION0_WIDTH:266
633 240  1370
894 249  3033
643 483  4530
900 487  6475
Воспроизведение
634 236  8036
897 237  9520
650 475  11087
925 476  12443
NO_ILLUSION0_WIDTH:152
698 251  1339
835 251  2312
696 491  3733
841 485  4890
Воспроизведение
701 228  6242
854 234  7187
712 463  8649
873 463  9752
NO_ILLUSION0_WIDTH:209
666 247  1526
872 248  2487
672 485  3869
874 485  4910
Воспроизведение
672 238  6503
902 235  7594
694 459  9267
931 455  10624
NO_ILLUSION0_WIDTH:266
630 247  1467
895 248  2995
634 482  4647
898 488  5895
Воспроизведение
649 245  7265
913 249  8691
653 448  10088
902 450  11084
NO_ILLUSION0_WIDTH:152
696 261  1316
838 248  2217
700 487  3292
837 486  3940
Воспроизведение
706 249  5233
854 244  6102
726 506  7552
893 504  8594
