не показывать курсор
тип стимула OPEL_TOP
перпендикулярные отрезки в Оппель-Кундта каждые... пикс 19
высота перпендикулярных отрезков в Оппель-Кундта 20
угол стрелок 45
длина стрелок 20
длина штанги (1я часть) 1 152
длина штанги (1я часть) 2 171
длина штанги (1я часть) 3 209
длина штанги (1я часть) 4 247
длина штанги (1я часть) 5 266
длина штанги (1я часть) 6 152
длина штанги (1я часть) 7 171
длина штанги (1я часть) 8 209
длина штанги (1я часть) 9 247
длина штанги (1я часть) 10 266
длина штанги (2я часть) 1 152
длина штанги (2я часть) 2 171
длина штанги (2я часть) 3 209
длина штанги (2я часть) 4 247
длина штанги (2я часть) 5 266
длина штанги (2я часть) 6 152
длина штанги (2я часть) 7 171
длина штанги (2я часть) 8 209
длина штанги (2я часть) 9 247
длина штанги (2я часть) 10 266
длина "закрывашек" 20
расстояние между линиями 240
расстояние до рельсов Понзо 20
ширина линий 4
всего опытов 20
OPEL3_WIDTH:247
643 243  8575
894 247  10740
650 478  11794
888 482  13708
Воспроизведение
674 242  15816
880 240  17918
686 454  19479
883 447  21416
OPEL3_WIDTH:247
644 239  2455
896 245  5146
650 483  7133
898 480  9522
Воспроизведение
664 248  11646
875 247  13224
662 467  15004
854 462  16790
OPEL3_WIDTH:152
684 239  2113
842 239  4069
698 479  5848
840 482  7569
Воспроизведение
695 246  9495
849 246  11103
730 433  12492
855 426  13991
OPEL3_WIDTH:171
675 238  2238
853 245  4391
690 477  5840
845 479  7404
Воспроизведение
694 244  8996
848 243  10480
705 453  11808
859 451  13556
OPEL3_WIDTH:266
625 238  1244
899 243  3612
639 476  5268
890 482  7207
Воспроизведение
641 246  8924
900 246  10786
675 471  12296
898 469  13826
OPEL3_WIDTH:152
689 238  1690
842 247  3107
686 479  4462
842 479  5741
Воспроизведение
699 267  10826
864 263  12039
700 429  13440
858 421  14830
OPEL3_WIDTH:266
635 242  2004
904 238  4309
641 479  5614
895 479  7492
Воспроизведение
661 243  9647
894 248  11553
670 443  12984
886 436  14549
OPEL3_WIDTH:209
667 235  1884
870 243  3815
675 479  4889
859 475  6179
Воспроизведение
683 239  8007
875 244  9474
703 423  10577
884 416  12061
OPEL3_WIDTH:209
665 241  1513
871 243  3016
655 482  4089
873 480  5561
Воспроизведение
681 240  7180
886 241  8663
676 447  9913
887 441  11378
OPEL3_WIDTH:171
685 241  1240
851 243  2646
687 475  3717
836 480  4655
Воспроизведение
701 233  6308
856 235  7410
726 427  8543
878 424  9805
NO_ILLUSION0_WIDTH:152
696 238  1556
834 243  2569
683 481  3528
826 483  4303
Воспроизведение
702 244  5672
839 242  6523
716 411  7500
866 410  8550
NO_ILLUSION0_WIDTH:266
646 246  1259
892 240  2557
650 479  3469
898 482  4767
Воспроизведение
650 231  6373
910 239  7858
678 436  8929
896 427  10161
NO_ILLUSION0_WIDTH:152
695 242  1499
852 237  2540
695 481  3767
843 482  4793
Воспроизведение
714 237  6624
890 242  7862
727 448  9233
890 435  10545
NO_ILLUSION0_WIDTH:171
681 236  1339
850 238  2599
680 483  3778
842 485  4787
Воспроизведение
703 258  6409
894 251  7647
702 491  8977
877 491  10129
NO_ILLUSION0_WIDTH:209
658 248  1212
859 252  2428
671 483  3688
858 485  4922
Воспроизведение
654 249  6595
878 242  7765
686 444  9198
894 436  10494
NO_ILLUSION0_WIDTH:266
634 232  1417
906 239  2995
636 483  4019
901 477  5564
Воспроизведение
649 237  7757
901 235  9085
666 413  10173
933 405  11628
NO_ILLUSION0_WIDTH:247
645 238  1355
884 247  2751
648 482  3719
887 478  5076
Воспроизведение
676 242  7094
910 235  8515
695 421  9446
924 418  10883
NO_ILLUSION0_WIDTH:209
659 244  1281
873 243  2625
666 483  3898
871 483  5156
Воспроизведение
676 237  6612
868 238  7812
678 447  8898
874 443  10324
NO_ILLUSION0_WIDTH:171
673 245  1040
849 243  2157
690 479  3138
870 483  4403
Воспроизведение
687 255  5521
852 251  6611
727 460  7648
905 449  8926
NO_ILLUSION0_WIDTH:247
648 241  1071
878 241  2286
646 481  3357
895 483  4763
Воспроизведение
653 243  5973
881 240  7077
658 438  7994
923 439  9224
