не показывать курсор
тип стимула OPEL_TOP
перпендикулярные отрезки в Оппель-Кундта каждые... пикс 19
высота перпендикулярных отрезков в Оппель-Кундта 20
угол стрелок 45
длина стрелок 20
длина штанги (1я часть) 1 152
длина штанги (1я часть) 2 171
длина штанги (1я часть) 3 209
длина штанги (1я часть) 4 247
длина штанги (1я часть) 5 266
длина штанги (1я часть) 6 152
длина штанги (1я часть) 7 171
длина штанги (1я часть) 8 209
длина штанги (1я часть) 9 247
длина штанги (1я часть) 10 266
длина штанги (2я часть) 1 152
длина штанги (2я часть) 2 171
длина штанги (2я часть) 3 209
длина штанги (2я часть) 4 247
длина штанги (2я часть) 5 266
длина штанги (2я часть) 6 152
длина штанги (2я часть) 7 171
длина штанги (2я часть) 8 209
длина штанги (2я часть) 9 247
длина штанги (2я часть) 10 266
длина "закрывашек" 20
расстояние между линиями 240
расстояние до рельсов Понзо 20
ширина линий 4
всего опытов 20
OPEL3_WIDTH:209
671 255  8779
864 247  9964
672 483  11304
873 487  12421
Воспроизведение
652 237  13552
652 237  13552
652 237  13589
866 229  15013
638 475  16047
890 467  16967
OPEL3_WIDTH:152
698 247  1515
843 244  2479
698 483  3659
845 487  4937
Воспроизведение
657 276  6240
822 269  7024
675 496  7933
842 500  8927
OPEL3_WIDTH:171
681 255  1237
855 246  2445
682 482  3385
850 487  4477
Воспроизведение
639 261  6194
817 259  7017
662 513  8087
829 508  8820
OPEL3_WIDTH:209
662 251  1371
870 243  3062
674 490  4337
879 490  5947
Воспроизведение
633 264  7283
828 266  8310
650 494  9182
872 483  10177
OPEL3_WIDTH:247
642 243  1554
886 245  3416
649 490  4439
890 489  5793
Воспроизведение
641 257  7016
868 263  8154
650 516  9050
891 509  10209
OPEL3_WIDTH:266
636 253  1513
899 250  3218
638 487  4288
902 483  6084
Воспроизведение
614 258  7835
882 254  8881
626 507  9714
910 505  10761
OPEL3_WIDTH:152
694 251  2053
844 248  2963
701 493  3884
853 491  5075
Воспроизведение
682 261  6719
847 261  7592
675 524  8425
862 525  9298
OPEL3_WIDTH:171
686 246  1278
848 254  2335
689 491  3517
850 490  4670
Воспроизведение
663 266  6066
844 270  7037
682 488  7827
866 486  8852
OPEL3_WIDTH:247
652 237  1590
892 247  3326
648 490  4317
897 483  6151
Воспроизведение
636 251  7386
886 259  8745
638 486  9687
877 486  10869
OPEL3_WIDTH:266
638 253  1220
890 247  3004
628 483  3859
901 483  5413
Воспроизведение
629 255  6547
886 263  7451
632 492  8159
913 492  9328
NO_ILLUSION0_WIDTH:247
646 251  1324
887 251  2967
647 492  3905
889 482  5318
Воспроизведение
600 263  6712
844 263  7639
617 516  8415
869 520  9296
NO_ILLUSION0_WIDTH:266
631 247  1124
893 251  2491
635 499  3294
899 493  4670
Воспроизведение
637 264  5837
890 258  6785
636 497  7619
894 489  8599
NO_ILLUSION0_WIDTH:209
668 242  1167
866 253  2191
674 501  3094
872 491  4152
Воспроизведение
634 261  5270
868 257  6122
650 508  6879
876 508  7683
NO_ILLUSION0_WIDTH:171
681 246  863
842 253  1857
698 495  2896
846 490  3788
Воспроизведение
679 255  4882
858 264  5719
713 487  6303
880 495  7345
NO_ILLUSION0_WIDTH:209
661 251  2520
866 253  3815
669 491  4707
864 493  5693
Воспроизведение
651 262  6843
852 266  7711
645 515  8530
854 519  9209
NO_ILLUSION0_WIDTH:152
702 248  1471
842 254  2420
701 495  3480
850 491  4437
Воспроизведение
678 249  5648
837 256  6412
691 506  7182
858 508  7877
NO_ILLUSION0_WIDTH:266
636 244  1274
898 252  2883
642 499  3889
900 488  5266
Воспроизведение
626 258  6257
871 257  7142
650 512  8008
900 510  8880
NO_ILLUSION0_WIDTH:171
687 254  1024
851 255  1928
681 493  2762
849 492  3625
Воспроизведение
670 259  4592
841 265  5342
688 486  6104
876 493  6972
NO_ILLUSION0_WIDTH:152
692 249  1092
838 252  2084
695 492  3090
838 489  4021
Воспроизведение
664 267  5191
806 272  5866
672 510  6748
843 503  7654
NO_ILLUSION0_WIDTH:247
642 251  944
883 255  2304
644 497  3232
887 485  4576
Воспроизведение
634 245  5617
866 246  6548
645 505  7225
873 500  7952
