не показывать курсор
тип стимула OPEL_TOP
перпендикулярные отрезки в Оппель-Кундта каждые... пикс 19
высота перпендикулярных отрезков в Оппель-Кундта 20
угол стрелок 45
длина стрелок 20
длина штанги (1я часть) 1 152
длина штанги (1я часть) 2 171
длина штанги (1я часть) 3 209
длина штанги (1я часть) 4 247
длина штанги (1я часть) 5 266
длина штанги (1я часть) 6 152
длина штанги (1я часть) 7 171
длина штанги (1я часть) 8 209
длина штанги (1я часть) 9 247
длина штанги (1я часть) 10 266
длина штанги (2я часть) 1 152
длина штанги (2я часть) 2 171
длина штанги (2я часть) 3 209
длина штанги (2я часть) 4 247
длина штанги (2я часть) 5 266
длина штанги (2я часть) 6 152
длина штанги (2я часть) 7 171
длина штанги (2я часть) 8 209
длина штанги (2я часть) 9 247
длина штанги (2я часть) 10 266
длина "закрывашек" 20
расстояние между линиями 240
расстояние до рельсов Понзо 20
ширина линий 4
всего опытов 20
OPEL3_WIDTH:152
677 245  7002
835 253  7901
696 474  8655
834 489  9521
Воспроизведение
668 233  10683
819 238  11236
674 479  11882
854 474  12497
OPEL3_WIDTH:266
642 239  946
890 250  1890
634 485  2724
886 487  3923
Воспроизведение
618 248  5134
861 247  5828
632 464  6599
910 476  7522
OPEL3_WIDTH:266
634 247  810
901 259  1625
626 484  2239
886 490  3373
Воспроизведение
631 253  4429
874 253  5012
627 475  5736
892 468  6619
OPEL3_WIDTH:209
651 257  985
866 255  1755
663 488  2468
862 489  3304
Воспроизведение
648 255  4502
862 259  5102
650 480  5778
885 488  6489
OPEL3_WIDTH:247
643 241  1186
888 254  2137
644 488  2843
890 489  3730
Воспроизведение
628 258  4658
866 261  5255
656 476  5931
923 474  6747
OPEL3_WIDTH:247
635 245  1215
886 250  2209
640 479  3012
893 489  3908
Воспроизведение
597 229  5062
891 245  5789
624 471  6455
915 467  7319
OPEL3_WIDTH:171
692 249  1216
862 250  1816
686 487  2540
854 493  3314
Воспроизведение
648 247  4566
850 249  5128
670 487  5791
870 492  6517
OPEL3_WIDTH:152
686 252  1053
842 250  1748
704 492  2459
842 490  3084
Воспроизведение
654 246  4844
866 258  5586
694 500  6313
869 505  6928
OPEL3_WIDTH:209
647 244  929
872 250  2130
667 495  3063
863 491  4028
Воспроизведение
642 241  5121
864 241  5687
648 503  6375
896 502  7101
OPEL3_WIDTH:171
680 242  1094
850 251  1899
665 481  2623
858 495  3316
Воспроизведение
655 249  4405
851 239  4969
652 468  5651
866 464  6310
NO_ILLUSION0_WIDTH:266
636 248  1038
894 251  2032
628 492  2703
891 489  3804
Воспроизведение
624 250  4687
624 250  4687
630 258  5236
875 255  5904
622 487  6514
882 494  7271
NO_ILLUSION0_WIDTH:152
678 234  722
844 259  1284
686 488  1836
839 491  2452
Воспроизведение
690 258  3489
848 255  4089
697 481  4750
858 488  5335
NO_ILLUSION0_WIDTH:152
694 259  789
841 251  1404
686 486  2128
835 495  2917
Воспроизведение
671 257  4003
848 257  4652
670 485  5203
872 487  5900
NO_ILLUSION0_WIDTH:266
634 259  599
910 259  1415
630 494  1945
885 487  2716
Воспроизведение
619 246  3705
864 246  4357
623 488  4952
904 478  5791
NO_ILLUSION0_WIDTH:209
669 255  1165
865 250  1780
662 483  2536
850 473  3009
Воспроизведение
652 261  4101
860 249  4604
645 493  5170
912 499  5739
NO_ILLUSION0_WIDTH:171
673 248  806
834 253  1370
692 494  2087
854 487  2748
Воспроизведение
663 246  3711
869 247  4247
669 510  4877
883 515  5524
NO_ILLUSION0_WIDTH:247
632 244  1056
886 256  1752
642 485  2303
877 498  3016
Воспроизведение
622 257  4386
862 263  4844
635 510  5396
916 507  6011
NO_ILLUSION0_WIDTH:171
677 248  1010
838 256  1531
672 493  2099
850 489  2863
Воспроизведение
631 254  4037
829 263  4479
648 487  5030
841 490  5615
NO_ILLUSION0_WIDTH:247
618 255  1455
886 249  2174
646 495  2913
882 496  3760
Воспроизведение
638 259  4938
866 261  5617
641 495  6326
887 494  7041
NO_ILLUSION0_WIDTH:209
654 245  1011
867 254  1628
651 495  2241
881 485  2920
Воспроизведение
636 253  4083
873 245  4568
631 493  5128
864 490  5743
