не показывать курсор
тип стимула OPEL_TOP
перпендикулярные отрезки в Оппель-Кундта каждые... пикс 19
высота перпендикулярных отрезков в Оппель-Кундта 20
угол стрелок 45
длина стрелок 20
длина штанги (1я часть) 1 152
длина штанги (1я часть) 2 171
длина штанги (1я часть) 3 209
длина штанги (1я часть) 4 247
длина штанги (1я часть) 5 266
длина штанги (1я часть) 6 152
длина штанги (1я часть) 7 171
длина штанги (1я часть) 8 209
длина штанги (1я часть) 9 247
длина штанги (1я часть) 10 266
длина штанги (2я часть) 1 152
длина штанги (2я часть) 2 171
длина штанги (2я часть) 3 209
длина штанги (2я часть) 4 247
длина штанги (2я часть) 5 266
длина штанги (2я часть) 6 152
длина штанги (2я часть) 7 171
длина штанги (2я часть) 8 209
длина штанги (2я часть) 9 247
длина штанги (2я часть) 10 266
длина "закрывашек" 20
расстояние между линиями 240
расстояние до рельсов Понзо 20
ширина линий 4
всего опытов 20
OPEL3_WIDTH:247
650 248  2918
898 247  4626
650 486  6153
892 483  7402
Воспроизведение
603 264  8878
906 234  10165
599 491  11382
875 486  12721
OPEL3_WIDTH:209
672 252  1386
869 239  2490
670 481  3667
873 488  4887
Воспроизведение
595 282  6433
871 260  7601
604 499  8720
858 488  10268
OPEL3_WIDTH:152
700 251  1441
851 247  2431
700 491  3567
846 486  4564
Воспроизведение
630 327  5848
836 304  6979
654 480  7886
860 472  9098
OPEL3_WIDTH:266
641 254  884
641 254  884
641 254  936
898 245  2847
642 484  4051
893 483  5595
Воспроизведение
615 273  6788
870 263  8119
621 491  9150
895 487  10685
OPEL3_WIDTH:266
641 254  1252
900 246  2715
638 488  3937
902 490  5788
Воспроизведение
597 257  7885
875 255  9360
598 472  10589
892 460  12164
OPEL3_WIDTH:247
641 254  1244
886 246  3015
650 486  4218
890 488  5853
Воспроизведение
609 271  7116
894 257  8663
600 517  9813
870 505  11575
OPEL3_WIDTH:209
662 247  1267
875 249  2472
667 482  3509
874 482  4803
Воспроизведение
636 276  6036
874 283  7258
627 493  8072
872 484  9439
OPEL3_WIDTH:171
682 244  1306
852 248  2312
693 482  3264
864 487  4207
Воспроизведение
654 239  5669
875 232  6775
618 491  7946
831 491  9114
OPEL3_WIDTH:152
704 249  1091
846 249  1882
701 489  2815
858 487  3625
Воспроизведение
644 282  4994
858 291  5829
650 486  6979
857 475  7968
OPEL3_WIDTH:171
684 239  1249
857 244  2328
686 485  3419
855 488  4442
Воспроизведение
623 262  6156
846 263  7298
622 432  8335
844 434  9567
NO_ILLUSION0_WIDTH:247
651 257  1227
896 249  2476
650 491  3780
896 487  5083
Воспроизведение
600 263  6846
899 259  8275
577 483  9563
880 490  11109
NO_ILLUSION0_WIDTH:171
683 255  1361
853 254  2305
690 487  2977
690 487  2977
690 487  3017
849 484  4284
Воспроизведение
640 276  5729
876 268  6757
638 498  7936
854 497  9167
NO_ILLUSION0_WIDTH:209
665 250  1386
876 247  2742
666 486  3941
874 488  5405
Воспроизведение
580 262  6638
850 254  8192
585 465  9265
847 469  10998
NO_ILLUSION0_WIDTH:247
653 247  1614
891 247  2953
648 484  4253
897 480  5782
Воспроизведение
626 244  7156
899 233  8693
642 496  9830
902 487  11404
NO_ILLUSION0_WIDTH:266
637 255  1300
899 248  2620
645 489  3873
906 488  5284
Воспроизведение
606 257  6546
904 249  8073
594 496  9360
868 495  10923
NO_ILLUSION0_WIDTH:152
698 244  1049
851 246  1859
703 495  2921
850 491  3748
Воспроизведение
642 270  4998
854 267  5880
659 471  6744
856 467  7730
NO_ILLUSION0_WIDTH:209
666 252  1343
878 250  2555
674 487  3541
875 485  4789
Воспроизведение
650 294  5857
910 307  7242
654 521  8119
898 513  9573
NO_ILLUSION0_WIDTH:266
631 248  1179
908 243  2680
645 487  3351
645 487  3351
645 487  3392
892 484  5180
Воспроизведение
600 276  6289
895 291  7727
567 508  8898
886 490  10510
NO_ILLUSION0_WIDTH:171
682 256  1036
856 247  1917
694 487  2887
854 487  3857
Воспроизведение
650 274  5060
883 264  6059
654 476  6864
872 463  8067
NO_ILLUSION0_WIDTH:152
694 239  1112
858 250  1965
701 492  3096
856 482  4048
Воспроизведение
649 282  5345
839 273  6163
647 468  7226
842 471  8233
