не показывать курсор
тип стимула OPEL_TOP
перпендикулярные отрезки в Оппель-Кундта каждые... пикс 19
высота перпендикулярных отрезков в Оппель-Кундта 20
угол стрелок 45
длина стрелок 20
длина штанги (1я часть) 1 152
длина штанги (1я часть) 2 171
длина штанги (1я часть) 3 209
длина штанги (1я часть) 4 247
длина штанги (1я часть) 5 266
длина штанги (1я часть) 6 152
длина штанги (1я часть) 7 171
длина штанги (1я часть) 8 209
длина штанги (1я часть) 9 247
длина штанги (1я часть) 10 266
длина штанги (2я часть) 1 152
длина штанги (2я часть) 2 171
длина штанги (2я часть) 3 209
длина штанги (2я часть) 4 247
длина штанги (2я часть) 5 266
длина штанги (2я часть) 6 152
длина штанги (2я часть) 7 171
длина штанги (2я часть) 8 209
длина штанги (2я часть) 9 247
длина штанги (2я часть) 10 266
длина "закрывашек" 20
расстояние между линиями 240
расстояние до рельсов Понзо 20
ширина линий 4
всего опытов 20
OPEL3_WIDTH:266
638 253  4506
915 247  6168
645 482  8215
919 489  9839
Воспроизведение
565 195  13467
843 203  16110
575 476  18161
840 467  19939
OPEL3_WIDTH:247
651 254  1823
898 247  3899
658 482  5628
894 487  7577
Воспроизведение
620 263  10031
901 273  12375
626 493  13790
900 487  15676
OPEL3_WIDTH:209
661 240  2078
874 246  3678
674 492  4966
882 486  6314
Воспроизведение
652 275  8198
881 273  9823
671 477  11131
854 475  12440
OPEL3_WIDTH:209
669 250  1660
874 254  2962
673 483  3950
870 487  5090
Воспроизведение
651 275  6732
867 289  8188
652 493  9294
874 487  10525
OPEL3_WIDTH:152
690 247  1506
830 247  2457
698 479  3611
Воспроизведение
840 487  4598
673 289  5882
843 290  7042
679 473  8139
847 466  9072
OPEL3_WIDTH:171
683 248  1488
856 244  2656
685 482  3667
852 486  4709
Воспроизведение
640 276  6424
886 268  7700
641 503  8788
854 506  10081
OPEL3_WIDTH:152
690 245  1419
845 248  2478
698 485  3604
846 482  4647
Воспроизведение
651 291  6231
833 291  7093
673 443  8314
866 439  9410
OPEL3_WIDTH:171
670 240  1262
843 247  2303
694 491  3324
849 489  4311
Воспроизведение
649 300  5701
897 307  7022
624 487  8224
870 491  9553
OPEL3_WIDTH:247
638 245  1439
898 245  3396
650 488  4372
902 482  6088
Воспроизведение
626 257  7709
906 255  9316
630 504  10390
882 499  12006
OPEL3_WIDTH:266
638 251  1575
905 242  3129
645 483  4069
906 479  5569
Воспроизведение
617 270  6932
938 273  8352
619 506  9308
934 488  10736
NO_ILLUSION0_WIDTH:247
650 240  1408
889 242  2693
651 477  3573
902 481  4776
Воспроизведение
600 247  6060
874 258  7390
638 481  8477
918 477  10005
NO_ILLUSION0_WIDTH:266
645 251  1504
905 244  3014
641 494  3942
906 485  5297
Воспроизведение
594 263  6671
868 262  7938
574 452  9003
864 447  10278
NO_ILLUSION0_WIDTH:266
634 248  1439
907 252  2707
642 483  3712
904 486  4907
Воспроизведение
599 274  6343
898 275  7468
622 472  8646
897 459  9957
NO_ILLUSION0_WIDTH:152
697 240  1245
838 241  2027
702 490  2988
848 480  3832
Воспроизведение
626 267  5180
792 274  5826
614 448  6714
795 448  7403
NO_ILLUSION0_WIDTH:171
689 245  1274
865 248  2190
682 482  3145
870 479  4069
Воспроизведение
589 247  5522
870 258  6437
625 356  7312
872 372  8146
NO_ILLUSION0_WIDTH:247
639 249  1250
892 250  2687
653 482  3464
918 484  4819
Воспроизведение
618 268  6146
965 271  7394
625 437  8210
904 443  9612
NO_ILLUSION0_WIDTH:152
695 243  1222
844 248  2174
702 480  3033
844 482  3949
Воспроизведение
636 251  5449
829 254  6366
675 383  7352
846 380  8395
NO_ILLUSION0_WIDTH:209
675 255  1407
879 247  2558
675 496  3687
892 485  4874
Воспроизведение
624 251  6241
975 259  7537
684 419  8376
920 423  9527
NO_ILLUSION0_WIDTH:209
672 240  1415
872 246  2485
672 485  3425
895 479  4376
Воспроизведение
646 245  6085
891 243  7137
658 452  8091
933 439  9251
NO_ILLUSION0_WIDTH:171
681 244  1300
856 254  2233
692 487  3087
882 487  4020
Воспроизведение
654 288  5245
832 291  6027
652 458  6896
841 452  7884
