не показывать курсор
тип стимула OPEL_TOP
перпендикулярные отрезки в Оппель-Кундта каждые... пикс 19
высота перпендикулярных отрезков в Оппель-Кундта 20
угол стрелок 45
длина стрелок 20
длина штанги (1я часть) 1 152
длина штанги (1я часть) 2 171
длина штанги (1я часть) 3 209
длина штанги (1я часть) 4 247
длина штанги (1я часть) 5 266
длина штанги (1я часть) 6 152
длина штанги (1я часть) 7 171
длина штанги (1я часть) 8 209
длина штанги (1я часть) 9 247
длина штанги (1я часть) 10 266
длина штанги (2я часть) 1 152
длина штанги (2я часть) 2 171
длина штанги (2я часть) 3 209
длина штанги (2я часть) 4 247
длина штанги (2я часть) 5 266
длина штанги (2я часть) 6 152
длина штанги (2я часть) 7 171
длина штанги (2я часть) 8 209
длина штанги (2я часть) 9 247
длина штанги (2я часть) 10 266
длина "закрывашек" 20
расстояние между линиями 240
расстояние до рельсов Понзо 20
ширина линий 4
всего опытов 20
OPEL3_WIDTH:209
669 253  1972
862 244  3447
674 479  4738
861 487  5812
Воспроизведение
673 250  7227
882 250  8528
663 523  9787
903 520  11196
OPEL3_WIDTH:247
633 244  1211
877 251  2962
650 496  4223
888 495  5455
Воспроизведение
652 252  6951
877 249  8340
644 515  9381
890 521  10555
OPEL3_WIDTH:266
639 245  1371
886 247  3137
642 486  4334
894 488  5771
Воспроизведение
630 237  7691
873 235  8781
627 512  9762
884 514  11077
OPEL3_WIDTH:171
679 249  1527
847 246  2965
686 483  4267
845 486  5424
Воспроизведение
678 255  6938
882 251  8320
661 522  9623
854 526  11159
OPEL3_WIDTH:152
694 251  1744
831 248  2699
694 486  3939
848 494  4793
Воспроизведение
704 243  6840
871 239  8149
666 542  9320
870 539  10517
OPEL3_WIDTH:152
694 251  1483
834 251  2711
700 496  4165
832 491  5157
Воспроизведение
700 252  6737
878 251  7735
697 500  8906
872 507  9605
OPEL3_WIDTH:247
649 247  1545
876 249  3178
649 491  4820
875 491  6170
Воспроизведение
654 247  7844
923 252  9117
624 538  10500
902 533  11960
OPEL3_WIDTH:266
642 249  1267
888 247  2484
634 491  3776
901 498  5144
Воспроизведение
639 253  6468
902 267  7529
631 543  8570
900 547  9664
OPEL3_WIDTH:209
653 246  1469
866 251  2669
663 491  4028
853 489  5091
Воспроизведение
662 252  6667
900 248  7577
654 548  9151
902 546  10185
OPEL3_WIDTH:171
694 259  1673
836 249  3054
687 491  4459
843 495  5201
Воспроизведение
685 251  6627
890 251  7672
699 511  8724
901 511  9676
NO_ILLUSION0_WIDTH:171
682 252  1546
852 246  2514
679 487  3658
843 490  4699
Воспроизведение
682 245  6102
849 247  6943
684 509  7920
878 511  8874
NO_ILLUSION0_WIDTH:247
640 250  1387
879 250  2703
646 500  4012
890 493  5366
Воспроизведение
630 255  6734
923 260  7930
623 527  8871
859 533  10012
NO_ILLUSION0_WIDTH:266
629 247  1539
888 246  3011
626 486  4274
899 487  5623
Воспроизведение
643 251  7100
892 249  8357
640 546  9555
881 543  10786
NO_ILLUSION0_WIDTH:209
666 249  1355
862 254  2330
660 499  3431
863 489  4587
Воспроизведение
675 258  6077
896 256  6901
669 515  7979
884 510  9141
NO_ILLUSION0_WIDTH:152
698 259  1560
828 251  2387
698 488  3552
855 495  4324
Воспроизведение
708 242  5823
868 247  6489
698 492  7498
864 481  8256
NO_ILLUSION0_WIDTH:247
637 243  1383
878 251  2675
644 497  3854
889 486  4990
Воспроизведение
643 255  6280
902 251  7319
625 515  8541
888 530  9537
NO_ILLUSION0_WIDTH:152
696 245  1513
840 243  2270
701 490  3531
837 488  4326
Воспроизведение
688 251  5880
866 247  6664
682 503  7910
857 500  8693
NO_ILLUSION0_WIDTH:171
678 239  1362
846 249  2223
683 488  3317
846 486  4169
Воспроизведение
689 251  5432
855 243  6122
676 520  7095
864 530  7944
NO_ILLUSION0_WIDTH:266
636 235  1471
891 248  2610
630 490  3617
891 488  4785
Воспроизведение
626 242  6036
902 247  7088
633 507  7983
890 515  9054
NO_ILLUSION0_WIDTH:209
664 239  1167
856 247  2182
663 494  3379
874 500  4248
Воспроизведение
654 250  6106
886 258  7156
674 547  8639
863 543  9700
