не показывать курсор
тип стимула OPEL_TOP
перпендикулярные отрезки в Оппель-Кундта каждые... пикс 19
высота перпендикулярных отрезков в Оппель-Кундта 20
угол стрелок 45
длина стрелок 20
длина штанги (1я часть) 1 152
длина штанги (1я часть) 2 171
длина штанги (1я часть) 3 209
длина штанги (1я часть) 4 247
длина штанги (1я часть) 5 266
длина штанги (1я часть) 6 152
длина штанги (1я часть) 7 171
длина штанги (1я часть) 8 209
длина штанги (1я часть) 9 247
длина штанги (1я часть) 10 266
длина штанги (2я часть) 1 152
длина штанги (2я часть) 2 171
длина штанги (2я часть) 3 209
длина штанги (2я часть) 4 247
длина штанги (2я часть) 5 266
длина штанги (2я часть) 6 152
длина штанги (2я часть) 7 171
длина штанги (2я часть) 8 209
длина штанги (2я часть) 9 247
длина штанги (2я часть) 10 266
длина "закрывашек" 20
расстояние между линиями 240
расстояние до рельсов Понзо 20
ширина линий 4
всего опытов 20
OPEL3_WIDTH:171
692 244  50504
841 257  51167
680 493  52014
838 490  52931
Воспроизведение
645 231  55361
850 227  56452
629 470  57977
866 465  59319
OPEL3_WIDTH:171
678 252  1736
835 255  2914
674 489  4307
839 492  5554
Воспроизведение
684 236  7321
851 240  8803
662 475  10301
857 474  11741
OPEL3_WIDTH:152
681 241  1843
824 244  3375
686 495  4885
825 488  6620
Воспроизведение
673 243  9224
860 248  11120
653 531  12333
853 523  14074
OPEL3_WIDTH:247
638 250  2302
866 245  4583
631 483  5851
865 488  7320
Воспроизведение
627 257  9146
896 255  11059
608 511  12366
895 511  13959
OPEL3_WIDTH:266
628 251  1796
874 244  3833
623 488  5036
873 489  6892
Воспроизведение
642 252  9143
899 255  11005
622 527  12439
912 519  14490
OPEL3_WIDTH:247
645 239  1787
879 245  4178
646 499  5953
860 482  7247
Воспроизведение
638 254  8707
861 252  10300
600 499  11450
880 487  13294
OPEL3_WIDTH:152
688 251  1970
823 243  3124
675 485  4033
815 487  5104
Воспроизведение
703 245  7473
855 243  8655
679 495  9772
854 491  10957
OPEL3_WIDTH:209
646 249  1773
844 249  3127
650 485  4403
849 485  5822
Воспроизведение
663 257  7586
883 249  9116
657 515  10265
866 507  11513
OPEL3_WIDTH:266
626 252  1699
880 245  3605
645 485  4659
874 486  6091
Воспроизведение
617 253  7917
896 251  9510
614 535  10696
894 528  12221
OPEL3_WIDTH:209
670 249  2926
842 247  4366
652 485  5653
847 487  6946
Воспроизведение
663 242  9165
862 238  10507
638 518  11733
855 510  12774
NO_ILLUSION0_WIDTH:171
673 253  1749
831 249  3296
672 491  4418
825 484  5679
Воспроизведение
678 253  7695
898 244  9084
669 524  10018
881 519  11343
NO_ILLUSION0_WIDTH:152
699 253  2213
834 254  3083
697 487  4164
835 483  5050
Воспроизведение
689 244  6971
832 243  7839
682 524  8989
852 522  10006
NO_ILLUSION0_WIDTH:266
618 262  1435
880 250  2998
624 489  4043
880 484  5448
Воспроизведение
626 247  6913
900 243  8323
650 527  9898
926 519  11668
NO_ILLUSION0_WIDTH:247
643 253  1772
869 247  3413
627 483  4469
862 487  5908
Воспроизведение
634 246  7592
873 245  8831
634 523  10108
879 519  11626
NO_ILLUSION0_WIDTH:209
650 243  1732
846 242  3183
663 489  4064
851 485  5342
Воспроизведение
654 249  7122
862 245  8216
674 538  9463
892 532  10773
NO_ILLUSION0_WIDTH:152
694 240  1748
822 245  2508
687 487  3736
823 485  4952
Воспроизведение
685 251  6777
848 243  7931
694 520  8932
864 521  9881
NO_ILLUSION0_WIDTH:171
667 238  1619
827 243  2689
671 483  3708
824 484  4846
Воспроизведение
675 244  6699
864 239  7970
668 549  9198
752 547  9534
679 541  10446
821 543  11327
NO_ILLUSION0_WIDTH:266
623 253  1531
873 249  2968
630 484  3927
878 490  5506
Воспроизведение
623 245  7159
871 241  8408
629 489  9371
802 495  10111
612 491  10741
859 483  12020
NO_ILLUSION0_WIDTH:209
654 261  1765
850 255  3312
644 491  4542
848 487  5950
Воспроизведение
663 243  8108
874 239  9515
678 479  10968
883 464  12168
NO_ILLUSION0_WIDTH:247
621 250  1305
867 247  3057
634 488  4438
866 483  6107
Воспроизведение
632 247  7571
903 240  9668
653 495  11027
918 483  12870
