не показывать курсор
тип стимула OPEL_TOP
перпендикулярные отрезки в Оппель-Кундта каждые... пикс 19
высота перпендикулярных отрезков в Оппель-Кундта 20
угол стрелок 45
длина стрелок 20
длина штанги (1я часть) 1 152
длина штанги (1я часть) 2 171
длина штанги (1я часть) 3 209
длина штанги (1я часть) 4 247
длина штанги (1я часть) 5 266
длина штанги (1я часть) 6 152
длина штанги (1я часть) 7 171
длина штанги (1я часть) 8 209
длина штанги (1я часть) 9 247
длина штанги (1я часть) 10 266
длина штанги (2я часть) 1 152
длина штанги (2я часть) 2 171
длина штанги (2я часть) 3 209
длина штанги (2я часть) 4 247
длина штанги (2я часть) 5 266
длина штанги (2я часть) 6 152
длина штанги (2я часть) 7 171
длина штанги (2я часть) 8 209
длина штанги (2я часть) 9 247
длина штанги (2я часть) 10 266
длина "закрывашек" 20
расстояние между линиями 240
расстояние до рельсов Понзо 20
ширина линий 4
всего опытов 20
OPEL3_WIDTH:247
646 249  7481
884 249  8503
650 485  9709
883 491  10750
Воспроизведение
636 237  13035
901 244  14026
602 519  15434
869 518  16616
OPEL3_WIDTH:152
698 250  1831
845 243  2667
692 483  3919
842 481  4689
Воспроизведение
680 241  6977
850 243  7639
671 508  8830
853 509  9491
OPEL3_WIDTH:171
850 243  1754
685 242  2447
854 487  3598
688 487  4257
Воспроизведение
850 243  6094
684 243  6706
857 507  8214
682 494  8765
OPEL3_WIDTH:266
634 245  1566
905 247  2383
637 486  3240
904 487  4428
Воспроизведение
626 221  6636
903 223  7689
627 514  9085
896 516  10130
OPEL3_WIDTH:152
693 247  1786
845 251  2384
695 488  3699
844 487  4314
Воспроизведение
683 227  6007
854 236  6637
698 527  7984
874 543  8771
OPEL3_WIDTH:209
660 244  1551
874 249  2389
661 486  3343
878 490  4241
Воспроизведение
651 242  5736
869 251  6407
646 534  7549
851 537  8319
OPEL3_WIDTH:171
677 246  1769
853 250  2382
680 486  3400
850 490  4219
Воспроизведение
677 228  6303
870 225  6916
677 489  8279
873 494  8986
OPEL3_WIDTH:266
629 242  1689
912 253  2690
630 482  4036
902 481  5107
Воспроизведение
623 227  6642
906 236  7493
624 510  9201
903 512  10034
OPEL3_WIDTH:247
897 253  1629
656 250  2530
896 487  3656
652 486  4725
Воспроизведение
880 230  6841
597 233  7850
889 519  9463
618 504  10613
OPEL3_WIDTH:209
662 242  1488
875 244  2368
660 486  3278
871 486  4208
Воспроизведение
654 251  5870
870 249  6973
652 544  8477
873 541  9665
NO_ILLUSION0_WIDTH:247
642 251  1606
903 253  2597
643 484  3991
887 487  4922
Воспроизведение
646 251  6521
881 247  7482
641 531  8530
900 543  9538
NO_ILLUSION0_WIDTH:171
679 244  1940
855 247  2982
682 484  4097
860 491  4979
Воспроизведение
678 246  6248
851 247  6924
654 522  8247
854 535  8987
NO_ILLUSION0_WIDTH:152
854 255  1644
707 249  2180
860 491  3211
697 487  4046
Воспроизведение
847 251  5486
712 247  6176
854 535  7741
674 537  8606
NO_ILLUSION0_WIDTH:266
631 245  1461
906 248  2473
642 487  3475
900 485  4558
Воспроизведение
633 251  5998
909 248  7019
624 530  8073
906 539  9016
NO_ILLUSION0_WIDTH:152
694 246  1361
843 246  1991
697 488  3026
846 488  3653
Воспроизведение
686 246  4971
830 247  5710
688 514  6914
823 515  7495
NO_ILLUSION0_WIDTH:266
637 243  1758
902 249  2794
640 487  3812
906 489  4866
Воспроизведение
630 252  6403
910 263  7445
623 519  8823
895 527  9751
NO_ILLUSION0_WIDTH:209
878 495  1268
666 481  2242
881 253  3526
668 248  4485
Воспроизведение
862 502  6603
658 486  7263
855 259  8296
645 259  9210
NO_ILLUSION0_WIDTH:247
902 492  1439
649 499  2333
892 256  3433
646 253  4345
Воспроизведение
880 474  6147
611 472  7029
863 191  8157
596 199  9401
NO_ILLUSION0_WIDTH:171
682 486  1520
860 490  2306
678 248  3432
870 255  4253
Воспроизведение
690 487  5682
842 491  6311
658 224  7365
873 233  8493
NO_ILLUSION0_WIDTH:209
878 491  1363
670 486  2149
875 251  2996
667 240  3830
Воспроизведение
876 493  5584
678 490  6526
881 209  7686
642 202  8607
