не показывать курсор
тип стимула OPEL_TOP
перпендикулярные отрезки в Оппель-Кундта каждые... пикс 19
высота перпендикулярных отрезков в Оппель-Кундта 20
угол стрелок 45
длина стрелок 20
длина штанги (1я часть) 1 152
длина штанги (1я часть) 2 171
длина штанги (1я часть) 3 209
длина штанги (1я часть) 4 247
длина штанги (1я часть) 5 266
длина штанги (1я часть) 6 152
длина штанги (1я часть) 7 171
длина штанги (1я часть) 8 209
длина штанги (1я часть) 9 247
длина штанги (1я часть) 10 266
длина штанги (2я часть) 1 152
длина штанги (2я часть) 2 171
длина штанги (2я часть) 3 209
длина штанги (2я часть) 4 247
длина штанги (2я часть) 5 266
длина штанги (2я часть) 6 152
длина штанги (2я часть) 7 171
длина штанги (2я часть) 8 209
длина штанги (2я часть) 9 247
длина штанги (2я часть) 10 266
длина "закрывашек" 20
расстояние между линиями 240
расстояние до рельсов Понзо 20
ширина линий 4
всего опытов 20
OPEL3_WIDTH:266
679 242  2475
908 246  3376
645 485  4842
896 487  5961
Воспроизведение
651 251  8104
894 257  8875
643 497  10047
900 505  10961
OPEL3_WIDTH:152
685 249  1753
852 253  2587
702 495  3620
854 504  4250
Воспроизведение
704 251  5893
844 243  6571
700 480  7809
854 483  8657
OPEL3_WIDTH:209
654 247  1789
863 245  2765
661 486  3736
874 487  4679
Воспроизведение
648 241  6263
862 237  7112
657 477  8287
867 483  9358
OPEL3_WIDTH:152
862 237  1362
686 245  2117
858 491  3306
701 490  3981
Воспроизведение
834 232  5892
662 219  6465
836 483  7743
681 483  8420
OPEL3_WIDTH:209
654 255  1388
872 247  2169
652 499  3127
877 502  3929
Воспроизведение
663 243  5284
882 243  6068
655 481  7117
898 499  7859
OPEL3_WIDTH:171
858 249  1158
678 247  1726
863 480  2819
705 486  3464
Воспроизведение
846 243  4935
676 239  5613
854 507  6834
698 500  7593
OPEL3_WIDTH:247
631 234  1440
890 244  2322
650 483  3371
902 478  4094
Воспроизведение
674 238  5695
866 257  6561
625 451  7672
871 458  8443
OPEL3_WIDTH:171
859 479  1363
701 488  2102
862 241  2995
683 247  3700
Воспроизведение
843 480  4944
681 477  5545
866 257  6476
665 249  7290
OPEL3_WIDTH:266
626 247  1283
906 242  2166
630 485  3096
911 486  3969
Воспроизведение
624 247  5444
905 248  6183
635 482  7169
886 480  7876
OPEL3_WIDTH:247
884 240  1238
651 236  1994
899 481  3042
651 495  3797
Воспроизведение
882 257  5567
616 257  6576
866 488  7660
603 503  8464
NO_ILLUSION0_WIDTH:266
638 487  1230
891 487  2061
634 251  2937
912 256  3681
Воспроизведение
634 471  5923
898 484  6684
617 255  7729
898 255  8627
NO_ILLUSION0_WIDTH:171
860 490  1270
706 492  1866
862 255  2732
685 255  3287
Воспроизведение
856 482  4706
684 481  5386
862 261  6230
666 255  6923
NO_ILLUSION0_WIDTH:247
636 247  1346
878 240  2118
650 478  3072
879 483  3877
Воспроизведение
640 260  5473
888 256  6183
643 472  7251
873 479  8101
NO_ILLUSION0_WIDTH:152
843 480  1518
698 483  2054
853 249  3102
705 255  3699
Воспроизведение
851 487  5030
701 495  5835
842 251  6759
660 255  7508
NO_ILLUSION0_WIDTH:171
675 490  1280
851 481  2005
679 241  3076
866 248  3691
Воспроизведение
675 483  4990
840 498  5558
665 259  6656
836 265  7395
NO_ILLUSION0_WIDTH:209
881 500  1346
668 483  2134
881 261  3119
672 251  3829
Воспроизведение
874 483  5415
669 470  6228
857 260  7194
654 243  7956
NO_ILLUSION0_WIDTH:209
673 254  1332
869 255  2059
662 487  3033
878 496  3678
Воспроизведение
656 243  5120
884 246  5829
672 471  6989
846 475  7652
NO_ILLUSION0_WIDTH:266
900 255  1319
651 252  2103
915 497  3073
654 477  3914
Воспроизведение
884 245  5207
634 247  5898
901 477  7055
646 467  7732
NO_ILLUSION0_WIDTH:247
646 253  1021
894 259  1748
637 491  2548
898 499  3222
Воспроизведение
632 243  4787
888 265  5368
649 507  6394
899 500  7144
NO_ILLUSION0_WIDTH:152
861 488  1238
707 487  1694
850 245  2618
704 239  3107
Воспроизведение
841 486  4578
705 489  4988
838 263  5942
682 257  6524
