не показывать курсор
тип стимула OPEL_TOP
перпендикулярные отрезки в Оппель-Кундта каждые... пикс 19
высота перпендикулярных отрезков в Оппель-Кундта 20
угол стрелок 45
длина стрелок 20
длина штанги (1я часть) 1 152
длина штанги (1я часть) 2 171
длина штанги (1я часть) 3 209
длина штанги (1я часть) 4 247
длина штанги (1я часть) 5 266
длина штанги (1я часть) 6 152
длина штанги (1я часть) 7 171
длина штанги (1я часть) 8 209
длина штанги (1я часть) 9 247
длина штанги (1я часть) 10 266
длина штанги (2я часть) 1 152
длина штанги (2я часть) 2 171
длина штанги (2я часть) 3 209
длина штанги (2я часть) 4 247
длина штанги (2я часть) 5 266
длина штанги (2я часть) 6 152
длина штанги (2я часть) 7 171
длина штанги (2я часть) 8 209
длина штанги (2я часть) 9 247
длина штанги (2я часть) 10 266
длина "закрывашек" 20
расстояние между линиями 240
расстояние до рельсов Понзо 20
ширина линий 4
всего опытов 20
OPEL3_WIDTH:247
660 260  11721
890 247  12685
661 499  13609
883 485  14506
Воспроизведение
645 230  16588
894 222  17603
626 469  18475
896 445  19294
OPEL3_WIDTH:209
676 254  1611
861 247  2593
658 501  3532
863 490  4634
Воспроизведение
663 243  6439
875 241  7576
668 467  8719
859 457  9853
OPEL3_WIDTH:171
678 255  1570
856 255  2708
688 491  3648
847 488  4591
Воспроизведение
662 255  6628
844 261  7729
678 407  8840
OPEL3_WIDTH:171
851 411  16
678 257  1213
846 253  2088
685 481  3107
868 492  4334
Воспроизведение
651 273  6214
852 278  7266
670 463  8305
842 455  9456
OPEL3_WIDTH:266
634 253  1837
897 255  3067
636 491  4028
890 492  5362
Воспроизведение
638 271  7211
874 272  8285
640 427  9258
891 435  10406
OPEL3_WIDTH:247
628 251  1881
884 249  3204
640 487  4205
881 488  5479
Воспроизведение
636 300  8360
884 299  9700
644 463  11030
861 471  12370
OPEL3_WIDTH:266
632 246  1392
898 255  2436
646 497  3595
890 491  4716
Воспроизведение
634 227  6468
922 219  7539
614 409  8573
905 399  9869
OPEL3_WIDTH:152
684 245  1441
848 251  2764
687 495  3641
838 487  4713
Воспроизведение
658 278  6710
829 284  7642
672 446  8692
829 438  9621
OPEL3_WIDTH:209
666 254  1395
872 253  2422
663 478  3516
880 490  4950
Воспроизведение
650 282  7048
870 283  8345
626 491  9175
870 481  10532
OPEL3_WIDTH:152
690 255  1692
834 250  2653
700 495  3876
838 491  4978
Воспроизведение
634 243  7671
803 257  9046
610 422  10143
790 420  11133
NO_ILLUSION0_WIDTH:209
669 251  1597
871 254  2937
666 499  4082
869 485  5340
Воспроизведение
642 275  7468
830 276  8613
643 461  9742
834 444  10892
NO_ILLUSION0_WIDTH:152
697 248  1392
843 253  2335
702 498  3273
843 489  4110
Воспроизведение
676 270  6333
827 267  7262
677 441  8560
835 437  9993
NO_ILLUSION0_WIDTH:266
642 258  1613
887 255  2906
630 487  3907
892 489  5125
Воспроизведение
664 263  7283
886 267  8925
658 486  10415
855 482  11718
NO_ILLUSION0_WIDTH:152
692 253  1477
848 255  2602
698 486  3487
853 483  4872
Воспроизведение
658 249  6796
828 248  8101
642 406  9369
829 400  10344
NO_ILLUSION0_WIDTH:247
643 243  1347
883 254  2576
644 497  3564
886 489  4761
Воспроизведение
647 269  7001
876 277  8319
652 418  9231
863 421  10680
NO_ILLUSION0_WIDTH:171
680 244  1488
853 249  2891
680 506  4128
881 482  5268
Воспроизведение
666 269  6883
870 271  8045
677 443  9063
876 437  10226
NO_ILLUSION0_WIDTH:266
652 259  1612
905 255  2862
646 484  3924
901 482  5087
Воспроизведение
626 264  7107
891 259  8496
643 415  9750
NO_ILLUSION0_WIDTH:247
852 412  32
646 253  2055
893 251  3678
649 481  5040
886 482  6630
Воспроизведение
627 259  8591
902 271  10134
602 382  11903
902 380  13518
NO_ILLUSION0_WIDTH:209
653 256  1182
868 259  2325
675 489  3642
873 487  5062
Воспроизведение
643 271  7146
882 274  8559
654 405  9575
883 407  11176
NO_ILLUSION0_WIDTH:171
679 245  1157
855 248  2117
685 488  3259
848 482  4192
Воспроизведение
686 271  5900
854 267  6969
674 434  7908
835 428  9085
