не показывать курсор
тип стимула OPEL_TOP
перпендикулярные отрезки в Оппель-Кундта каждые... пикс 19
высота перпендикулярных отрезков в Оппель-Кундта 20
угол стрелок 45
длина стрелок 20
длина штанги (1я часть) 1 152
длина штанги (1я часть) 2 171
длина штанги (1я часть) 3 209
длина штанги (1я часть) 4 247
длина штанги (1я часть) 5 266
длина штанги (1я часть) 6 152
длина штанги (1я часть) 7 171
длина штанги (1я часть) 8 209
длина штанги (1я часть) 9 247
длина штанги (1я часть) 10 266
длина штанги (2я часть) 1 152
длина штанги (2я часть) 2 171
длина штанги (2я часть) 3 209
длина штанги (2я часть) 4 247
длина штанги (2я часть) 5 266
длина штанги (2я часть) 6 152
длина штанги (2я часть) 7 171
длина штанги (2я часть) 8 209
длина штанги (2я часть) 9 247
длина штанги (2я часть) 10 266
длина "закрывашек" 20
расстояние между линиями 240
расстояние до рельсов Понзо 20
ширина линий 4
всего опытов 20
OPEL3_WIDTH:209
678 258  5265
678 258  5265
674 241  6068
861 255  7074
672 485  8359
871 495  9317
Воспроизведение
654 269  10994
878 265  12233
639 424  13010
869 403  14016
OPEL3_WIDTH:266
626 239  1456
903 246  3176
635 486  4337
900 487  5789
Воспроизведение
649 259  8126
916 251  9322
593 411  10198
839 396  11332
OPEL3_WIDTH:171
677 246  1190
854 250  2325
676 494  3376
854 487  4353
Воспроизведение
650 279  6481
885 264  7870
599 406  8793
902 391  10174
OPEL3_WIDTH:152
690 240  1761
845 249  2966
700 485  4245
848 484  5206
Воспроизведение
695 271  6914
695 271  6914
663 268  7227
875 262  8261
662 379  9020
854 373  10151
OPEL3_WIDTH:247
640 255  2622
890 248  4479
650 484  5309
889 488  6697
Воспроизведение
652 283  8798
905 274  10074
556 404  11169
854 392  13279
OPEL3_WIDTH:266
641 241  1537
903 246  3364
631 487  4741
902 485  6221
Воспроизведение
627 272  8648
866 255  10444
580 411  11539
OPEL3_WIDTH:152
898 405  299
700 242  2807
843 243  4048
690 490  5112
842 487  6200
Воспроизведение
678 265  8442
874 245  9685
650 414  10624
853 408  11837
OPEL3_WIDTH:209
670 248  1555
878 247  2962
666 486  4012
880 487  5518
Воспроизведение
682 255  8058
899 242  9688
696 366  11101
858 351  12537
OPEL3_WIDTH:171
682 251  1629
858 245  3181
677 483  4172
854 482  5562
Воспроизведение
678 285  7829
872 273  9086
670 396  9821
872 395  11249
OPEL3_WIDTH:247
645 246  2302
890 246  4620
650 484  5685
890 487  7133
Воспроизведение
643 244  9479
891 239  11034
622 389  12176
876 383  13949
NO_ILLUSION0_WIDTH:152
691 248  1532
839 249  2838
697 488  3949
848 484  5431
Воспроизведение
653 261  7904
876 259  9529
NO_ILLUSION0_WIDTH:266
678 251  3911
894 239  5108
640 481  6003
898 482  7218
Воспроизведение
641 237  8783
945 230  10374
627 410  11674
901 397  13218
NO_ILLUSION0_WIDTH:209
662 248  1615
875 244  3082
652 491  4037
652 491  4037
702 493  4600
870 487  6078
Воспроизведение
650 278  8519
898 278  10308
616 371  11538
879 360  13119
NO_ILLUSION0_WIDTH:171
683 243  1662
856 245  2875
678 481  4221
854 484  5715
Воспроизведение
660 273  7983
865 263  9498
650 383  10752
857 369  12327
NO_ILLUSION0_WIDTH:247
650 248  1316
886 247  3019
649 481  4034
895 485  5643
Воспроизведение
657 277  8167
906 271  9806
635 374  11082
895 376  12971
NO_ILLUSION0_WIDTH:209
661 243  1459
871 247  3005
670 483  4150
879 483  5899
Воспроизведение
674 263  8187
902 263  9698
676 375  11012
908 378  13057
NO_ILLUSION0_WIDTH:247
645 251  1627
899 246  3271
646 484  4824
894 483  6715
Воспроизведение
652 267  9348
879 263  10890
646 379  11860
866 373  13370
NO_ILLUSION0_WIDTH:152
692 241  1663
845 244  3044
694 481  4108
846 484  5480
Воспроизведение
654 244  7936
880 248  9519
633 338  10586
837 340  12356
NO_ILLUSION0_WIDTH:171
674 249  1664
854 245  3083
676 491  3958
676 491  3958
676 491  4005
854 487  5444
Воспроизведение
676 263  7526
880 251  9128
651 421  10414
851 419  12213
NO_ILLUSION0_WIDTH:266
642 244  1846
894 246  4082
635 481  5248
904 486  7137
Воспроизведение
656 251  10079
914 252  11988
625 356  12989
902 352  14646
