не показывать курсор
тип стимула OPEL_TOP
перпендикулярные отрезки в Оппель-Кундта каждые... пикс 19
высота перпендикулярных отрезков в Оппель-Кундта 20
угол стрелок 45
длина стрелок 20
длина штанги (1я часть) 1 152
длина штанги (1я часть) 2 171
длина штанги (1я часть) 3 209
длина штанги (1я часть) 4 247
длина штанги (1я часть) 5 266
длина штанги (1я часть) 6 152
длина штанги (1я часть) 7 171
длина штанги (1я часть) 8 209
длина штанги (1я часть) 9 247
длина штанги (1я часть) 10 266
длина штанги (2я часть) 1 152
длина штанги (2я часть) 2 171
длина штанги (2я часть) 3 209
длина штанги (2я часть) 4 247
длина штанги (2я часть) 5 266
длина штанги (2я часть) 6 152
длина штанги (2я часть) 7 171
длина штанги (2я часть) 8 209
длина штанги (2я часть) 9 247
длина штанги (2я часть) 10 266
длина "закрывашек" 20
расстояние между линиями 240
расстояние до рельсов Понзо 20
ширина линий 4
всего опытов 20
OPEL3_WIDTH:152
696 255  51511
843 247  53583
693 483  56414
840 487  59071
Воспроизведение
703 263  64174
838 264  66050
696 422  68169
829 423  70131
OPEL3_WIDTH:247
650 253  10006
888 249  12306
648 486  14378
888 488  17181
Воспроизведение
685 235  21084
886 246  23443
686 475  25368
905 471  27668
OPEL3_WIDTH:171
680 249  4766
852 250  7833
684 486  10007
851 487  13783
Воспроизведение
708 243  20107
852 245  22296
700 481  24354
842 482  26158
OPEL3_WIDTH:247
642 255  3588
885 252  6995
648 489  8888
885 490  11747
Воспроизведение
662 251  15282
859 251  16715
677 502  18640
905 507  20356
OPEL3_WIDTH:209
663 250  5011
875 250  7473
667 490  9656
871 488  12449
Воспроизведение
698 250  16303
868 250  18487
690 467  20720
859 468  22710
OPEL3_WIDTH:266
634 251  14323
901 249  17090
635 490  19584
901 487  22041
Воспроизведение
676 293  27227
884 295  29202
685 449  31096
894 452  32965
OPEL3_WIDTH:152
729 250  11622
843 244  13583
694 481  16125
842 487  18338
Воспроизведение
705 255  24529
855 254  26562
706 511  28297
843 510  30352
OPEL3_WIDTH:171
680 246  1971
854 247  4675
678 490  7120
854 488  9182
Воспроизведение
714 267  12241
877 263  14032
726 515  16013
858 513  17661
OPEL3_WIDTH:209
664 254  2113
870 248  4503
655 489  5785
655 489  5785
655 489  5846
870 485  8607
Воспроизведение
697 262  13346
882 267  15223
721 491  17214
882 495  19344
OPEL3_WIDTH:266
637 250  2814
902 251  5606
631 484  7386
899 485  10717
Воспроизведение
678 260  15048
880 263  16898
696 481  18534
916 485  20849
NO_ILLUSION0_WIDTH:247
646 247  2561
882 251  5496
645 486  7317
884 485  9822
Воспроизведение
674 261  13649
859 263  15674
685 497  17470
866 492  19519
NO_ILLUSION0_WIDTH:171
684 251  1581
850 250  3286
678 491  4820
854 486  7470
Воспроизведение
725 258  12804
876 266  14501
738 543  16694
878 546  18882
NO_ILLUSION0_WIDTH:171
678 251  1910
854 250  4033
678 487  6098
853 487  8737
Воспроизведение
701 243  12293
894 251  14627
678 516  17144
810 516  19176
NO_ILLUSION0_WIDTH:247
644 247  2064
885 248  4287
645 488  6511
888 483  9142
Воспроизведение
666 260  13145
918 267  15557
678 514  17744
882 519  20105
NO_ILLUSION0_WIDTH:209
660 245  2111
869 251  4554
669 491  7163
877 487  9766
Воспроизведение
677 253  13759
881 261  16100
702 542  17883
878 543  19819
NO_ILLUSION0_WIDTH:266
631 248  3171
902 252  6206
638 488  8654
904 487  12334
Воспроизведение
653 259  15889
906 264  18376
633 507  21158
836 514  23319
NO_ILLUSION0_WIDTH:152
692 250  3710
843 252  5665
693 487  8143
846 488  10164
Воспроизведение
717 259  14865
867 258  17081
686 534  19453
826 535  21666
NO_ILLUSION0_WIDTH:209
654 261  4175
872 255  6849
660 488  9419
866 487  11926
Воспроизведение
688 267  15443
875 270  17532
683 554  20248
854 551  22503
NO_ILLUSION0_WIDTH:266
639 249  2561
901 251  5837
633 492  8598
900 486  11327
Воспроизведение
678 250  15854
905 253  18353
651 546  21318
896 546  23886
NO_ILLUSION0_WIDTH:152
695 254  4410
840 248  6777
695 484  9376
842 485  12309
Воспроизведение
703 252  17185
872 262  20305
723 527  24371
878 527  26675
