не показывать курсор
тип стимула OPEL_TOP
перпендикулярные отрезки в Оппель-Кундта каждые... пикс 19
высота перпендикулярных отрезков в Оппель-Кундта 20
угол стрелок 45
длина стрелок 20
длина штанги (1я часть) 1 152
длина штанги (1я часть) 2 171
длина штанги (1я часть) 3 209
длина штанги (1я часть) 4 247
длина штанги (1я часть) 5 266
длина штанги (1я часть) 6 152
длина штанги (1я часть) 7 171
длина штанги (1я часть) 8 209
длина штанги (1я часть) 9 247
длина штанги (1я часть) 10 266
длина штанги (2я часть) 1 152
длина штанги (2я часть) 2 171
длина штанги (2я часть) 3 209
длина штанги (2я часть) 4 247
длина штанги (2я часть) 5 266
длина штанги (2я часть) 6 152
длина штанги (2я часть) 7 171
длина штанги (2я часть) 8 209
длина штанги (2я часть) 9 247
длина штанги (2я часть) 10 266
длина "закрывашек" 20
расстояние между линиями 240
расстояние до рельсов Понзо 20
ширина линий 4
всего опытов 20
OPEL3_WIDTH:152
683 248  4624
842 254  6630
689 485  8619
839 493  10645
Воспроизведение
691 244  13850
835 255  16065
678 531  18058
826 538  20512
OPEL3_WIDTH:171
679 251  1932
854 249  5283
677 483  7264
850 491  10147
Воспроизведение
687 255  12535
856 258  15635
662 482  17758
825 490  20208
OPEL3_WIDTH:209
657 247  1912
870 251  6535
655 483  8853
866 487  12048
Воспроизведение
665 258  15186
890 269  19253
674 501  21626
874 511  24959
OPEL3_WIDTH:266
635 252  1991
900 254  6152
634 486  8145
902 488  11863
Воспроизведение
645 261  14702
896 271  18229
648 495  19997
873 506  23093
OPEL3_WIDTH:247
636 253  1968
890 251  5255
640 486  7091
889 487  10138
Воспроизведение
659 251  13050
898 258  16236
671 504  18038
889 518  21007
OPEL3_WIDTH:209
662 253  2184
869 252  6084
660 500  8246
870 487  11455
Воспроизведение
682 262  13583
894 269  16757
687 481  18626
893 495  21892
OPEL3_WIDTH:247
634 255  2059
894 255  5675
642 485  7524
886 490  11117
Воспроизведение
670 255  13531
945 269  16589
709 488  18585
909 504  21022
OPEL3_WIDTH:152
682 246  2351
842 255  5376
677 483  7745
841 488  11022
Воспроизведение
OPEL3_WIDTH:266
631 242  2180
902 248  6542
631 482  8945
898 492  13008
Воспроизведение
640 246  15457
907 254  19250
655 469  21071
898 479  24034
OPEL3_WIDTH:171
682 253  1882
854 253  5348
674 484  7209
849 487  10197
Воспроизведение
701 257  12663
876 263  16287
704 500  18123
854 507  20539
NO_ILLUSION0_WIDTH:209
659 253  3190
870 253  6846
654 487  9047
865 486  12445
Воспроизведение
671 243  14541
877 250  17974
678 513  20237
886 527  23483
NO_ILLUSION0_WIDTH:171
673 247  2111
856 255  6280
678 486  8527
853 490  11508
Воспроизведение
686 245  13731
858 258  16435
660 515  18427
818 523  20887
NO_ILLUSION0_WIDTH:171
686 259  2241
850 256  4999
678 483  6944
850 489  9062
Воспроизведение
694 260  11586
870 265  14102
700 469  16261
850 477  18565
NO_ILLUSION0_WIDTH:266
633 255  2011
899 253  5363
632 491  7104
902 488  10189
Воспроизведение
646 260  12952
890 268  16322
652 514  18112
883 524  20645
NO_ILLUSION0_WIDTH:152
688 258  2467
840 255  4961
683 487  6785
843 488  9057
Воспроизведение
714 243  11299
857 258  13870
695 511  15618
841 515  17758
NO_ILLUSION0_WIDTH:247
639 253  2082
884 252  5300
630 484  7034
890 489  9936
Воспроизведение
665 237  12572
892 249  15099
647 541  17336
835 543  19707
NO_ILLUSION0_WIDTH:152
692 241  2881
837 252  5203
686 482  7738
839 487  10374
Воспроизведение
703 255  13399
856 259  15897
698 495  17973
839 498  20555
NO_ILLUSION0_WIDTH:247
639 249  2674
891 255  5808
643 486  7948
890 489  10505
Воспроизведение
654 249  13707
898 248  16708
601 472  18898
825 468  21748
NO_ILLUSION0_WIDTH:266
629 245  2915
891 253  6733
627 483  8885
896 492  12208
Воспроизведение
647 247  14844
874 260  17937
636 517  20073
896 527  23327
NO_ILLUSION0_WIDTH:209
662 255  2366
870 253  5618
659 484  7669
871 491  10972
Воспроизведение
668 256  13799
889 262  17014
673 506  19121
862 507  22149
