не показывать курсор
тип стимула OPEL_TOP
перпендикулярные отрезки в Оппель-Кундта каждые... пикс 19
высота перпендикулярных отрезков в Оппель-Кундта 20
угол стрелок 45
длина стрелок 20
длина штанги (1я часть) 1 152
длина штанги (1я часть) 2 171
длина штанги (1я часть) 3 209
длина штанги (1я часть) 4 247
длина штанги (1я часть) 5 266
длина штанги (1я часть) 6 152
длина штанги (1я часть) 7 171
длина штанги (1я часть) 8 209
длина штанги (1я часть) 9 247
длина штанги (1я часть) 10 266
длина штанги (2я часть) 1 152
длина штанги (2я часть) 2 171
длина штанги (2я часть) 3 209
длина штанги (2я часть) 4 247
длина штанги (2я часть) 5 266
длина штанги (2я часть) 6 152
длина штанги (2я часть) 7 171
длина штанги (2я часть) 8 209
длина штанги (2я часть) 9 247
длина штанги (2я часть) 10 266
длина "закрывашек" 20
расстояние между линиями 240
расстояние до рельсов Понзо 20
ширина линий 4
всего опытов 20
OPEL3_WIDTH:247
644 248  2650
901 248  3279
649 491  3983
895 492  4715
Воспроизведение
626 244  6185
928 250  6636
628 475  7279
916 480  7752
OPEL3_WIDTH:209
666 247  1353
870 253  1811
662 487  2378
882 483  2959
Воспроизведение
638 255  4179
935 234  4682
650 459  5246
911 470  5734
OPEL3_WIDTH:171
677 251  859
858 238  1361
674 492  1910
850 486  2492
Воспроизведение
675 245  3713
890 247  4190
676 470  4708
880 472  5199
OPEL3_WIDTH:266
640 248  689
913 248  1207
638 477  1784
902 481  2383
Воспроизведение
627 247  3604
936 238  4275
648 458  4897
906 454  5570
OPEL3_WIDTH:171
677 251  799
862 255  1227
675 487  1809
857 491  2333
Воспроизведение
651 244  3413
877 251  3884
670 477  4603
890 474  5078
OPEL3_WIDTH:209
661 245  800
876 248  1483
666 483  2030
872 487  2517
Воспроизведение
672 248  3706
927 248  4302
669 479  4929
894 489  5464
OPEL3_WIDTH:152
694 259  751
858 249  1132
698 483  1774
849 487  2201
Воспроизведение
690 230  3624
869 233  4069
691 470  4757
854 482  5325
OPEL3_WIDTH:247
650 247  862
896 252  1367
633 485  1924
902 480  2562
Воспроизведение
653 254  3863
919 250  4498
630 495  5108
890 493  5662
OPEL3_WIDTH:266
644 256  769
914 243  1411
652 483  1997
906 481  2703
Воспроизведение
627 250  3898
902 247  4492
645 478  5054
910 475  5669
OPEL3_WIDTH:152
694 246  754
853 246  1241
692 483  1859
850 495  2415
Воспроизведение
669 229  4268
866 236  4698
678 453  5369
867 471  5746
NO_ILLUSION0_WIDTH:266
638 251  1144
905 247  1835
634 482  2712
906 483  3387
Воспроизведение
632 248  4404
924 247  5031
625 491  5643
925 490  6270
NO_ILLUSION0_WIDTH:209
654 246  628
874 254  1181
674 483  1855
874 483  2563
Воспроизведение
652 257  3701
893 259  4248
643 491  4914
882 467  5415
NO_ILLUSION0_WIDTH:171
684 251  752
859 257  1184
677 497  1714
868 487  2192
Воспроизведение
686 233  3318
861 229  3788
675 443  4400
859 463  4944
NO_ILLUSION0_WIDTH:247
646 253  627
902 236  1177
658 486  1840
902 475  2445
Воспроизведение
664 256  3620
895 245  4193
663 480  4789
921 465  5406
NO_ILLUSION0_WIDTH:266
631 251  754
901 247  1382
629 481  1993
912 491  3181
Воспроизведение
625 247  4307
906 235  5018
608 457  5644
894 465  6407
NO_ILLUSION0_WIDTH:209
658 250  720
878 250  1212
666 482  1858
883 487  2477
Воспроизведение
650 257  3665
904 243  4329
675 447  5019
910 456  5761
NO_ILLUSION0_WIDTH:247
638 251  769
902 244  1357
647 483  2004
894 484  2688
Воспроизведение
632 243  3890
897 239  4503
630 461  5170
875 472  5741
NO_ILLUSION0_WIDTH:152
699 255  722
846 247  1133
698 495  1683
859 492  2203
Воспроизведение
694 244  3315
856 239  3729
683 462  4355
862 470  4819
NO_ILLUSION0_WIDTH:152
689 246  738
847 248  1148
698 486  1809
859 484  2266
Воспроизведение
681 233  3457
847 231  3883
677 485  4556
858 475  5155
NO_ILLUSION0_WIDTH:171
682 246  846
855 255  1302
686 484  1929
866 483  2525
Воспроизведение
672 244  3464
855 240  4035
673 470  4618
833 467  5361
