не показывать курсор
тип стимула OPEL_TOP
перпендикулярные отрезки в Оппель-Кундта каждые... пикс 19
высота перпендикулярных отрезков в Оппель-Кундта 20
угол стрелок 45
длина стрелок 20
длина штанги (1я часть) 1 152
длина штанги (1я часть) 2 171
длина штанги (1я часть) 3 209
длина штанги (1я часть) 4 247
длина штанги (1я часть) 5 266
длина штанги (1я часть) 6 152
длина штанги (1я часть) 7 171
длина штанги (1я часть) 8 209
длина штанги (1я часть) 9 247
длина штанги (1я часть) 10 266
длина штанги (2я часть) 1 152
длина штанги (2я часть) 2 171
длина штанги (2я часть) 3 209
длина штанги (2я часть) 4 247
длина штанги (2я часть) 5 266
длина штанги (2я часть) 6 152
длина штанги (2я часть) 7 171
длина штанги (2я часть) 8 209
длина штанги (2я часть) 9 247
длина штанги (2я часть) 10 266
длина "закрывашек" 20
расстояние между линиями 240
расстояние до рельсов Понзо 20
ширина линий 4
всего опытов 20
OPEL3_WIDTH:266
635 239  2690
916 250  3416
642 487  4058
918 495  4976
Воспроизведение
634 255  6233
911 248  6862
635 500  7458
908 501  8152
OPEL3_WIDTH:171
666 250  958
862 255  1460
675 486  2021
870 494  2442
Воспроизведение
660 256  3945
891 259  4467
669 489  5004
865 491  5505
OPEL3_WIDTH:209
661 249  845
872 259  1364
652 501  1912
877 490  2507
Воспроизведение
651 251  4032
897 255  4580
650 510  5228
878 504  6050
OPEL3_WIDTH:152
683 250  766
849 259  1237
690 490  1816
854 488  2356
Воспроизведение
676 257  3651
882 262  4189
701 503  4942
870 504  5646
OPEL3_WIDTH:266
625 263  1053
910 252  1903
619 486  2530
909 489  3348
Воспроизведение
605 239  4694
903 242  5385
608 484  6012
874 483  6624
OPEL3_WIDTH:247
634 235  847
898 250  1494
622 485  2026
902 484  2737
Воспроизведение
606 247  3914
902 258  4667
632 487  5279
887 484  6132
OPEL3_WIDTH:171
670 248  1018
866 259  1712
677 492  2779
854 495  3416
Воспроизведение
649 257  5103
870 263  5827
650 473  7504
854 487  8265
OPEL3_WIDTH:247
626 242  849
896 252  1447
626 485  2121
889 493  3259
Воспроизведение
637 256  8476
906 262  8931
653 426  9374
882 430  9740
OPEL3_WIDTH:209
650 249  928
879 255  1605
654 487  2124
884 488  2923
Воспроизведение
644 247  4155
894 252  4701
669 467  5232
896 463  5854
OPEL3_WIDTH:152
681 242  785
859 243  1244
682 493  1778
854 492  2330
Воспроизведение
658 232  3460
880 237  3933
653 452  4465
854 459  5049
NO_ILLUSION0_WIDTH:171
678 247  760
868 255  1195
675 489  1809
862 498  2438
Воспроизведение
663 247  3710
881 251  4199
670 480  4716
874 475  5285
NO_ILLUSION0_WIDTH:171
677 240  766
862 251  1256
684 483  1976
858 493  2512
Воспроизведение
650 255  3751
840 261  4164
676 506  4843
860 491  5501
NO_ILLUSION0_WIDTH:247
634 247  798
915 251  1260
631 491  1772
909 487  2333
Воспроизведение
619 238  3663
915 231  4424
627 466  5163
866 471  5810
NO_ILLUSION0_WIDTH:152
686 243  780
855 258  1210
686 485  1775
850 494  2676
Воспроизведение
678 247  3872
859 247  4373
682 471  5067
862 471  5733
NO_ILLUSION0_WIDTH:247
636 263  673
902 253  1213
631 487  1745
902 494  2298
Воспроизведение
625 235  3550
899 239  4117
614 471  4714
882 485  5427
NO_ILLUSION0_WIDTH:266
618 247  829
922 258  1346
630 486  1880
913 491  2860
Воспроизведение
634 230  4205
918 235  4726
618 470  5337
889 471  6109
NO_ILLUSION0_WIDTH:209
658 244  832
880 261  1289
654 491  1807
879 490  2365
Воспроизведение
645 256  8110
912 265  8533
652 452  8972
873 463  9364
NO_ILLUSION0_WIDTH:266
615 247  1002
917 256  1525
632 490  2069
922 495  2632
Воспроизведение
615 259  3852
920 248  4354
632 469  4809
932 472  5343
NO_ILLUSION0_WIDTH:209
647 248  785
880 251  1267
662 485  1793
882 490  2332
Воспроизведение
651 244  3599
901 247  4090
643 464  4544
895 467  5186
NO_ILLUSION0_WIDTH:152
678 231  843
854 243  1222
695 489  1707
881 504  2086
Воспроизведение
664 269  3120
839 268  3612
666 492  4186
857 496  4709
