не показывать курсор
тип стимула OPEL_TOP
перпендикулярные отрезки в Оппель-Кундта каждые... пикс 19
высота перпендикулярных отрезков в Оппель-Кундта 20
угол стрелок 45
длина стрелок 20
длина штанги (1я часть) 1 152
длина штанги (1я часть) 2 171
длина штанги (1я часть) 3 209
длина штанги (1я часть) 4 247
длина штанги (1я часть) 5 266
длина штанги (1я часть) 6 152
длина штанги (1я часть) 7 171
длина штанги (1я часть) 8 209
длина штанги (1я часть) 9 247
длина штанги (1я часть) 10 266
длина штанги (2я часть) 1 152
длина штанги (2я часть) 2 171
длина штанги (2я часть) 3 209
длина штанги (2я часть) 4 247
длина штанги (2я часть) 5 266
длина штанги (2я часть) 6 152
длина штанги (2я часть) 7 171
длина штанги (2я часть) 8 209
длина штанги (2я часть) 9 247
длина штанги (2я часть) 10 266
длина "закрывашек" 20
расстояние между линиями 240
расстояние до рельсов Понзо 20
ширина линий 4
всего опытов 20
OPEL3_WIDTH:171
697 253  3495
864 251  4050
690 500  4864
843 503  5432
Воспроизведение
674 257  6841
857 258  7489
671 427  8194
878 421  8972
OPEL3_WIDTH:247
646 241  1125
903 248  1959
643 499  2695
881 486  3517
Воспроизведение
626 255  4723
907 266  5564
646 483  6262
885 475  7054
OPEL3_WIDTH:266
633 243  956
900 247  1892
633 491  2617
898 477  3432
Воспроизведение
634 240  4484
919 252  5370
646 477  6139
905 470  6985
OPEL3_WIDTH:152
702 242  974
834 243  1542
699 493  2311
834 485  2927
Воспроизведение
690 243  4014
870 256  4705
714 471  5399
886 471  6089
OPEL3_WIDTH:209
662 248  852
869 253  1639
664 496  2394
869 491  3114
Воспроизведение
667 247  4209
863 252  4889
678 475  5601
878 467  6374
OPEL3_WIDTH:209
668 240  864
865 248  1418
674 486  2172
865 483  2725
Воспроизведение
655 247  3621
870 254  4315
670 475  4974
845 475  5635
OPEL3_WIDTH:266
638 247  813
902 249  1667
646 483  2327
899 479  3148
Воспроизведение
632 258  4010
906 267  4862
658 454  5552
904 447  6228
OPEL3_WIDTH:152
708 241  690
831 249  1146
700 487  1852
833 487  2307
Воспроизведение
695 256  3200
825 259  3608
722 467  4342
843 466  4822
OPEL3_WIDTH:247
650 248  815
894 249  1700
648 491  2489
890 491  3157
Воспроизведение
634 253  4296
866 258  4958
658 468  5676
887 468  6354
OPEL3_WIDTH:171
690 238  783
848 249  1301
682 487  1974
854 484  2510
Воспроизведение
678 264  3715
854 269  4301
702 483  4975
867 479  5450
NO_ILLUSION0_WIDTH:247
644 240  825
881 250  1529
650 493  2281
883 489  3009
Воспроизведение
646 267  3888
891 272  4585
654 473  5291
894 471  5919
NO_ILLUSION0_WIDTH:152
694 240  697
838 241  1182
701 487  1840
834 492  2481
Воспроизведение
678 275  3340
846 271  3822
676 490  4539
848 494  5101
NO_ILLUSION0_WIDTH:266
638 250  770
895 261  1488
646 484  2151
895 485  2850
Воспроизведение
635 257  3888
902 261  4497
671 464  4999
933 473  5883
NO_ILLUSION0_WIDTH:209
667 251  770
858 259  1304
676 479  1986
866 475  2515
Воспроизведение
650 246  3596
888 245  4116
666 488  4857
858 479  5453
NO_ILLUSION0_WIDTH:171
682 227  689
856 237  1196
698 487  1853
854 485  2344
Воспроизведение
676 250  3315
943 255  3885
676 494  4591
913 507  5110
NO_ILLUSION0_WIDTH:209
669 235  751
864 241  1379
670 486  2130
876 491  2789
Воспроизведение
628 263  3776
870 264  4389
666 492  5046
877 497  5629
NO_ILLUSION0_WIDTH:152
704 236  611
830 239  1051
700 487  1724
838 483  2257
Воспроизведение
702 268  3964
852 260  4420
693 460  5139
859 470  5706
NO_ILLUSION0_WIDTH:171
690 245  737
855 252  1255
697 488  1865
851 497  2336
Воспроизведение
677 247  3321
880 247  3716
678 480  4469
856 489  5041
NO_ILLUSION0_WIDTH:247
649 241  751
897 243  1497
641 487  2185
890 486  2925
Воспроизведение
628 256  3881
878 264  4683
668 519  5499
883 517  6190
NO_ILLUSION0_WIDTH:266
648 239  739
898 249  1470
647 487  2118
894 486  2693
Воспроизведение
639 253  3629
899 268  4309
656 521  5050
886 523  5706
