не показывать курсор
тип стимула OPEL_TOP
перпендикулярные отрезки в Оппель-Кундта каждые... пикс 19
высота перпендикулярных отрезков в Оппель-Кундта 20
угол стрелок 45
длина стрелок 20
длина штанги (1я часть) 1 152
длина штанги (1я часть) 2 171
длина штанги (1я часть) 3 209
длина штанги (1я часть) 4 247
длина штанги (1я часть) 5 266
длина штанги (1я часть) 6 152
длина штанги (1я часть) 7 171
длина штанги (1я часть) 8 209
длина штанги (1я часть) 9 247
длина штанги (1я часть) 10 266
длина штанги (2я часть) 1 152
длина штанги (2я часть) 2 171
длина штанги (2я часть) 3 209
длина штанги (2я часть) 4 247
длина штанги (2я часть) 5 266
длина штанги (2я часть) 6 152
длина штанги (2я часть) 7 171
длина штанги (2я часть) 8 209
длина штанги (2я часть) 9 247
длина штанги (2я часть) 10 266
длина "закрывашек" 20
расстояние между линиями 240
расстояние до рельсов Понзо 20
ширина линий 4
всего опытов 20
OPEL3_WIDTH:209
678 248  7791
880 250  8566
668 495  9511
877 490  10317
Воспроизведение
662 251  11808
884 253  12536
654 514  13386
905 507  14255
OPEL3_WIDTH:266
638 243  1316
906 251  2499
644 487  3422
905 490  4356
Воспроизведение
641 251  5906
902 268  6842
633 502  7599
916 501  8493
OPEL3_WIDTH:171
726 249  1206
847 251  1835
688 488  2790
850 489  3515
Воспроизведение
686 259  4693
859 251  5327
693 503  6159
886 503  6902
OPEL3_WIDTH:247
650 252  1113
885 242  2167
650 488  3076
890 483  4052
Воспроизведение
650 251  5391
897 247  6255
659 501  7223
910 503  8094
OPEL3_WIDTH:171
682 250  1099
854 249  1938
684 483  2754
856 483  3498
Воспроизведение
691 255  4703
845 251  5382
686 495  6221
864 494  6971
OPEL3_WIDTH:266
635 253  1192
889 247  2206
676 496  3188
894 495  4083
Воспроизведение
634 246  5290
898 247  6179
651 475  6995
914 475  7888
OPEL3_WIDTH:152
693 255  926
849 245  1701
699 483  2530
846 487  3194
Воспроизведение
701 254  4429
838 252  5090
701 483  5840
846 482  6475
OPEL3_WIDTH:247
650 249  1229
889 246  2347
650 490  3256
889 483  4226
Воспроизведение
651 255  5543
892 249  6365
654 491  7173
904 493  7995
OPEL3_WIDTH:209
662 253  928
875 247  1778
668 487  2730
870 485  3583
Воспроизведение
664 253  4958
859 253  5559
666 502  6342
903 511  7177
OPEL3_WIDTH:152
700 250  1097
836 248  1717
698 489  2511
839 488  3249
Воспроизведение
690 263  4612
849 262  5211
689 497  6044
848 495  6634
NO_ILLUSION0_WIDTH:247
646 249  999
887 245  2026
653 481  2894
890 483  4001
Воспроизведение
647 257  5175
892 252  6093
669 468  6952
914 464  7906
NO_ILLUSION0_WIDTH:266
642 249  1201
896 245  2136
645 485  2954
905 487  3918
Воспроизведение
631 249  5033
912 247  6075
650 497  6817
934 495  7881
NO_ILLUSION0_WIDTH:209
671 251  1040
864 251  1765
670 487  2568
870 487  3374
Воспроизведение
669 251  4471
868 247  5178
673 508  6040
887 503  6810
NO_ILLUSION0_WIDTH:171
684 254  881
849 250  1494
688 497  2356
854 492  3034
Воспроизведение
686 245  4036
858 247  4682
690 506  5435
862 502  6080
NO_ILLUSION0_WIDTH:152
695 239  878
841 251  1483
698 488  2218
846 491  2944
Воспроизведение
688 255  4110
846 253  4726
698 499  5468
853 507  6115
NO_ILLUSION0_WIDTH:247
643 250  1351
881 253  2269
650 491  2930
891 483  3833
Воспроизведение
645 250  5101
882 245  5973
654 471  6581
908 468  7403
NO_ILLUSION0_WIDTH:171
702 239  1017
841 253  1885
691 490  2607
846 487  3336
Воспроизведение
677 260  4354
851 255  4938
691 501  5582
856 494  6262
NO_ILLUSION0_WIDTH:209
668 252  972
862 252  1715
675 487  2516
869 482  3366
Воспроизведение
674 254  4575
868 252  5424
678 480  6129
878 484  7011
NO_ILLUSION0_WIDTH:266
642 247  1067
891 255  2174
642 487  2974
902 485  4366
Воспроизведение
633 252  5606
891 243  6694
643 462  7368
898 473  8580
NO_ILLUSION0_WIDTH:152
698 247  1176
844 255  2040
695 490  2744
846 491  3499
Воспроизведение
694 258  4676
833 259  5322
701 483  6093
859 485  6820
