не показывать курсор
тип стимула OPEL_TOP
перпендикулярные отрезки в Оппель-Кундта каждые... пикс 19
высота перпендикулярных отрезков в Оппель-Кундта 20
угол стрелок 45
длина стрелок 20
длина штанги (1я часть) 1 152
длина штанги (1я часть) 2 171
длина штанги (1я часть) 3 209
длина штанги (1я часть) 4 247
длина штанги (1я часть) 5 266
длина штанги (1я часть) 6 152
длина штанги (1я часть) 7 171
длина штанги (1я часть) 8 209
длина штанги (1я часть) 9 247
длина штанги (1я часть) 10 266
длина штанги (2я часть) 1 152
длина штанги (2я часть) 2 171
длина штанги (2я часть) 3 209
длина штанги (2я часть) 4 247
длина штанги (2я часть) 5 266
длина штанги (2я часть) 6 152
длина штанги (2я часть) 7 171
длина штанги (2я часть) 8 209
длина штанги (2я часть) 9 247
длина штанги (2я часть) 10 266
длина "закрывашек" 20
расстояние между линиями 240
расстояние до рельсов Понзо 20
ширина линий 4
всего опытов 20
OPEL3_WIDTH:152
697 244  5420
860 250  6055
698 494  6792
855 491  7406
Воспроизведение
694 247  8691
854 243  9238
703 481  9920
872 491  10567
OPEL3_WIDTH:266
638 247  1170
909 251  1985
637 484  2678
924 480  3546
Воспроизведение
637 258  4784
895 256  5491
643 489  6206
907 489  6839
OPEL3_WIDTH:171
680 252  785
870 247  1433
678 483  2046
861 485  2704
Воспроизведение
694 243  3994
875 234  4544
690 460  5139
889 472  5753
OPEL3_WIDTH:171
682 245  955
859 248  1513
675 492  2107
867 486  2724
Воспроизведение
672 260  4187
863 258  4721
675 492  5442
854 487  5807
OPEL3_WIDTH:266
638 247  830
907 243  1732
630 484  2330
906 487  3201
Воспроизведение
646 252  4427
904 244  5074
675 450  5810
924 455  6535
OPEL3_WIDTH:152
678 256  1017
857 246  1726
693 488  2366
870 486  2996
Воспроизведение
661 246  4204
863 239  4802
672 437  5521
872 435  6040
OPEL3_WIDTH:247
632 255  940
890 249  1829
644 489  2493
921 483  3450
Воспроизведение
647 265  4393
880 262  5085
654 456  5696
908 451  6591
OPEL3_WIDTH:209
654 251  833
879 242  1448
658 489  2011
884 482  2828
Воспроизведение
654 263  3676
897 259  4436
677 448  5097
913 443  5904
OPEL3_WIDTH:247
625 248  816
885 243  1680
634 487  2293
895 483  3223
Воспроизведение
627 263  4357
894 270  5061
647 453  5959
884 442  6544
OPEL3_WIDTH:209
649 251  738
882 238  1586
653 487  2403
879 487  3302
Воспроизведение
651 260  4319
869 254  5036
658 463  6849
877 451  7352
NO_ILLUSION0_WIDTH:209
654 254  721
886 248  1412
652 497  2116
880 487  2854
Воспроизведение
650 259  3793
872 256  4374
666 452  5094
883 450  5886
NO_ILLUSION0_WIDTH:247
642 250  836
886 241  1747
636 494  2423
902 491  3272
Воспроизведение
653 257  4278
903 253  5144
647 442  5692
911 445  6573
NO_ILLUSION0_WIDTH:171
678 254  798
866 243  1443
686 489  2085
868 485  2810
Воспроизведение
656 267  3797
866 260  4410
685 452  5147
838 454  5622
NO_ILLUSION0_WIDTH:152
698 237  813
856 248  1335
686 487  2041
857 498  2675
Воспроизведение
678 272  3636
870 264  4233
688 500  4876
853 503  5669
NO_ILLUSION0_WIDTH:209
671 256  801
877 255  1405
672 491  2141
875 483  2883
Воспроизведение
666 263  3921
890 261  4582
678 466  5224
894 460  5931
NO_ILLUSION0_WIDTH:266
631 259  876
903 240  1868
633 494  2562
905 492  3224
Воспроизведение
620 264  4217
882 255  5765
644 483  6583
929 473  7031
NO_ILLUSION0_WIDTH:266
648 245  866
894 255  1623
627 487  2228
895 489  2974
Воспроизведение
653 271  3826
899 255  4506
654 460  5212
910 450  5906
NO_ILLUSION0_WIDTH:152
683 255  850
864 243  1438
690 480  2081
858 482  2619
Воспроизведение
702 265  3683
878 263  4157
722 485  4986
887 479  5614
NO_ILLUSION0_WIDTH:171
690 241  880
859 247  1548
686 494  2189
867 491  2870
Воспроизведение
677 265  4121
861 264  4880
686 455  5433
878 448  6122
NO_ILLUSION0_WIDTH:247
656 244  826
891 248  1435
649 489  2093
906 479  2681
Воспроизведение
657 263  3827
898 256  4470
665 478  5096
897 477  5632
