не показывать курсор
тип стимула OPEL_TOP
перпендикулярные отрезки в Оппель-Кундта каждые... пикс 19
высота перпендикулярных отрезков в Оппель-Кундта 20
угол стрелок 45
длина стрелок 20
длина штанги (1я часть) 1 152
длина штанги (1я часть) 2 171
длина штанги (1я часть) 3 209
длина штанги (1я часть) 4 247
длина штанги (1я часть) 5 266
длина штанги (1я часть) 6 152
длина штанги (1я часть) 7 171
длина штанги (1я часть) 8 209
длина штанги (1я часть) 9 247
длина штанги (1я часть) 10 266
длина штанги (2я часть) 1 152
длина штанги (2я часть) 2 171
длина штанги (2я часть) 3 209
длина штанги (2я часть) 4 247
длина штанги (2я часть) 5 266
длина штанги (2я часть) 6 152
длина штанги (2я часть) 7 171
длина штанги (2я часть) 8 209
длина штанги (2я часть) 9 247
длина штанги (2я часть) 10 266
длина "закрывашек" 20
расстояние между линиями 240
расстояние до рельсов Понзо 20
ширина линий 4
всего опытов 20
OPEL3_WIDTH:247
656 242  3455
917 248  4140
650 478  4902
906 488  5751
Воспроизведение
662 302  6988
905 320  7795
646 464  8387
930 455  8960
OPEL3_WIDTH:152
706 240  1411
859 235  2079
697 483  2888
858 479  3439
Воспроизведение
677 263  4597
865 269  5196
681 483  5947
880 502  6691
OPEL3_WIDTH:171
695 252  864
850 247  1466
686 484  2157
858 485  3027
Воспроизведение
677 258  4014
887 248  4573
685 443  5246
900 443  5987
OPEL3_WIDTH:266
635 246  785
896 242  1597
645 487  2344
906 487  3356
Воспроизведение
637 246  4425
894 245  5279
654 436  6000
918 444  6865
OPEL3_WIDTH:209
663 240  1506
894 251  2183
670 495  2998
881 501  3879
Воспроизведение
651 259  4900
869 243  5486
674 415  6271
876 415  6824
OPEL3_WIDTH:266
629 247  880
910 241  1669
627 492  2296
913 487  3198
Воспроизведение
642 263  4304
932 244  5300
675 443  5930
952 456  6711
OPEL3_WIDTH:152
690 254  801
843 245  1507
687 487  2275
857 485  2974
Воспроизведение
674 267  3947
878 240  4583
697 419  5317
879 427  5930
OPEL3_WIDTH:247
643 253  873
894 240  1582
650 488  2413
905 491  3280
Воспроизведение
626 273  4517
911 255  5462
624 458  6201
925 445  7195
OPEL3_WIDTH:171
684 251  766
858 236  1360
690 487  2068
862 485  2778
Воспроизведение
678 264  3703
887 251  4288
699 439  4946
925 441  5828
OPEL3_WIDTH:209
642 263  754
866 243  1461
660 479  2125
881 493  2859
Воспроизведение
652 264  3923
886 239  4685
658 439  5368
887 436  6110
NO_ILLUSION0_WIDTH:209
667 249  793
874 235  1406
659 489  2167
882 493  2973
Воспроизведение
658 263  3976
918 231  4690
666 435  5290
912 439  6129
NO_ILLUSION0_WIDTH:209
667 249  1024
877 247  1591
673 482  2313
874 478  3088
Воспроизведение
647 271  4087
868 255  4842
675 438  5526
878 431  6386
NO_ILLUSION0_WIDTH:152
695 255  785
856 244  1325
698 487  2003
857 482  2584
Воспроизведение
682 269  3620
860 256  4210
695 471  4904
882 450  5627
NO_ILLUSION0_WIDTH:266
624 247  845
889 246  1905
626 487  2595
904 482  3446
Воспроизведение
634 257  4297
905 248  5102
651 475  5979
931 469  6721
NO_ILLUSION0_WIDTH:152
701 250  773
840 254  1311
685 478  1900
856 479  2528
Воспроизведение
682 259  3514
857 246  4161
702 466  4865
863 456  5481
NO_ILLUSION0_WIDTH:171
677 246  783
855 244  1509
680 483  2262
859 481  2924
Воспроизведение
678 262  4020
884 247  4950
702 467  6626
863 470  7361
NO_ILLUSION0_WIDTH:247
649 247  1082
885 251  1823
629 492  2529
894 484  3365
Воспроизведение
658 264  4321
921 251  5203
654 485  6034
935 471  6790
NO_ILLUSION0_WIDTH:171
692 255  845
852 248  1421
686 482  2066
855 485  2754
Воспроизведение
666 261  3709
876 263  4318
700 483  5019
908 487  5776
NO_ILLUSION0_WIDTH:266
649 230  689
910 231  1978
625 485  2608
891 484  3732
Воспроизведение
651 259  5115
904 252  5967
638 463  6768
930 479  7581
NO_ILLUSION0_WIDTH:247
652 252  829
895 243  1601
646 478  2353
914 481  3252
Воспроизведение
637 251  4224
900 244  5133
634 478  5796
918 479  6562
