не показывать курсор
тип стимула OPEL_TOP
перпендикулярные отрезки в Оппель-Кундта каждые... пикс 19
высота перпендикулярных отрезков в Оппель-Кундта 20
угол стрелок 45
длина стрелок 20
длина штанги (1я часть) 1 152
длина штанги (1я часть) 2 171
длина штанги (1я часть) 3 209
длина штанги (1я часть) 4 247
длина штанги (1я часть) 5 266
длина штанги (1я часть) 6 152
длина штанги (1я часть) 7 171
длина штанги (1я часть) 8 209
длина штанги (1я часть) 9 247
длина штанги (1я часть) 10 266
длина штанги (2я часть) 1 152
длина штанги (2я часть) 2 171
длина штанги (2я часть) 3 209
длина штанги (2я часть) 4 247
длина штанги (2я часть) 5 266
длина штанги (2я часть) 6 152
длина штанги (2я часть) 7 171
длина штанги (2я часть) 8 209
длина штанги (2я часть) 9 247
длина штанги (2я часть) 10 266
длина "закрывашек" 20
расстояние между линиями 240
расстояние до рельсов Понзо 20
ширина линий 4
всего опытов 20
OPEL3_WIDTH:209
660 254  7543
872 246  8729
667 490  9849
863 485  11172
Воспроизведение
662 244  12712
848 254  13362
653 507  14237
870 498  15030
OPEL3_WIDTH:209
673 255  704
862 247  1522
669 477  2397
870 482  3738
Воспроизведение
660 253  5006
885 243  6038
650 520  6957
862 510  7784
OPEL3_WIDTH:171
697 259  986
845 244  2212
695 487  2885
844 484  4173
Воспроизведение
683 247  5471
848 240  6100
674 500  7008
859 504  7781
OPEL3_WIDTH:152
703 241  1205
830 246  2171
694 498  3163
839 484  3927
Воспроизведение
706 260  5254
854 247  6037
702 485  6755
870 460  7418
OPEL3_WIDTH:152
698 251  1415
838 240  2266
694 493  3085
845 479  4094
Воспроизведение
695 255  5269
866 258  5917
689 498  6621
875 491  7456
OPEL3_WIDTH:247
642 251  1456
885 244  2601
650 494  3419
883 485  5355
Воспроизведение
648 251  6772
878 245  7886
645 514  8715
898 511  9555
OPEL3_WIDTH:171
682 258  1253
853 241  2516
690 496  3394
853 487  4902
Воспроизведение
702 248  6179
858 249  6984
701 519  7766
885 495  8596
OPEL3_WIDTH:266
646 246  1178
896 252  3111
637 487  4010
906 493  5621
Воспроизведение
651 271  7898
898 257  9072
630 527  9964
925 503  11224
OPEL3_WIDTH:266
632 255  1365
902 241  3332
Воспроизведение
631 486  4790
945 489  5688
590 279  7994
590 295  8025
622 291  8417
898 303  9053
OPEL3_WIDTH:247
648 244  1460
889 240  2952
650 492  3752
887 479  5170
Воспроизведение
625 269  8135
874 265  9067
630 501  9841
921 465  10944
NO_ILLUSION0_WIDTH:152
702 247  937
833 255  2055
694 488  2795
837 483  3635
Воспроизведение
690 260  4897
840 249  5686
696 508  6443
850 511  7128
NO_ILLUSION0_WIDTH:266
639 256  1297
885 251  2323
641 485  3021
891 487  4220
Воспроизведение
630 244  5996
885 223  7235
650 491  8048
912 487  8933
NO_ILLUSION0_WIDTH:171
681 255  1019
841 257  2016
676 492  2803
846 486  3970
Воспроизведение
686 247  5489
849 251  6359
689 487  7128
875 476  8097
NO_ILLUSION0_WIDTH:247
643 249  1044
876 253  2289
653 480  3104
879 481  4693
Воспроизведение
663 251  6039
875 246  6938
654 503  7802
880 484  8687
NO_ILLUSION0_WIDTH:209
673 246  893
858 251  2206
666 501  2883
860 476  4338
Воспроизведение
672 259  6486
841 247  7323
665 508  8253
881 491  9256
NO_ILLUSION0_WIDTH:171
682 255  1321
846 243  2531
679 489  3427
849 485  4485
Воспроизведение
660 267  7262
836 255  8284
672 515  9193
868 504  10220
NO_ILLUSION0_WIDTH:247
638 254  1428
881 244  2917
650 493  3930
880 484  6803
Воспроизведение
650 251  8501
886 234  9756
650 476  10805
888 475  11917
NO_ILLUSION0_WIDTH:209
666 251  1458
861 242  2857
658 487  3737
865 482  5291
Воспроизведение
666 252  6578
866 233  7464
664 507  8470
922 509  9481
NO_ILLUSION0_WIDTH:152
693 256  1834
834 243  3141
702 491  4260
849 483  5301
Воспроизведение
708 260  7055
868 246  7830
701 500  8931
854 491  9988
NO_ILLUSION0_WIDTH:266
635 251  1361
899 248  2871
639 476  4063
903 487  5456
Воспроизведение
642 261  7621
858 262  8545
649 500  9556
873 492  10440
