не показывать курсор
тип стимула OPEL_TOP
перпендикулярные отрезки в Оппель-Кундта каждые... пикс 19
высота перпендикулярных отрезков в Оппель-Кундта 20
угол стрелок 45
длина стрелок 20
длина штанги (1я часть) 1 152
длина штанги (1я часть) 2 171
длина штанги (1я часть) 3 209
длина штанги (1я часть) 4 247
длина штанги (1я часть) 5 266
длина штанги (1я часть) 6 152
длина штанги (1я часть) 7 171
длина штанги (1я часть) 8 209
длина штанги (1я часть) 9 247
длина штанги (1я часть) 10 266
длина штанги (2я часть) 1 152
длина штанги (2я часть) 2 171
длина штанги (2я часть) 3 209
длина штанги (2я часть) 4 247
длина штанги (2я часть) 5 266
длина штанги (2я часть) 6 152
длина штанги (2я часть) 7 171
длина штанги (2я часть) 8 209
длина штанги (2я часть) 9 247
длина штанги (2я часть) 10 266
длина "закрывашек" 20
расстояние между линиями 240
расстояние до рельсов Понзо 20
ширина линий 4
всего опытов 20
OPEL3_WIDTH:152
670 257  2608
848 266  3290
701 487  4028
835 491  4582
Воспроизведение
709 253  6060
852 261  6483
660 480  7204
837 475  7688
OPEL3_WIDTH:266
639 240  831
892 259  1624
638 493  2205
893 474  3267
Воспроизведение
633 248  4394
916 247  5280
650 464  5927
933 448  6687
OPEL3_WIDTH:171
680 259  797
849 247  1516
696 483  2310
846 477  2864
Воспроизведение
682 259  4057
857 247  4760
694 495  5320
888 471  6028
OPEL3_WIDTH:247
638 246  975
876 255  1818
638 504  2418
879 487  3319
Воспроизведение
640 255  4563
877 263  5384
632 486  5994
880 464  6785
OPEL3_WIDTH:209
656 250  861
863 250  1637
659 487  2295
860 476  3173
Воспроизведение
662 241  4682
864 247  5320
670 479  5989
873 466  6901
OPEL3_WIDTH:266
635 245  890
892 254  1793
646 482  2516
884 481  3278
Воспроизведение
636 247  5113
902 255  5808
640 481  6450
874 466  7330
OPEL3_WIDTH:209
662 243  1221
875 255  1789
657 489  2384
868 487  3237
Воспроизведение
659 257  4712
853 257  5296
646 475  6064
881 475  7135
OPEL3_WIDTH:171
670 250  890
846 251  1457
675 501  2083
845 479  2743
Воспроизведение
674 254  3594
853 251  4097
677 507  4879
858 497  5591
OPEL3_WIDTH:247
635 243  894
885 252  1746
639 503  2342
877 479  3269
Воспроизведение
641 242  4735
876 258  5518
628 503  6192
939 476  7313
OPEL3_WIDTH:152
696 255  853
838 248  1398
685 499  2097
850 485  3010
Воспроизведение
700 249  4060
838 247  4600
707 492  5294
853 483  5955
NO_ILLUSION0_WIDTH:171
689 240  1002
847 252  1618
676 495  2293
850 485  2990
Воспроизведение
682 247  4257
851 258  5054
682 481  5811
856 471  6523
NO_ILLUSION0_WIDTH:152
696 238  903
838 245  1633
680 490  2314
841 476  2978
Воспроизведение
686 255  4480
826 255  5062
699 489  5917
849 477  6693
NO_ILLUSION0_WIDTH:247
644 252  706
881 249  1442
646 493  2159
879 484  3358
Воспроизведение
641 244  4564
871 252  5131
635 479  5867
907 469  6612
NO_ILLUSION0_WIDTH:247
642 246  838
887 253  1600
639 496  2143
875 483  2842
Воспроизведение
626 255  4141
860 257  4962
650 483  5723
927 464  6488
NO_ILLUSION0_WIDTH:209
671 251  742
846 255  1327
660 483  2131
870 476  3222
Воспроизведение
645 248  4523
856 252  5401
650 499  6095
865 483  7040
NO_ILLUSION0_WIDTH:266
631 257  801
912 251  1731
639 489  2421
892 479  3604
Воспроизведение
629 249  5074
872 240  5896
636 491  6528
918 487  7454
NO_ILLUSION0_WIDTH:209
654 236  1002
871 240  1806
662 493  2504
866 480  3304
Воспроизведение
655 258  4965
859 250  5849
664 501  6587
876 478  7406
NO_ILLUSION0_WIDTH:152
690 251  1009
831 249  1651
692 494  2606
832 487  3734
Воспроизведение
691 251  5159
822 255  5870
678 496  6842
850 475  7431
NO_ILLUSION0_WIDTH:171
678 255  1111
850 262  1803
677 499  2366
842 490  3355
Воспроизведение
686 255  4394
767 250  4739
690 250  5368
870 244  5824
680 492  6451
875 482  7194
NO_ILLUSION0_WIDTH:266
619 252  898
894 251  1786
626 509  2381
895 492  3436
Воспроизведение
634 245  4882
858 257  5699
624 496  6516
924 483  7746
