не показывать курсор
тип стимула OPEL_TOP
перпендикулярные отрезки в Оппель-Кундта каждые... пикс 19
высота перпендикулярных отрезков в Оппель-Кундта 20
угол стрелок 45
длина стрелок 20
длина штанги (1я часть) 1 152
длина штанги (1я часть) 2 171
длина штанги (1я часть) 3 209
длина штанги (1я часть) 4 247
длина штанги (1я часть) 5 266
длина штанги (1я часть) 6 152
длина штанги (1я часть) 7 171
длина штанги (1я часть) 8 209
длина штанги (1я часть) 9 247
длина штанги (1я часть) 10 266
длина штанги (2я часть) 1 152
длина штанги (2я часть) 2 171
длина штанги (2я часть) 3 209
длина штанги (2я часть) 4 247
длина штанги (2я часть) 5 266
длина штанги (2я часть) 6 152
длина штанги (2я часть) 7 171
длина штанги (2я часть) 8 209
длина штанги (2я часть) 9 247
длина штанги (2я часть) 10 266
длина "закрывашек" 20
расстояние между линиями 240
расстояние до рельсов Понзо 20
ширина линий 4
всего опытов 20
OPEL3_WIDTH:152
690 257  6004
843 245  6947
698 486  7807
838 482  8577
Воспроизведение
694 243  9924
856 238  10804
697 502  11696
858 488  12607
OPEL3_WIDTH:209
657 248  969
864 247  1582
666 495  2349
864 493  3119
Воспроизведение
675 238  4436
854 239  5336
647 501  6198
874 491  7243
OPEL3_WIDTH:266
634 249  1161
894 249  2278
641 492  3146
887 487  4346
Воспроизведение
640 255  5604
870 251  6789
640 499  7509
895 487  8644
OPEL3_WIDTH:171
678 251  1049
844 248  1869
690 498  2767
850 495  3800
Воспроизведение
682 251  5053
841 243  5997
670 507  6988
879 493  8121
OPEL3_WIDTH:247
649 245  1143
885 247  2162
659 487  2924
877 480  4235
Воспроизведение
646 246  5527
856 243  6571
639 518  7685
876 510  8761
OPEL3_WIDTH:266
640 245  1161
891 247  2163
647 481  2998
899 483  4093
Воспроизведение
646 242  5455
889 238  6527
638 512  7405
905 495  8541
OPEL3_WIDTH:152
681 247  1127
839 247  1836
700 490  2776
845 487  3586
Воспроизведение
690 235  4852
844 232  5655
668 477  6593
842 475  7472
OPEL3_WIDTH:171
683 244  1205
847 239  1912
687 498  2680
849 492  3670
Воспроизведение
694 233  4922
836 234  5675
678 477  6488
861 476  7352
OPEL3_WIDTH:209
670 250  1305
866 248  2127
666 499  2941
861 496  3826
Воспроизведение
670 247  5206
860 245  6040
674 506  7001
874 495  7948
OPEL3_WIDTH:247
642 259  1222
880 249  2150
657 496  2981
881 485  4066
Воспроизведение
662 239  5840
894 239  7072
640 459  7809
879 457  9030
NO_ILLUSION0_WIDTH:247
655 251  1503
877 246  2220
657 476  3142
875 479  4448
Воспроизведение
642 252  5860
863 253  6855
639 499  7655
894 485  8903
NO_ILLUSION0_WIDTH:171
685 249  1065
846 251  1786
689 486  2584
842 487  3429
Воспроизведение
689 243  4792
850 242  5591
698 495  6478
875 482  7529
NO_ILLUSION0_WIDTH:266
633 254  1404
888 249  2454
638 492  3248
888 493  4358
Воспроизведение
646 249  5708
858 245  6706
645 485  7473
884 483  9081
NO_ILLUSION0_WIDTH:171
676 244  1035
836 245  1794
685 487  2703
842 495  3615
Воспроизведение
692 243  5131
855 238  5936
678 468  6782
866 463  8426
NO_ILLUSION0_WIDTH:247
636 254  1263
871 249  2007
664 490  3256
877 493  4212
Воспроизведение
650 243  5652
846 238  6433
660 475  7239
897 487  8272
NO_ILLUSION0_WIDTH:152
700 248  1240
850 249  1889
701 491  2719
838 489  3444
Воспроизведение
694 242  4760
839 242  5407
689 486  6285
872 479  7199
NO_ILLUSION0_WIDTH:266
627 259  988
886 249  1733
649 488  2759
884 485  3583
Воспроизведение
658 260  5023
862 256  5817
664 507  6661
909 492  7798
NO_ILLUSION0_WIDTH:152
687 247  1100
834 243  1668
698 497  2518
850 488  3133
Воспроизведение
705 237  4515
851 237  5367
693 463  6290
872 463  7252
NO_ILLUSION0_WIDTH:209
660 259  1238
858 248  2029
658 490  2798
859 487  3702
Воспроизведение
658 259  5159
859 251  6159
646 511  7054
875 492  8145
NO_ILLUSION0_WIDTH:209
668 243  1464
863 243  2104
670 497  2888
862 487  3815
Воспроизведение
662 251  5091
842 243  5981
659 499  6763
880 475  7806
