не показывать курсор
тип стимула OPEL_TOP
перпендикулярные отрезки в Оппель-Кундта каждые... пикс 19
высота перпендикулярных отрезков в Оппель-Кундта 20
угол стрелок 45
длина стрелок 20
длина штанги (1я часть) 1 152
длина штанги (1я часть) 2 171
длина штанги (1я часть) 3 209
длина штанги (1я часть) 4 247
длина штанги (1я часть) 5 266
длина штанги (1я часть) 6 152
длина штанги (1я часть) 7 171
длина штанги (1я часть) 8 209
длина штанги (1я часть) 9 247
длина штанги (1я часть) 10 266
длина штанги (2я часть) 1 152
длина штанги (2я часть) 2 171
длина штанги (2я часть) 3 209
длина штанги (2я часть) 4 247
длина штанги (2я часть) 5 266
длина штанги (2я часть) 6 152
длина штанги (2я часть) 7 171
длина штанги (2я часть) 8 209
длина штанги (2я часть) 9 247
длина штанги (2я часть) 10 266
длина "закрывашек" 20
расстояние между линиями 240
расстояние до рельсов Понзо 20
ширина линий 4
всего опытов 20
OPEL3_WIDTH:152
697 251  3880
846 251  4468
696 491  5459
841 488  6026
Воспроизведение
680 248  8230
852 255  8741
690 479  9540
869 477  10140
OPEL3_WIDTH:266
636 252  1287
890 249  2095
647 483  2911
902 488  3782
Воспроизведение
642 244  5035
887 239  5790
646 506  6772
882 500  7560
OPEL3_WIDTH:171
684 249  1551
842 249  2242
682 483  3008
850 497  3793
Воспроизведение
684 250  4951
857 246  5594
681 493  6393
878 500  7146
OPEL3_WIDTH:247
650 245  1270
885 250  2118
645 479  2902
885 494  3687
Воспроизведение
650 253  5005
889 255  5743
650 503  6569
901 491  7291
OPEL3_WIDTH:266
639 242  1365
897 253  2174
636 487  2878
897 500  3895
Воспроизведение
636 248  5221
882 241  5994
636 491  6827
900 489  7724
OPEL3_WIDTH:171
684 247  1191
850 250  1806
681 482  2509
849 489  3160
Воспроизведение
682 247  4303
859 248  4983
685 490  5814
877 490  6554
OPEL3_WIDTH:247
642 246  1006
884 249  1778
646 488  2578
886 494  3466
Воспроизведение
650 237  4618
883 237  5340
670 477  6138
896 467  6920
OPEL3_WIDTH:209
663 246  993
872 255  1641
668 491  2425
874 499  3220
Воспроизведение
662 243  4457
860 243  5136
663 483  5975
877 481  6789
OPEL3_WIDTH:209
663 255  1129
870 247  1763
666 487  2497
870 491  3129
Воспроизведение
665 237  4342
882 236  5018
667 479  5865
902 480  6766
OPEL3_WIDTH:152
700 252  1224
851 247  1682
698 480  2373
846 491  2901
Воспроизведение
700 239  4119
854 235  4694
692 486  5442
855 495  6175
NO_ILLUSION0_WIDTH:266
638 251  1083
890 252  1750
635 489  2472
904 491  3312
Воспроизведение
650 241  4469
887 241  5267
659 463  6066
898 461  6903
NO_ILLUSION0_WIDTH:171
688 245  1102
842 258  1703
679 484  2467
863 489  3127
Воспроизведение
680 243  4178
850 236  4696
690 504  5528
885 502  6268
NO_ILLUSION0_WIDTH:171
682 251  1362
856 257  1919
679 490  2511
845 491  3123
Воспроизведение
685 244  4320
838 243  4962
676 495  5712
863 492  6555
NO_ILLUSION0_WIDTH:247
642 252  1458
886 245  2088
650 484  2824
887 492  3700
Воспроизведение
651 243  5262
892 241  5961
654 493  6733
925 484  7558
NO_ILLUSION0_WIDTH:209
669 245  1005
866 254  1653
664 481  2390
870 483  3073
Воспроизведение
664 234  4391
860 240  4988
665 489  5687
885 488  6424
NO_ILLUSION0_WIDTH:247
644 256  927
881 249  1559
650 495  2219
884 489  2934
Воспроизведение
653 239  4076
873 243  4759
624 476  5623
866 471  6448
NO_ILLUSION0_WIDTH:266
631 256  1067
894 251  1779
639 487  2546
892 490  3462
Воспроизведение
630 247  4874
846 248  5765
640 502  6560
878 490  7238
NO_ILLUSION0_WIDTH:152
690 247  1600
848 252  2171
690 482  3023
838 489  3600
Воспроизведение
702 267  5731
842 269  6330
695 483  7354
864 478  8189
NO_ILLUSION0_WIDTH:152
699 255  1162
838 251  1731
694 483  2497
837 483  3063
Воспроизведение
699 246  4482
836 241  4975
701 481  5676
851 476  6180
NO_ILLUSION0_WIDTH:209
667 258  1067
866 258  1620
655 497  2279
864 487  2943
Воспроизведение
662 259  4262
861 259  4957
671 500  5711
876 499  6393
