не показывать курсор
тип стимула OPEL_TOP
перпендикулярные отрезки в Оппель-Кундта каждые... пикс 19
высота перпендикулярных отрезков в Оппель-Кундта 20
угол стрелок 45
длина стрелок 20
длина штанги (1я часть) 1 152
длина штанги (1я часть) 2 171
длина штанги (1я часть) 3 209
длина штанги (1я часть) 4 247
длина штанги (1я часть) 5 266
длина штанги (1я часть) 6 152
длина штанги (1я часть) 7 171
длина штанги (1я часть) 8 209
длина штанги (1я часть) 9 247
длина штанги (1я часть) 10 266
длина штанги (2я часть) 1 152
длина штанги (2я часть) 2 171
длина штанги (2я часть) 3 209
длина штанги (2я часть) 4 247
длина штанги (2я часть) 5 266
длина штанги (2я часть) 6 152
длина штанги (2я часть) 7 171
длина штанги (2я часть) 8 209
длина штанги (2я часть) 9 247
длина штанги (2я часть) 10 266
длина "закрывашек" 20
расстояние между линиями 240
расстояние до рельсов Понзо 20
ширина линий 4
всего опытов 20
OPEL3_WIDTH:247
645 495  4594
877 479  4974
648 239  5402
912 263  5717
Воспроизведение
650 490  6811
898 492  7115
662 267  7499
949 282  7781
OPEL3_WIDTH:209
666 500  704
877 498  948
663 239  1383
870 239  1651
Воспроизведение
651 494  2717
900 506  2978
654 283  3420
932 294  3717
OPEL3_WIDTH:209
679 492  672
885 495  928
674 249  1302
893 243  1575
Воспроизведение
652 499  2640
884 519  2891
659 292  3314
894 287  3658
OPEL3_WIDTH:171
691 489  752
875 495  950
689 251  1474
886 267  1732
Воспроизведение
670 519  2845
864 546  3097
635 329  3486
897 334  3737
OPEL3_WIDTH:171
673 475  725
857 476  1013
676 233  1437
866 239  1701
Воспроизведение
698 506  2723
887 523  2960
676 278  3365
938 287  3599
OPEL3_WIDTH:152
706 480  1191
873 491  1425
688 237  1830
863 249  2082
Воспроизведение
698 502  3163
899 506  3404
677 297  3839
890 316  4107
OPEL3_WIDTH:266
638 481  680
917 484  966
632 257  1382
954 236  1703
Воспроизведение
649 503  2685
918 526  2985
632 287  3363
910 295  3596
OPEL3_WIDTH:247
650 499  721
928 510  1010
635 245  1553
894 242  1905
Воспроизведение
647 502  3072
956 517  3350
656 274  3848
956 300  4121
OPEL3_WIDTH:266
620 487  654
919 488  1008
618 231  1429
896 236  1855
Воспроизведение
648 487  2904
920 499  3190
646 279  3554
948 278  3814
OPEL3_WIDTH:152
673 480  620
854 475  864
675 236  1312
870 249  1540
Воспроизведение
689 491  2773
851 509  2966
645 312  3393
870 307  3628
NO_ILLUSION0_WIDTH:209
657 478  596
885 474  854
670 227  1278
878 256  1538
Воспроизведение
684 474  2602
916 487  2854
684 279  3248
950 303  3474
NO_ILLUSION0_WIDTH:247
652 491  716
928 503  967
641 235  1443
887 252  1707
Воспроизведение
668 493  2778
926 515  3004
658 300  3410
950 335  3639
NO_ILLUSION0_WIDTH:152
698 481  579
834 490  821
672 258  1176
834 249  1418
Воспроизведение
692 477  2499
857 482  2706
691 288  3087
855 295  3268
NO_ILLUSION0_WIDTH:266
610 473  721
906 479  1007
646 258  1445
952 264  1705
Воспроизведение
622 507  2813
906 517  3122
647 298  3509
923 321  3769
NO_ILLUSION0_WIDTH:209
672 495  620
931 501  870
655 257  1351
886 247  1580
Воспроизведение
676 490  2520
890 483  2737
668 295  3148
913 286  3372
NO_ILLUSION0_WIDTH:247
654 495  719
897 501  978
663 277  1442
886 243  1654
Воспроизведение
682 501  2820
935 499  3055
680 291  3533
926 267  3774
NO_ILLUSION0_WIDTH:266
662 498  626
902 495  885
669 287  1405
897 241  1691
Воспроизведение
652 502  2668
919 515  2910
654 299  3261
909 295  3493
NO_ILLUSION0_WIDTH:171
686 487  618
858 495  836
683 257  1258
882 262  1436
Воспроизведение
686 485  2434
890 490  2639
715 267  3036
870 266  3215
NO_ILLUSION0_WIDTH:152
682 492  554
874 487  801
690 239  1208
871 254  1413
Воспроизведение
698 494  2383
863 501  2581
696 259  2969
905 255  3181
NO_ILLUSION0_WIDTH:171
684 482  585
886 482  820
678 236  1180
902 253  1407
Воспроизведение
685 491  2301
898 488  2520
688 262  2996
943 297  3171
