не показывать курсор
тип стимула OPEL_TOP
перпендикулярные отрезки в Оппель-Кундта каждые... пикс 19
высота перпендикулярных отрезков в Оппель-Кундта 20
угол стрелок 45
длина стрелок 20
длина штанги (1я часть) 1 152
длина штанги (1я часть) 2 171
длина штанги (1я часть) 3 209
длина штанги (1я часть) 4 247
длина штанги (1я часть) 5 266
длина штанги (1я часть) 6 152
длина штанги (1я часть) 7 171
длина штанги (1я часть) 8 209
длина штанги (1я часть) 9 247
длина штанги (1я часть) 10 266
длина штанги (2я часть) 1 152
длина штанги (2я часть) 2 171
длина штанги (2я часть) 3 209
длина штанги (2я часть) 4 247
длина штанги (2я часть) 5 266
длина штанги (2я часть) 6 152
длина штанги (2я часть) 7 171
длина штанги (2я часть) 8 209
длина штанги (2я часть) 9 247
длина штанги (2я часть) 10 266
длина "закрывашек" 20
расстояние между линиями 240
расстояние до рельсов Понзо 20
ширина линий 4
всего опытов 20
OPEL3_WIDTH:152
697 242  2355
850 241  2580
675 491  3126
902 500  3343
Воспроизведение
675 485  4556
877 502  4725
660 279  5160
847 273  5383
OPEL3_WIDTH:247
651 259  753
881 253  1139
644 481  1621
880 487  2047
Воспроизведение
650 276  2751
926 284  3097
649 477  3555
903 495  3908
OPEL3_WIDTH:152
693 231  910
830 235  1225
675 491  1756
852 492  2013
Воспроизведение
686 281  2825
877 270  3106
679 479  3550
870 486  3822
OPEL3_WIDTH:171
693 244  934
856 237  1270
676 475  1738
880 461  1991
Воспроизведение
662 505  2681
878 500  2902
684 294  3419
OPEL3_WIDTH:209
913 283  0
669 261  789
875 238  1100
658 482  1572
856 486  1853
Воспроизведение
654 503  2642
897 498  2893
678 298  3396
OPEL3_WIDTH:266
916 303  0
642 253  848
920 248  1181
635 483  1792
905 480  2099
Воспроизведение
667 512  2890
927 502  3159
678 275  3737
942 298  3974
OPEL3_WIDTH:247
638 488  859
893 529  1164
645 264  1815
895 255  2138
Воспроизведение
630 496  2961
885 474  3278
643 271  3789
914 268  4102
OPEL3_WIDTH:171
676 264  892
852 252  1176
675 484  1722
880 466  1974
Воспроизведение
665 511  2767
892 503  3054
696 298  3584
OPEL3_WIDTH:209
899 307  0
673 257  782
858 259  1070
674 492  1538
868 504  1886
Воспроизведение
674 506  2593
902 504  2836
674 271  3378
910 285  3674
OPEL3_WIDTH:266
640 253  800
893 239  1166
650 469  1744
924 477  2013
Воспроизведение
666 534  2735
930 533  2982
688 324  3601
938 311  3837
NO_ILLUSION0_WIDTH:266
648 239  756
895 224  1052
650 469  1509
895 479  1753
Воспроизведение
634 489  2576
906 487  2839
NO_ILLUSION0_WIDTH:247
654 252  1094
890 260  1399
654 473  1820
913 488  2073
Воспроизведение
646 487  3061
917 485  3331
673 271  3677
673 271  3677
673 271  3728
914 258  4120
NO_ILLUSION0_WIDTH:209
655 499  597
890 487  867
663 259  1395
877 254  1745
Воспроизведение
653 493  2370
884 495  2616
652 271  3043
898 263  3283
NO_ILLUSION0_WIDTH:209
667 499  720
887 478  958
689 249  1575
885 263  1836
Воспроизведение
656 485  2792
857 473  3075
673 271  3577
881 273  3844
NO_ILLUSION0_WIDTH:152
699 253  706
874 252  961
696 487  1436
866 478  1643
Воспроизведение
675 481  2422
879 483  2646
695 273  3005
869 284  3211
NO_ILLUSION0_WIDTH:171
686 252  909
879 249  1148
682 475  1571
841 481  1770
Воспроизведение
682 491  2629
846 486  2851
707 263  3222
877 265  3524
NO_ILLUSION0_WIDTH:171
686 481  627
854 477  884
689 252  1350
873 243  1600
Воспроизведение
695 489  2580
866 478  2822
684 284  3240
866 286  3464
NO_ILLUSION0_WIDTH:152
695 483  610
855 469  830
702 242  1331
849 245  1572
Воспроизведение
700 483  2458
873 489  2669
706 273  3128
882 271  3352
NO_ILLUSION0_WIDTH:266
633 492  698
894 507  1029
650 252  1643
874 266  1979
Воспроизведение
631 497  2749
888 500  3029
673 271  3530
914 271  3853
NO_ILLUSION0_WIDTH:247
644 481  704
906 491  1010
646 253  1800
878 259  2141
Воспроизведение
644 488  2817
903 492  3103
662 239  3591
916 250  3869
