не показывать курсор
тип стимула OPEL_TOP
перпендикулярные отрезки в Оппель-Кундта каждые... пикс 19
высота перпендикулярных отрезков в Оппель-Кундта 20
угол стрелок 45
длина стрелок 20
длина штанги (1я часть) 1 152
длина штанги (1я часть) 2 171
длина штанги (1я часть) 3 209
длина штанги (1я часть) 4 247
длина штанги (1я часть) 5 266
длина штанги (1я часть) 6 152
длина штанги (1я часть) 7 171
длина штанги (1я часть) 8 209
длина штанги (1я часть) 9 247
длина штанги (1я часть) 10 266
длина штанги (2я часть) 1 152
длина штанги (2я часть) 2 171
длина штанги (2я часть) 3 209
длина штанги (2я часть) 4 247
длина штанги (2я часть) 5 266
длина штанги (2я часть) 6 152
длина штанги (2я часть) 7 171
длина штанги (2я часть) 8 209
длина штанги (2я часть) 9 247
длина штанги (2я часть) 10 266
длина "закрывашек" 20
расстояние между линиями 240
расстояние до рельсов Понзо 20
ширина линий 4
всего опытов 20
OPEL3_WIDTH:266
608 246  3339
907 250  3861
622 479  4379
905 483  4784
Воспроизведение
611 246  6205
899 257  6601
602 493  7120
914 499  7524
OPEL3_WIDTH:266
603 239  774
894 241  1206
627 486  1734
899 483  2309
Воспроизведение
602 252  3512
902 253  3969
600 518  4512
903 511  4953
OPEL3_WIDTH:171
654 252  849
865 248  1200
666 486  1707
851 479  2067
Воспроизведение
657 249  3241
886 248  3573
661 503  4093
899 507  4461
OPEL3_WIDTH:171
660 246  835
861 243  1139
656 494  1714
860 482  2065
Воспроизведение
652 250  3200
870 260  3560
660 505  4084
869 506  4470
OPEL3_WIDTH:247
625 243  977
898 252  1347
627 487  1900
900 479  2321
Воспроизведение
615 251  3507
900 256  3937
630 511  4490
912 516  4912
OPEL3_WIDTH:152
664 247  893
859 248  1209
681 484  1788
858 479  2111
Воспроизведение
654 255  3253
896 271  3630
683 502  4193
867 503  4560
OPEL3_WIDTH:247
608 255  854
891 251  1285
629 483  1827
894 476  2222
Воспроизведение
585 243  3587
887 248  4009
590 506  4593
857 507  5005
OPEL3_WIDTH:209
636 245  1161
870 249  1582
639 486  2152
878 484  2573
Воспроизведение
616 249  3693
886 265  4097
642 520  4696
868 515  5055
OPEL3_WIDTH:209
643 241  1101
878 247  1486
654 482  2032
882 475  2410
Воспроизведение
635 238  3773
902 236  4177
650 482  4832
894 486  5191
OPEL3_WIDTH:152
665 241  849
850 234  1189
680 481  1769
842 477  2065
Воспроизведение
666 259  3295
852 262  3591
666 522  4249
832 524  4581
NO_ILLUSION0_WIDTH:152
658 245  947
847 229  1279
676 477  1840
863 479  2135
Воспроизведение
650 248  3486
852 239  3838
673 497  4426
879 491  4795
NO_ILLUSION0_WIDTH:247
616 247  804
895 247  1181
631 483  1730
905 483  2125
Воспроизведение
612 239  3411
897 250  3815
638 509  4322
931 499  4771
NO_ILLUSION0_WIDTH:171
660 247  928
859 255  1260
665 486  1820
866 479  2144
Воспроизведение
629 245  3319
870 249  3696
636 515  4359
850 519  4717
NO_ILLUSION0_WIDTH:209
642 249  951
890 259  1335
632 495  1953
860 489  2312
Воспроизведение
633 253  3566
924 254  3988
630 509  4498
874 493  4883
NO_ILLUSION0_WIDTH:171
663 249  914
868 252  1245
668 495  1898
860 479  2248
Воспроизведение
635 268  3387
894 276  3807
660 547  4342
874 534  4799
NO_ILLUSION0_WIDTH:266
614 247  983
899 251  1486
623 485  2023
897 481  2454
Воспроизведение
583 243  3681
907 239  4139
607 484  4634
918 488  5048
NO_ILLUSION0_WIDTH:152
664 257  865
861 256  1243
667 503  1813
839 492  2173
Воспроизведение
654 262  3316
878 262  3694
684 529  4211
898 519  4623
NO_ILLUSION0_WIDTH:247
614 245  833
885 247  1201
Воспроизведение
626 487  1739
910 477  2295
616 277  6000
882 288  6340
619 505  6829
887 498  7239
NO_ILLUSION0_WIDTH:209
650 252  944
902 259  1324
642 485  1868
886 472  2254
Воспроизведение
610 254  3754
886 255  4103
625 491  4668
883 483  5055
NO_ILLUSION0_WIDTH:266
610 253  850
900 247  1281
609 500  1832
900 493  2236
Воспроизведение
579 249  3732
922 246  4163
610 508  4682
912 499  5148
