не показывать курсор
тип стимула OPEL_TOP
перпендикулярные отрезки в Оппель-Кундта каждые... пикс 19
высота перпендикулярных отрезков в Оппель-Кундта 20
угол стрелок 45
длина стрелок 20
длина штанги (1я часть) 1 152
длина штанги (1я часть) 2 171
длина штанги (1я часть) 3 209
длина штанги (1я часть) 4 247
длина штанги (1я часть) 5 266
длина штанги (1я часть) 6 152
длина штанги (1я часть) 7 171
длина штанги (1я часть) 8 209
длина штанги (1я часть) 9 247
длина штанги (1я часть) 10 266
длина штанги (2я часть) 1 152
длина штанги (2я часть) 2 171
длина штанги (2я часть) 3 209
длина штанги (2я часть) 4 247
длина штанги (2я часть) 5 266
длина штанги (2я часть) 6 152
длина штанги (2я часть) 7 171
длина штанги (2я часть) 8 209
длина штанги (2я часть) 9 247
длина штанги (2я часть) 10 266
длина "закрывашек" 20
расстояние между линиями 240
расстояние до рельсов Понзо 20
ширина линий 4
всего опытов 20
OPEL3_WIDTH:209
666 252  3017
874 243  4069
674 488  5205
867 484  6104
Воспроизведение
688 264  7672
926 250  8392
683 516  9123
928 511  9905
OPEL3_WIDTH:266
634 247  1403
898 240  2538
636 490  3229
894 481  4147
Воспроизведение
627 262  5291
906 240  6090
626 499  6825
904 490  7695
OPEL3_WIDTH:209
655 253  901
870 240  1745
665 500  2477
863 491  3197
Воспроизведение
662 243  4279
880 238  4981
654 488  5692
882 484  6439
OPEL3_WIDTH:171
685 245  1008
853 243  1673
680 496  2314
Воспроизведение
851 491  3034
680 260  3905
878 252  4705
687 490  5387
896 488  6054
OPEL3_WIDTH:247
631 243  1095
882 242  1967
648 491  2601
Воспроизведение
891 487  3428
646 250  4280
891 240  5035
651 483  5799
902 476  6573
OPEL3_WIDTH:266
633 250  916
902 243  1726
638 485  2482
894 480  3405
Воспроизведение
641 245  4483
902 240  5247
674 472  5926
929 467  6734
OPEL3_WIDTH:171
678 248  943
850 240  1600
677 491  2307
854 490  2980
Воспроизведение
678 247  4016
864 236  4716
678 466  5373
866 463  6118
OPEL3_WIDTH:152
682 251  976
853 236  1612
692 497  2415
850 493  3033
Воспроизведение
680 251  4210
872 253  4928
684 502  5593
880 512  6303
OPEL3_WIDTH:152
678 247  997
847 243  1682
686 494  2373
848 498  3099
Воспроизведение
678 253  4216
886 244  5041
696 492  5694
876 489  6448
OPEL3_WIDTH:247
629 257  1091
892 248  1963
639 487  2648
891 483  3400
Воспроизведение
637 252  4460
918 239  5339
651 478  5977
920 486  6992
NO_ILLUSION0_WIDTH:266
629 255  1524
904 242  2440
642 497  3308
902 481  4298
Воспроизведение
641 255  5577
910 237  6377
661 445  7066
926 447  7948
NO_ILLUSION0_WIDTH:247
632 247  956
880 241  1701
648 496  2529
901 492  3274
Воспроизведение
642 263  4212
905 255  5022
625 483  5825
908 483  6768
NO_ILLUSION0_WIDTH:152
697 245  951
854 247  1545
686 488  2260
842 483  2818
