не показывать курсор
тип стимула OPEL_TOP
перпендикулярные отрезки в Оппель-Кундта каждые... пикс 19
высота перпендикулярных отрезков в Оппель-Кундта 20
угол стрелок 45
длина стрелок 20
длина штанги (1я часть) 1 152
длина штанги (1я часть) 2 171
длина штанги (1я часть) 3 209
длина штанги (1я часть) 4 247
длина штанги (1я часть) 5 266
длина штанги (1я часть) 6 152
длина штанги (1я часть) 7 171
длина штанги (1я часть) 8 209
длина штанги (1я часть) 9 247
длина штанги (1я часть) 10 266
длина штанги (2я часть) 1 152
длина штанги (2я часть) 2 171
длина штанги (2я часть) 3 209
длина штанги (2я часть) 4 247
длина штанги (2я часть) 5 266
длина штанги (2я часть) 6 152
длина штанги (2я часть) 7 171
длина штанги (2я часть) 8 209
длина штанги (2я часть) 9 247
длина штанги (2я часть) 10 266
длина "закрывашек" 20
расстояние между линиями 240
расстояние до рельсов Понзо 20
ширина линий 4
всего опытов 20
OPEL3_WIDTH:171
682 244  40690
846 243  41508
676 483  42815
854 491  43570
Воспроизведение
606 281  47188
868 283  48173
599 511  49309
848 520  50191
OPEL3_WIDTH:247
644 236  2430
886 244  3352
634 482  4291
899 495  5142
Воспроизведение
627 256  7158
948 259  8055
606 462  9010
957 471  9971
OPEL3_WIDTH:152
682 247  1674
850 255  2313
682 485  3096
846 488  3648
Воспроизведение
682 262  5541
921 264  6170
674 516  7015
926 523  7643
OPEL3_WIDTH:266
621 256  1189
899 252  1898
626 486  2603
916 502  3389
Воспроизведение
624 247  4927
624 247  4927
624 247  4998
969 257  5984
606 488  6906
985 499  7772
OPEL3_WIDTH:152
682 245  1478
847 251  2033
701 487  2692
864 495  3340
Воспроизведение
657 237  5254
905 244  5945
672 507  6806
894 492  7497
OPEL3_WIDTH:209
654 249  1269
893 241  1946
658 481  2587
897 491  3171
Воспроизведение
628 262  4752
920 266  5431
642 509  6231
914 518  6884
OPEL3_WIDTH:266
628 259  1351
910 246  2075
626 487  2733
922 497  3506
Воспроизведение
624 247  4632
946 242  5482
628 476  6314
958 488  7118
OPEL3_WIDTH:209
654 249  1283
895 254  2053
652 483  2852
874 490  3549
Воспроизведение
652 255  4724
652 255  4737
652 255  4770
921 237  5729
629 503  6638
908 496  7384
OPEL3_WIDTH:171
678 254  1598
850 253  2352
677 482  3149
850 491  3795
Воспроизведение
652 255  5433
919 270  6160
651 500  7004
923 508  7778
OPEL3_WIDTH:247
629 244  1779
890 259  2636
649 488  3401
899 495  4212
Воспроизведение
615 259  5982
950 257  6703
609 490  7553
923 479  8326
NO_ILLUSION0_WIDTH:171
678 248  1306
858 250  1808
697 478  2582
854 484  3036
Воспроизведение
690 249  4412
890 251  5030
690 483  5770
889 485  6376
NO_ILLUSION0_WIDTH:266
626 247  1219
924 244  1883
649 475  2393
649 475  2393
625 477  2654
926 478  3392
Воспроизведение
625 250  4792
938 250  5578
642 503  6173
952 499  7062
NO_ILLUSION0_WIDTH:152
686 239  1269
846 244  1744
700 491  2480
849 486  2952
Воспроизведение
696 264  4235
879 264  4757
650 516  5445
859 524  5917
NO_ILLUSION0_WIDTH:247
649 257  1066
916 258  1648
629 494  2254
894 496  2868
Воспроизведение
628 260  4138
947 264  4800
650 497  5411
929 501  6075
NO_ILLUSION0_WIDTH:209
654 247  1127
866 248  1633
666 485  2306
869 490  2818
Воспроизведение
677 239  4032
942 246  4573
623 512  5294
912 520  5826
NO_ILLUSION0_WIDTH:247
627 259  1143
891 250  1757
649 475  2494
894 483  2997
Воспроизведение
630 248  4483
941 237  5017
650 509  5689
930 509  6270
NO_ILLUSION0_WIDTH:152
696 248  1161
845 246  1631
698 485  2320
844 480  2775
Воспроизведение
690 247  4039
858 251  4602
680 520  5419
870 508  5968
NO_ILLUSION0_WIDTH:209
654 250  1181
870 242  1843
662 477  2592
880 479  3157
Воспроизведение
638 251  4330
920 255  4961
673 523  5571
910 523  6280
NO_ILLUSION0_WIDTH:266
628 248  951
897 244  1693
649 475  2336
896 489  3177
Воспроизведение
615 254  4400
902 263  5062
620 543  5923
926 546  6697
NO_ILLUSION0_WIDTH:171
690 239  1049
862 245  1697
676 490  2422
848 480  2940
Воспроизведение
679 244  3878
890 239  4367
671 526  4961
876 526  5592
