не показывать курсор
тип стимула OPEL_TOP
перпендикулярные отрезки в Оппель-Кундта каждые... пикс 19
высота перпендикулярных отрезков в Оппель-Кундта 20
угол стрелок 45
длина стрелок 20
длина штанги (1я часть) 1 152
длина штанги (1я часть) 2 171
длина штанги (1я часть) 3 209
длина штанги (1я часть) 4 247
длина штанги (1я часть) 5 266
длина штанги (1я часть) 6 152
длина штанги (1я часть) 7 171
длина штанги (1я часть) 8 209
длина штанги (1я часть) 9 247
длина штанги (1я часть) 10 266
длина штанги (2я часть) 1 152
длина штанги (2я часть) 2 171
длина штанги (2я часть) 3 209
длина штанги (2я часть) 4 247
длина штанги (2я часть) 5 266
длина штанги (2я часть) 6 152
длина штанги (2я часть) 7 171
длина штанги (2я часть) 8 209
длина штанги (2я часть) 9 247
длина штанги (2я часть) 10 266
длина "закрывашек" 20
расстояние между линиями 240
расстояние до рельсов Понзо 20
ширина линий 4
всего опытов 20
OPEL3_WIDTH:247
674 243  4795
927 250  5344
647 499  6050
914 495  6637
Воспроизведение
632 235  7856
983 248  8343
647 535  9001
959 536  9536
OPEL3_WIDTH:152
694 241  1017
891 256  1442
695 495  1974
860 494  2475
Воспроизведение
646 248  3707
917 253  4235
662 542  4783
899 546  5312
OPEL3_WIDTH:209
666 257  932
883 263  1436
666 494  1938
878 488  2449
Воспроизведение
668 252  3257
916 261  3840
674 519  4340
916 520  4954
OPEL3_WIDTH:171
671 258  752
869 260  1172
698 482  1654
871 483  2068
Воспроизведение
674 249  2881
893 258  3297
655 502  3743
900 492  4222
OPEL3_WIDTH:171
663 240  719
881 270  1128
702 497  1583
874 487  1999
Воспроизведение
667 227  2934
886 244  3342
672 499  3880
901 502  4370
OPEL3_WIDTH:152
678 239  784
870 248  1242
707 496  1774
878 494  2153
Воспроизведение
685 234  3133
888 250  3601
670 511  4135
869 514  4602
OPEL3_WIDTH:266
619 261  832
916 258  1403
647 479  1937
906 491  2614
Воспроизведение
614 232  3739
1011 246  4345
617 495  4849
1026 496  5440
OPEL3_WIDTH:247
639 255  863
936 256  1352
654 488  1917
943 491  2449
Воспроизведение
623 267  3688
965 270  4246
638 547  4809
973 537  5377
OPEL3_WIDTH:209
620 239  676
898 253  1214
666 502  1714
909 495  2094
Воспроизведение
646 259  3250
949 266  3852
642 513  4353
974 504  4809
OPEL3_WIDTH:266
616 250  800
926 251  1430
632 492  1854
929 485  2358
Воспроизведение
616 235  3442
990 243  4118
608 517  4542
950 515  5094
NO_ILLUSION0_WIDTH:247
626 233  784
937 252  1258
639 508  1728
917 507  2157
Воспроизведение
604 238  3163
970 245  3746
622 523  4293
962 518  4860
NO_ILLUSION0_WIDTH:266
625 252  897
937 258  1415
619 495  1948
928 495  2519
Воспроизведение
607 233  3663
1018 255  4249
612 545  4797
1033 546  5364
NO_ILLUSION0_WIDTH:171
666 263  862
873 246  1318
669 479  1694
884 507  2247
Воспроизведение
685 253  3296
910 255  3727
675 519  4271
925 531  4781
NO_ILLUSION0_WIDTH:247
645 249  802
904 255  1241
645 491  1701
908 495  2079
Воспроизведение
648 255  3300
978 251  3740
654 495  4241
982 512  4842
NO_ILLUSION0_WIDTH:171
683 254  962
867 251  1364
687 493  1869
874 496  2214
Воспроизведение
666 247  3108
891 250  3595
673 510  4050
902 492  4459
NO_ILLUSION0_WIDTH:266
633 258  862
931 256  1332
650 488  1870
923 495  2348
Воспроизведение
614 255  3324
933 241  3844
650 480  4299
952 510  4789
NO_ILLUSION0_WIDTH:209
648 250  766
894 251  1191
670 502  1723
890 495  2181
Воспроизведение
640 246  3323
886 243  3750
650 517  4333
900 531  4791
NO_ILLUSION0_WIDTH:152
669 256  720
879 247  1224
674 483  1633
878 506  2011
Воспроизведение
670 238  2939
887 245  3415
672 513  3853
895 534  4301
NO_ILLUSION0_WIDTH:209
644 251  780
904 251  1263
671 488  1734
874 482  2212
Воспроизведение
631 256  3164
911 255  3651
659 545  4186
949 546  4742
NO_ILLUSION0_WIDTH:152
673 248  737
880 256  1130
692 485  1694
882 489  2073
Воспроизведение
698 237  3222
922 249  3597
658 528  4223
896 534  4648
