не показывать курсор
тип стимула OPEL_TOP
перпендикулярные отрезки в Оппель-Кундта каждые... пикс 19
высота перпендикулярных отрезков в Оппель-Кундта 20
угол стрелок 45
длина стрелок 20
длина штанги (1я часть) 1 152
длина штанги (1я часть) 2 171
длина штанги (1я часть) 3 209
длина штанги (1я часть) 4 247
длина штанги (1я часть) 5 266
длина штанги (1я часть) 6 152
длина штанги (1я часть) 7 171
длина штанги (1я часть) 8 209
длина штанги (1я часть) 9 247
длина штанги (1я часть) 10 266
длина штанги (2я часть) 1 152
длина штанги (2я часть) 2 171
длина штанги (2я часть) 3 209
длина штанги (2я часть) 4 247
длина штанги (2я часть) 5 266
длина штанги (2я часть) 6 152
длина штанги (2я часть) 7 171
длина штанги (2я часть) 8 209
длина штанги (2я часть) 9 247
длина штанги (2я часть) 10 266
длина "закрывашек" 20
расстояние между линиями 240
расстояние до рельсов Понзо 20
ширина линий 4
всего опытов 20
OPEL3_WIDTH:171
689 251  3161
874 237  4017
679 493  4760
874 479  5634
Воспроизведение
674 254  7323
879 245  8169
674 438  9023
879 422  9794
OPEL3_WIDTH:152
683 243  923
857 244  1526
702 489  2309
855 487  2879
Воспроизведение
661 254  4040
883 249  4710
661 471  5488
879 465  6132
OPEL3_WIDTH:247
652 253  1067
902 253  1745
650 483  2552
898 482  3297
Воспроизведение
626 251  4547
874 254  5212
642 483  6047
912 489  6723
OPEL3_WIDTH:266
626 253  1086
911 250  1975
647 485  2782
898 485  3742
Воспроизведение
627 244  5301
925 251  6154
649 473  7046
928 470  7783
OPEL3_WIDTH:247
648 241  1820
919 243  2593
652 486  3495
900 491  4437
Воспроизведение
663 251  6002
907 248  6790
641 457  7793
924 467  8723
OPEL3_WIDTH:266
637 235  1240
914 256  2228
639 481  3168
899 489  4048
Воспроизведение
651 255  5841
918 253  6836
652 455  7708
898 447  8471
OPEL3_WIDTH:209
654 243  1193
876 240  1918
674 491  2872
874 491  3539
Воспроизведение
678 243  5122
893 251  5831
653 473  6656
890 475  7435
OPEL3_WIDTH:152
679 251  1112
851 250  1789
698 489  2661
850 489  3222
Воспроизведение
692 263  4947
886 268  5748
677 475  6520
892 477  7140
OPEL3_WIDTH:209
654 245  1207
879 243  2045
667 481  2945
878 487  3746
Воспроизведение
678 268  5316
892 263  6034
650 464  6889
904 464  7725
OPEL3_WIDTH:171
695 247  1150
860 244  1771
679 486  2594
865 491  3304
Воспроизведение
677 268  4729
874 270  5536
698 473  6458
889 473  7129
NO_ILLUSION0_WIDTH:152
704 253  1252
841 253  1818
701 488  2547
855 486  3215
Воспроизведение
705 251  4686
860 257  5463
702 479  6271
867 478  6919
NO_ILLUSION0_WIDTH:171
690 241  1111
862 247  1904
690 485  2767
866 489  3378
Воспроизведение
686 262  5019
878 263  5791
704 453  6679
887 463  7425
NO_ILLUSION0_WIDTH:247
630 246  1288
894 247  2173
649 487  3058
892 483  4035
Воспроизведение
643 243  5518
899 244  6343
651 461  7237
894 471  8034
NO_ILLUSION0_WIDTH:171
689 247  1055
856 248  1786
691 493  2673
852 491  3555
Воспроизведение
695 254  5109
874 245  5804
677 455  6500
889 445  7281
NO_ILLUSION0_WIDTH:152
692 241  1255
844 243  1852
699 482  2788
847 485  3493
Воспроизведение
669 247  4942
869 241  5781
670 459  6594
884 463  7542
NO_ILLUSION0_WIDTH:209
665 246  1143
883 240  1917
674 486  2845
874 483  3720
Воспроизведение
674 263  5235
898 252  6061
678 447  6810
894 447  7670
NO_ILLUSION0_WIDTH:247
646 233  1308
893 246  2144
650 493  2867
885 490  3885
Воспроизведение
652 254  5262
890 249  6053
636 471  6947
890 473  7772
NO_ILLUSION0_WIDTH:266
640 252  941
906 244  1715
645 491  2567
899 485  3549
Воспроизведение
638 252  5009
911 249  5856
646 464  6835
906 468  7721
NO_ILLUSION0_WIDTH:266
630 246  1285
900 252  2075
640 487  2892
899 489  3824
Воспроизведение
638 247  5201
915 254  6142
630 442  7039
918 440  7989
NO_ILLUSION0_WIDTH:209
670 242  1475
877 251  2223
666 482  3288
879 491  4198
Воспроизведение
676 250  5881
866 251  6756
652 440  7619
872 452  8464
