не показывать курсор
тип стимула OPEL_TOP
перпендикулярные отрезки в Оппель-Кундта каждые... пикс 19
высота перпендикулярных отрезков в Оппель-Кундта 20
угол стрелок 45
длина стрелок 20
длина штанги (1я часть) 1 152
длина штанги (1я часть) 2 171
длина штанги (1я часть) 3 209
длина штанги (1я часть) 4 247
длина штанги (1я часть) 5 266
длина штанги (1я часть) 6 152
длина штанги (1я часть) 7 171
длина штанги (1я часть) 8 209
длина штанги (1я часть) 9 247
длина штанги (1я часть) 10 266
длина штанги (2я часть) 1 152
длина штанги (2я часть) 2 171
длина штанги (2я часть) 3 209
длина штанги (2я часть) 4 247
длина штанги (2я часть) 5 266
длина штанги (2я часть) 6 152
длина штанги (2я часть) 7 171
длина штанги (2я часть) 8 209
длина штанги (2я часть) 9 247
длина штанги (2я часть) 10 266
длина "закрывашек" 20
расстояние между линиями 240
расстояние до рельсов Понзо 20
ширина линий 4
всего опытов 20
OPEL3_WIDTH:152
704 251  4960
853 257  5465
709 478  6234
849 481  6661
Воспроизведение
697 237  8149
857 239  8748
689 461  9687
846 462  10176
OPEL3_WIDTH:171
687 247  1115
866 252  1673
700 496  2374
846 492  2798
Воспроизведение
672 255  4126
868 259  4689
686 479  5489
867 467  6248
OPEL3_WIDTH:247
650 253  1134
910 256  1824
647 481  2519
898 489  3175
Воспроизведение
654 247  4484
902 268  5148
662 483  6035
880 479  6727
OPEL3_WIDTH:171
693 251  1276
870 258  1942
692 483  2917
859 495  3559
Воспроизведение
679 235  5050
901 254  5715
670 480  6595
868 479  7450
OPEL3_WIDTH:266
641 252  1511
916 253  2255
645 490  3041
910 487  3955
Воспроизведение
633 253  5675
906 251  6421
666 471  7304
902 471  8091
OPEL3_WIDTH:152
704 246  1471
849 256  1983
695 490  2641
855 498  3242
Воспроизведение
650 243  4874
870 247  5636
654 481  6500
865 478  7160
OPEL3_WIDTH:209
673 255  1214
882 255  1764
670 484  2556
874 491  3336
Воспроизведение
653 253  4809
904 250  5434
666 476  6172
899 482  6888
OPEL3_WIDTH:247
658 254  1262
897 255  1853
647 487  2586
895 496  3312
Воспроизведение
631 243  5164
905 249  5788
630 478  6572
897 489  7283
OPEL3_WIDTH:209
657 244  1016
894 247  1690
676 472  2617
884 490  3307
Воспроизведение
650 263  4993
907 260  5737
661 471  6517
897 477  7402
OPEL3_WIDTH:266
637 250  1128
919 255  1807
643 483  2532
898 491  3276
Воспроизведение
640 227  4842
912 231  5553
628 479  6537
905 473  7570
NO_ILLUSION0_WIDTH:171
695 257  1255
884 267  1803
692 481  2538
857 483  3237
Воспроизведение
672 257  5279
896 255  5840
662 466  6707
871 472  7322
NO_ILLUSION0_WIDTH:247
654 255  1212
909 252  1984
647 480  2735
895 490  3444
Воспроизведение
642 259  5001
914 263  5720
651 478  6626
892 479  7473
NO_ILLUSION0_WIDTH:266
652 240  1261
911 260  1950
646 505  2577
911 486  3397
Воспроизведение
627 236  5330
905 249  5985
619 479  6836
906 493  7627
NO_ILLUSION0_WIDTH:171
686 257  1441
866 255  1948
695 483  2699
863 491  3462
Воспроизведение
670 245  5235
914 249  5857
650 495  6721
885 499  7394
NO_ILLUSION0_WIDTH:152
693 256  1207
858 258  1765
694 495  2403
862 487  3014
Воспроизведение
673 232  4385
900 241  5060
684 482  5861
899 487  6635
NO_ILLUSION0_WIDTH:266
653 251  1194
918 255  1914
636 491  2577
906 494  3321
Воспроизведение
651 236  4807
946 249  5516
637 479  6280
913 479  7053
NO_ILLUSION0_WIDTH:247
642 241  1096
898 254  1719
646 482  2532
886 485  3177
Воспроизведение
622 243  4536
913 243  5253
625 483  6037
897 482  6792
NO_ILLUSION0_WIDTH:209
649 255  1132
897 255  1844
668 492  2595
884 495  3271
Воспроизведение
672 272  4980
906 270  5692
686 450  6605
905 451  7370
NO_ILLUSION0_WIDTH:152
691 254  1164
862 253  1708
698 493  2541
853 494  3151
Воспроизведение
674 246  4613
868 252  5155
673 453  6092
851 457  6759
NO_ILLUSION0_WIDTH:209
662 259  1040
889 258  1702
670 491  2426
873 494  3123
Воспроизведение
642 243  4643
906 242  5323
660 439  6169
892 439  6842
