не показывать курсор
тип стимула OPEL_TOP
перпендикулярные отрезки в Оппель-Кундта каждые... пикс 19
высота перпендикулярных отрезков в Оппель-Кундта 20
угол стрелок 45
длина стрелок 20
длина штанги (1я часть) 1 152
длина штанги (1я часть) 2 171
длина штанги (1я часть) 3 209
длина штанги (1я часть) 4 247
длина штанги (1я часть) 5 266
длина штанги (1я часть) 6 152
длина штанги (1я часть) 7 171
длина штанги (1я часть) 8 209
длина штанги (1я часть) 9 247
длина штанги (1я часть) 10 266
длина штанги (2я часть) 1 152
длина штанги (2я часть) 2 171
длина штанги (2я часть) 3 209
длина штанги (2я часть) 4 247
длина штанги (2я часть) 5 266
длина штанги (2я часть) 6 152
длина штанги (2я часть) 7 171
длина штанги (2я часть) 8 209
длина штанги (2я часть) 9 247
длина штанги (2я часть) 10 266
длина "закрывашек" 20
расстояние между линиями 240
расстояние до рельсов Понзо 20
ширина линий 4
всего опытов 20
OPEL3_WIDTH:209
671 245  2471
894 238  3081
671 483  4034
866 483  4527
Воспроизведение
665 252  5762
904 247  6328
616 477  7135
896 475  7636
OPEL3_WIDTH:152
698 245  1116
842 248  1565
698 482  2348
858 488  2760
Воспроизведение
682 249  3794
872 263  4260
662 479  5082
864 476  5530
OPEL3_WIDTH:171
690 242  1146
854 242  1676
699 485  2482
858 479  2913
Воспроизведение
700 241  4098
896 252  4540
686 507  5308
902 498  5711
OPEL3_WIDTH:171
685 248  1137
861 243  1613
686 485  2379
862 489  2810
Воспроизведение
702 235  4033
914 237  4501
673 511  5312
918 507  5715
OPEL3_WIDTH:266
637 244  980
904 245  1581
635 488  2353
911 487  2911
Воспроизведение
635 250  3987
986 259  4623
605 542  5467
954 537  6006
OPEL3_WIDTH:152
687 248  907
839 251  1329
706 491  2179
853 488  2592
Воспроизведение
697 252  4313
919 262  4842
677 542  5554
902 539  5959
OPEL3_WIDTH:266
631 247  978
923 243  1544
638 492  2331
893 475  2868
Воспроизведение
656 263  3993
985 273  4531
626 516  5214
980 515  5861
OPEL3_WIDTH:247
661 252  1069
914 239  1563
641 479  2274
914 484  2830
Воспроизведение
658 263  4183
954 254  4705
630 521  5466
915 517  6005
OPEL3_WIDTH:209
671 253  972
897 249  1411
678 476  2334
871 487  2774
Воспроизведение
679 260  3853
911 265  4365
658 510  5163
914 504  5702
OPEL3_WIDTH:247
645 255  1056
920 247  1550
650 485  2365
905 487  2940
Воспроизведение
646 267  3975
927 275  4533
618 503  5321
936 513  5769
NO_ILLUSION0_WIDTH:152
697 241  1123
882 255  1491
706 480  2296
854 484  2601
Воспроизведение
681 247  3858
903 256  4236
661 503  5046
878 504  5351
NO_ILLUSION0_WIDTH:171
690 243  1057
863 246  1427
691 485  2243
860 487  2683
Воспроизведение
678 265  3825
915 272  4274
649 554  5026
956 539  5537
NO_ILLUSION0_WIDTH:247
644 250  912
899 247  1506
651 479  2349
902 484  2816
Воспроизведение
639 267  4072
959 279  4557
641 507  5277
951 512  5699
NO_ILLUSION0_WIDTH:266
641 247  1082
917 247  1611
642 475  2394
902 480  2878
Воспроизведение
635 234  3984
974 250  4549
626 487  5378
964 487  5853
NO_ILLUSION0_WIDTH:209
670 240  1141
895 255  1618
668 479  2375
878 479  2787
Воспроизведение
669 260  3841
950 273  4379
663 514  5153
968 501  5674
NO_ILLUSION0_WIDTH:152
707 247  1036
858 250  1477
690 478  2280
846 482  2729
Воспроизведение
690 264  3753
906 269  4184
670 532  4984
905 535  5370
NO_ILLUSION0_WIDTH:266
637 257  929
902 247  1468
636 479  2224
909 477  2709
Воспроизведение
630 255  3773
976 271  4294
622 523  5011
1005 521  5521
NO_ILLUSION0_WIDTH:171
685 252  995
858 246  1415
691 486  2181
892 491  2513
Воспроизведение
653 250  3610
881 263  4078
654 531  4781
874 531  5113
NO_ILLUSION0_WIDTH:247
646 242  908
910 237  1447
652 481  2043
906 475  2645
Воспроизведение
634 249  3616
932 264  4073
627 487  4904
940 490  5405
NO_ILLUSION0_WIDTH:209
666 258  1037
880 251  1460
677 472  2217
902 491  2595
Воспроизведение
672 264  3970
929 263  4462
672 527  5219
942 531  5676
