не показывать курсор
тип стимула OPEL_TOP
перпендикулярные отрезки в Оппель-Кундта каждые... пикс 19
высота перпендикулярных отрезков в Оппель-Кундта 20
угол стрелок 45
длина стрелок 20
длина штанги (1я часть) 1 152
длина штанги (1я часть) 2 171
длина штанги (1я часть) 3 209
длина штанги (1я часть) 4 247
длина штанги (1я часть) 5 266
длина штанги (1я часть) 6 152
длина штанги (1я часть) 7 171
длина штанги (1я часть) 8 209
длина штанги (1я часть) 9 247
длина штанги (1я часть) 10 266
длина штанги (2я часть) 1 152
длина штанги (2я часть) 2 171
длина штанги (2я часть) 3 209
длина штанги (2я часть) 4 247
длина штанги (2я часть) 5 266
длина штанги (2я часть) 6 152
длина штанги (2я часть) 7 171
длина штанги (2я часть) 8 209
длина штанги (2я часть) 9 247
длина штанги (2я часть) 10 266
длина "закрывашек" 20
расстояние между линиями 240
расстояние до рельсов Понзо 20
ширина линий 4
всего опытов 20
OPEL3_WIDTH:152
701 243  3574
853 250  4194
706 483  5592
850 488  6627
Воспроизведение
682 279  8958
916 271  9443
630 550  10368
880 556  10953
OPEL3_WIDTH:266
645 243  1678
915 250  2406
647 480  3483
898 492  4282
Воспроизведение
653 259  6272
1008 269  7063
596 513  8176
968 526  8985
600 292  16404
955 296  16917
562 507  17580
893 527  17985
OPEL3_WIDTH:209
675 259  1034
877 242  1756
669 485  2535
877 489  3071
Воспроизведение
696 260  4705
967 259  5263
676 479  6104
948 485  6670
OPEL3_WIDTH:171
683 252  1197
872 250  1754
678 484  2524
849 489  3009
Воспроизведение
676 258  4420
924 259  4914
664 455  5715
901 460  6211
OPEL3_WIDTH:152
703 251  1165
856 257  1632
699 489  2477
848 488  2918
Воспроизведение
718 258  4261
915 259  4692
686 472  5459
874 467  5872
OPEL3_WIDTH:247
646 251  1092
889 244  1747
651 484  2570
878 489  3242
Воспроизведение
676 243  4616
995 259  5154
628 484  5997
921 483  6483
OPEL3_WIDTH:266
639 251  1140
907 241  1769
642 491  2534
908 487  3144
Воспроизведение
649 260  4303
958 283  4889
650 467  5661
990 471  6308
OPEL3_WIDTH:171
690 249  1026
859 252  1457
694 488  2358
851 493  2843
Воспроизведение
676 257  4147
927 255  4606
640 450  5448
909 443  5878
OPEL3_WIDTH:247
646 251  1048
888 254  1624
658 483  2472
883 492  3065
Воспроизведение
654 259  4273
935 248  4840
648 494  5713
926 489  6225
OPEL3_WIDTH:209
670 247  920
868 243  1397
678 488  2248
875 494  2797
Воспроизведение
678 268  4093
948 281  4695
650 509  5417
914 490  5866
NO_ILLUSION0_WIDTH:209
673 249  1110
874 244  1623
669 487  2529
868 487  3070
Воспроизведение
664 259  4452
922 275  4964
645 492  5838
901 503  6295
NO_ILLUSION0_WIDTH:266
637 251  1040
899 247  1632
645 488  2514
890 486  3261
Воспроизведение
654 252  4405
982 262  4973
659 507  5798
923 507  6311
NO_ILLUSION0_WIDTH:266
652 257  1031
907 244  1589
639 484  2419
918 485  3049
Воспроизведение
654 259  4317
982 253  4830
650 482  5644
958 488  6137
NO_ILLUSION0_WIDTH:209
674 248  1172
888 246  1649
674 491  2473
878 488  2995
Воспроизведение
665 262  4280
931 261  4809
648 503  5667
923 501  6134
NO_ILLUSION0_WIDTH:152
703 253  1059
840 251  1456
701 495  2427
854 492  2948
Воспроизведение
686 255  4243
840 258  4703
675 479  5498
846 474  5947
NO_ILLUSION0_WIDTH:171
694 248  1073
862 250  1489
696 485  2408
851 486  2812
Воспроизведение
702 255  4045
895 252  4432
694 475  5257
882 472  5689
NO_ILLUSION0_WIDTH:247
644 252  1045
886 249  1502
650 492  2364
874 490  2966
Воспроизведение
656 249  4105
970 259  4591
650 503  5429
940 492  5907
NO_ILLUSION0_WIDTH:152
710 255  1047
842 251  1390
702 498  2220
850 496  2543
Воспроизведение
697 251  3691
877 252  4041
702 527  4787
882 536  5165
NO_ILLUSION0_WIDTH:171
697 254  1053
869 247  1466
689 483  2337
863 483  2732
Воспроизведение
679 266  3862
915 270  4276
694 480  5087
959 470  5546
NO_ILLUSION0_WIDTH:247
652 248  1153
898 258  1674
659 495  2469
898 482  3044
Воспроизведение
659 242  4437
976 263  4896
633 483  5723
982 487  6234
