не показывать курсор
тип стимула OPEL_TOP
перпендикулярные отрезки в Оппель-Кундта каждые... пикс 19
высота перпендикулярных отрезков в Оппель-Кундта 20
угол стрелок 45
длина стрелок 20
длина штанги (1я часть) 1 152
длина штанги (1я часть) 2 171
длина штанги (1я часть) 3 209
длина штанги (1я часть) 4 247
длина штанги (1я часть) 5 266
длина штанги (1я часть) 6 152
длина штанги (1я часть) 7 171
длина штанги (1я часть) 8 209
длина штанги (1я часть) 9 247
длина штанги (1я часть) 10 266
длина штанги (2я часть) 1 152
длина штанги (2я часть) 2 171
длина штанги (2я часть) 3 209
длина штанги (2я часть) 4 247
длина штанги (2я часть) 5 266
длина штанги (2я часть) 6 152
длина штанги (2я часть) 7 171
длина штанги (2я часть) 8 209
длина штанги (2я часть) 9 247
длина штанги (2я часть) 10 266
длина "закрывашек" 20
расстояние между линиями 240
расстояние до рельсов Понзо 20
ширина линий 4
всего опытов 20
OPEL3_WIDTH:171
686 252  6311
854 248  7300
681 487  8473
861 487  9713
Воспроизведение
658 253  15344
886 259  16699
642 459  17933
927 464  19334
OPEL3_WIDTH:152
697 255  1692
840 257  2582
691 490  3701
848 491  4724
Воспроизведение
682 251  5904
872 252  7037
663 475  8128
914 476  9538
OPEL3_WIDTH:209
658 247  1505
878 250  2385
658 482  3053
897 484  4220
Воспроизведение
638 243  5696
903 246  6980
642 483  7885
907 481  9349
OPEL3_WIDTH:247
641 247  2349
890 251  3608
641 488  4400
896 489  5899
Воспроизведение
634 247  7028
929 251  8709
628 481  9850
930 473  11271
OPEL3_WIDTH:266
636 249  1530
906 245  2726
640 482  3732
904 487  4963
Воспроизведение
635 247  6267
909 243  7579
650 467  8576
925 456  10077
OPEL3_WIDTH:209
662 254  1549
871 257  2880
668 489  3867
881 488  4819
Воспроизведение
654 246  5992
882 246  6954
666 464  8237
899 462  9459
OPEL3_WIDTH:266
631 239  1586
900 248  2800
634 485  3619
907 485  4715
Воспроизведение
632 259  5760
914 253  7152
643 477  8067
935 476  9549
OPEL3_WIDTH:247
634 248  2064
888 244  3216
646 483  4014
890 489  5307
Воспроизведение
647 255  6708
928 254  8343
641 410  9216
929 411  10904
OPEL3_WIDTH:171
684 248  2902
870 250  4475
690 487  5681
865 486  6893
Воспроизведение
675 489  8102
889 487  9406
681 271  10481
872 271  11945
OPEL3_WIDTH:152
690 253  1676
854 252  2729
692 492  3837
860 493  4879
Воспроизведение
691 246  6246
877 252  7325
698 496  8328
866 489  9298
NO_ILLUSION0_WIDTH:171
672 241  1205
851 251  2311
678 483  3388
858 485  4197
Воспроизведение
673 247  5269
877 247  6222
687 491  7025
892 484  7987
NO_ILLUSION0_WIDTH:266
633 243  1309
903 247  2424
635 491  3207
902 483  4303
Воспроизведение
634 252  5725
925 255  6814
643 479  7705
939 475  8979
NO_ILLUSION0_WIDTH:152
691 245  1566
850 252  2484
699 484  3488
851 492  4431
Воспроизведение
692 255  5518
876 252  6947
690 443  8016
881 448  9148
NO_ILLUSION0_WIDTH:171
677 248  1385
868 260  2355
678 490  3250
855 485  4428
Воспроизведение
676 247  5707
865 247  6902
695 455  7950
886 457  9089
NO_ILLUSION0_WIDTH:152
686 245  1887
846 243  2722
698 484  3735
839 489  4714
Воспроизведение
686 247  6097
868 251  7185
695 474  8072
884 472  9284
NO_ILLUSION0_WIDTH:247
647 255  1023
892 250  2210
646 484  3141
888 483  4264
Воспроизведение
640 246  5824
887 247  6956
667 468  7978
890 459  9324
NO_ILLUSION0_WIDTH:209
664 249  1300
879 248  2172
662 480  3213
870 483  4291
Воспроизведение
657 245  5945
890 243  7401
650 492  8270
886 487  9628
NO_ILLUSION0_WIDTH:209
650 247  2401
867 251  3542
666 493  4697
874 497  5692
Воспроизведение
652 247  6968
862 247  8209
676 507  9098
901 510  10463
NO_ILLUSION0_WIDTH:266
632 244  1470
901 245  2667
633 488  3640
902 491  4736
Воспроизведение
616 253  5703
910 248  6854
637 485  7848
904 491  9293
NO_ILLUSION0_WIDTH:247
637 255  1705
878 252  2937
645 488  3800
885 495  4735
Воспроизведение
640 251  6588
910 245  8081
655 447  9432
881 443  11085
