не показывать курсор
тип стимула OPEL_TOP
перпендикулярные отрезки в Оппель-Кундта каждые... пикс 19
высота перпендикулярных отрезков в Оппель-Кундта 20
угол стрелок 45
длина стрелок 20
длина штанги (1я часть) 1 152
длина штанги (1я часть) 2 171
длина штанги (1я часть) 3 209
длина штанги (1я часть) 4 247
длина штанги (1я часть) 5 266
длина штанги (1я часть) 6 152
длина штанги (1я часть) 7 171
длина штанги (1я часть) 8 209
длина штанги (1я часть) 9 247
длина штанги (1я часть) 10 266
длина штанги (2я часть) 1 152
длина штанги (2я часть) 2 171
длина штанги (2я часть) 3 209
длина штанги (2я часть) 4 247
длина штанги (2я часть) 5 266
длина штанги (2я часть) 6 152
длина штанги (2я часть) 7 171
длина штанги (2я часть) 8 209
длина штанги (2я часть) 9 247
длина штанги (2я часть) 10 266
длина "закрывашек" 20
расстояние между линиями 240
расстояние до рельсов Понзо 20
ширина линий 4
всего опытов 20
OPEL3_WIDTH:247
647 250  6761
890 247  9378
650 491  11593
894 492  13238
Воспроизведение
625 247  20388
853 241  21927
647 479  23622
868 473  25502
OPEL3_WIDTH:171
682 244  6763
856 250  8086
689 487  9483
858 496  10857
Воспроизведение
674 258  13224
867 259  14295
683 458  15526
870 458  17336
OPEL3_WIDTH:247
643 247  4376
898 247  6338
648 486  7350
648 486  7350
648 486  7401
893 492  9991
Воспроизведение
618 253  12033
881 247  13748
627 473  14922
908 467  16539
OPEL3_WIDTH:171
682 248  2409
854 249  3603
686 485  5227
855 493  6639
Воспроизведение
658 261  8151
907 259  9690
686 451  11215
906 443  12696
OPEL3_WIDTH:209
669 251  2635
882 256  4676
674 490  7290
870 487  9024
Воспроизведение
640 251  10885
907 242  12465
646 451  13983
931 446  15887
OPEL3_WIDTH:209
670 254  2692
865 247  4228
664 487  5510
878 486  6651
Воспроизведение
646 259  8329
886 251  9371
636 473  10455
900 467  11739
OPEL3_WIDTH:152
698 255  1878
849 245  2668
695 491  3863
842 491  4743
Воспроизведение
662 257  6103
853 263  6812
688 472  7726
879 463  8444
OPEL3_WIDTH:152
690 240  1914
853 251  2937
690 487  3851
846 491  4776
Воспроизведение
693 257  6050
845 254  6887
702 469  7903
858 466  8675
OPEL3_WIDTH:266
635 250  2154
904 248  4029
636 486  5131
897 493  6781
Воспроизведение
600 503  8308
911 504  9656
623 263  11178
894 257  12434
OPEL3_WIDTH:266
638 254  2538
887 245  4515
629 491  5637
904 489  7180
Воспроизведение
599 245  8617
902 238  10199
599 478  11269
913 475  12931
NO_ILLUSION0_WIDTH:266
635 248  2202
876 246  3781
641 491  4682
641 491  4683
641 491  4744
894 487  6499
Воспроизведение
614 241  7748
906 247  8979
608 487  10406
948 494  12034
NO_ILLUSION0_WIDTH:152
697 251  2679
838 254  3515
696 483  4892
849 489  5835
Воспроизведение
678 251  8000
877 251  8945
689 502  10001
878 503  11411
NO_ILLUSION0_WIDTH:247
650 255  3096
890 253  4677
635 484  5569
890 490  6745
Воспроизведение
632 255  8480
922 255  9792
650 475  11094
934 478  13072
NO_ILLUSION0_WIDTH:209
670 251  2274
868 244  3585
662 488  4950
877 488  6323
Воспроизведение
654 243  8143
903 252  9550
670 491  11256
905 491  12776
NO_ILLUSION0_WIDTH:266
629 247  2725
900 249  4127
676 486  5557
903 494  6734
Воспроизведение
621 255  7986
913 259  9207
642 504  10620
930 507  11992
NO_ILLUSION0_WIDTH:171
682 259  1826
856 246  2751
682 493  3640
858 499  4638
Воспроизведение
675 251  6625
858 256  7829
689 482  9153
874 479  10440
NO_ILLUSION0_WIDTH:171
680 247  2257
850 251  3543
682 489  4716
850 491  5948
Воспроизведение
663 250  7419
863 251  8353
693 487  9496
899 483  10898
NO_ILLUSION0_WIDTH:247
647 254  2337
882 248  3522
647 487  4843
892 491  6423
Воспроизведение
626 254  7730
914 246  9086
639 484  10487
917 475  11718
NO_ILLUSION0_WIDTH:152
692 251  2208
840 258  3306
692 490  4523
845 491  5557
Воспроизведение
701 256  6983
871 259  7961
697 465  9365
880 467  10561
NO_ILLUSION0_WIDTH:209
666 247  1777
869 252  2872
664 488  4024
876 492  5318
Воспроизведение
634 247  6649
883 252  8248
651 474  9548
882 471  10670
