не показывать курсор
тип стимула OPEL_TOP
перпендикулярные отрезки в Оппель-Кундта каждые... пикс 19
высота перпендикулярных отрезков в Оппель-Кундта 20
угол стрелок 45
длина стрелок 20
длина штанги (1я часть) 1 152
длина штанги (1я часть) 2 171
длина штанги (1я часть) 3 209
длина штанги (1я часть) 4 247
длина штанги (1я часть) 5 266
длина штанги (1я часть) 6 152
длина штанги (1я часть) 7 171
длина штанги (1я часть) 8 209
длина штанги (1я часть) 9 247
длина штанги (1я часть) 10 266
длина штанги (2я часть) 1 152
длина штанги (2я часть) 2 171
длина штанги (2я часть) 3 209
длина штанги (2я часть) 4 247
длина штанги (2я часть) 5 266
длина штанги (2я часть) 6 152
длина штанги (2я часть) 7 171
длина штанги (2я часть) 8 209
длина штанги (2я часть) 9 247
длина штанги (2я часть) 10 266
длина "закрывашек" 20
расстояние между линиями 240
расстояние до рельсов Понзо 20
ширина линий 4
всего опытов 20
OPEL3_WIDTH:247
642 248  3971
873 246  4716
625 489  5478
898 478  6391
Воспроизведение
646 258  8117
882 263  8987
688 459  9957
906 452  10749
OPEL3_WIDTH:171
679 246  1391
850 249  2045
677 487  2730
862 487  3392
Воспроизведение
687 253  5127
864 257  5769
686 465  6521
899 452  7393
OPEL3_WIDTH:266
630 248  2708
806 245  3389
626 238  5306
890 247  6146
624 482  6914
920 480  7824
Воспроизведение
654 246  10243
879 249  11009
646 478  11994
922 482  12746
OPEL3_WIDTH:247
631 248  1299
891 247  2153
626 495  2907
902 487  3616
Воспроизведение
630 252  4971
886 259  5729
646 442  6435
899 443  7310
OPEL3_WIDTH:171
677 254  1689
862 246  2462
675 484  3564
874 479  4333
Воспроизведение
677 254  6285
864 257  6981
652 476  7960
858 470  8589
OPEL3_WIDTH:152
687 244  1639
863 239  2244
686 485  3112
870 486  3924
Воспроизведение
690 256  6637
900 256  7473
716 469  8509
899 475  9146
OPEL3_WIDTH:209
656 251  1752
886 243  2935
650 492  3875
906 485  4785
Воспроизведение
677 268  8211
928 263  9112
677 504  10678
954 506  11585
OPEL3_WIDTH:266
625 247  1485
922 254  2534
626 482  3395
925 485  4493
Воспроизведение
650 259  7455
919 250  8547
650 484  10302
952 479  11477
OPEL3_WIDTH:209
663 243  1584
894 243  2419
666 477  3433
897 483  4284
Воспроизведение
666 258  6882
903 262  8056
662 497  10836
948 491  12330
OPEL3_WIDTH:152
683 251  1520
855 247  2184
698 490  3187
845 483  3867
Воспроизведение
700 243  5279
851 246  6016
724 457  7067
849 448  7767
NO_ILLUSION0_WIDTH:266
637 245  1367
897 251  2310
630 487  3230
905 480  4231
Воспроизведение
659 235  7591
924 239  8866
678 477  10701
920 466  11647
NO_ILLUSION0_WIDTH:209
662 262  1369
894 258  2189
659 480  2990
878 492  3856
Воспроизведение
682 249  5197
885 247  5946
695 440  7147
900 440  7997
NO_ILLUSION0_WIDTH:171
678 245  1170
854 245  1935
674 485  2693
873 482  3492
Воспроизведение
678 265  7139
902 259  8181
722 466  9517
917 461  10436
NO_ILLUSION0_WIDTH:209
648 247  1682
885 249  2513
651 499  3254
922 491  4095
Воспроизведение
668 247  6286
911 250  7040
678 448  7758
957 445  8588
NO_ILLUSION0_WIDTH:152
694 256  1915
873 257  2524
699 488  3226
865 484  3835
Воспроизведение
678 250  5340
870 253  6026
704 461  6732
884 459  7361
NO_ILLUSION0_WIDTH:266
618 235  1199
946 250  2313
622 489  2979
928 485  3822
Воспроизведение
641 252  5470
922 241  6328
648 502  7158
936 491  7975
NO_ILLUSION0_WIDTH:247
649 248  2004
916 249  2775
642 499  3588
913 488  4483
Воспроизведение
635 268  6361
891 275  7069
628 499  8279
923 509  9176
NO_ILLUSION0_WIDTH:152
690 239  1491
848 251  2150
694 486  3046
855 484  3726
Воспроизведение
687 259  6205
846 256  6933
701 463  8155
901 458  8918
NO_ILLUSION0_WIDTH:171
672 258  1328
869 254  2257
674 491  3029
866 491  3972
Воспроизведение
690 254  5888
858 255  6704
710 481  7596
892 479  8589
NO_ILLUSION0_WIDTH:247
631 244  1297
918 245  2246
630 490  3011
885 487  3897
Воспроизведение
648 243  5382
889 239  6540
674 474  9057
910 467  10023
