не показывать курсор
тип стимула OPEL_TOP
перпендикулярные отрезки в Оппель-Кундта каждые... пикс 19
высота перпендикулярных отрезков в Оппель-Кундта 20
угол стрелок 45
длина стрелок 20
длина штанги (1я часть) 1 152
длина штанги (1я часть) 2 171
длина штанги (1я часть) 3 209
длина штанги (1я часть) 4 247
длина штанги (1я часть) 5 266
длина штанги (1я часть) 6 152
длина штанги (1я часть) 7 171
длина штанги (1я часть) 8 209
длина штанги (1я часть) 9 247
длина штанги (1я часть) 10 266
длина штанги (2я часть) 1 152
длина штанги (2я часть) 2 171
длина штанги (2я часть) 3 209
длина штанги (2я часть) 4 247
длина штанги (2я часть) 5 266
длина штанги (2я часть) 6 152
длина штанги (2я часть) 7 171
длина штанги (2я часть) 8 209
длина штанги (2я часть) 9 247
длина штанги (2я часть) 10 266
длина "закрывашек" 20
расстояние между линиями 240
расстояние до рельсов Понзо 20
ширина линий 4
всего опытов 20
OPEL3_WIDTH:152
696 250  2032
831 247  2582
679 484  3521
831 481  4287
Воспроизведение
679 235  12322
849 239  13076
699 471  14035
874 465  14910
OPEL3_WIDTH:209
653 251  1117
855 241  1896
651 483  2734
876 482  3644
Воспроизведение
658 241  5278
853 251  6000
651 450  6595
865 445  7506
OPEL3_WIDTH:247
637 243  1334
876 241  2198
630 482  2820
874 472  3707
Воспроизведение
626 241  5313
835 237  6316
651 445  7630
875 440  8662
OPEL3_WIDTH:266
626 247  1100
874 238  2078
626 476  2817
894 475  3770
Воспроизведение
626 241  5999
847 231  6931
668 446  8267
892 444  9097
OPEL3_WIDTH:247
630 233  932
871 239  1757
635 485  2601
894 480  3422
Воспроизведение
650 231  4889
839 227  5620
640 434  7589
872 430  8450
OPEL3_WIDTH:171
678 235  1062
846 238  1977
674 483  2759
835 479  3463
Воспроизведение
693 257  5303
825 255  5953
694 463  7504
871 468  8330
OPEL3_WIDTH:171
671 242  1543
845 239  2178
668 483  2857
852 470  3461
Воспроизведение
672 251  4978
830 248  5701
682 446  7072
838 439  7864
OPEL3_WIDTH:152
680 243  892
838 245  1541
685 484  2357
834 478  3008
Воспроизведение
668 250  5038
832 252  5675
685 455  6405
846 455  7058
OPEL3_WIDTH:209
657 247  1047
863 244  1762
665 479  2413
867 478  3155
Воспроизведение
669 236  4510
849 239  5302
697 455  6089
861 456  6730
OPEL3_WIDTH:266
622 239  1466
882 239  2509
616 479  3084
902 478  4030
Воспроизведение
635 243  5136
899 244  6054
654 451  7144
929 449  8077
NO_ILLUSION0_WIDTH:247
629 220  873
872 227  1820
632 482  2635
884 479  3698
Воспроизведение
652 249  5011
870 236  6064
653 472  6990
896 468  7944
NO_ILLUSION0_WIDTH:247
637 245  839
876 240  1813
636 471  2558
884 473  3474
Воспроизведение
647 247  4661
874 243  5374
639 488  5984
906 475  7071
NO_ILLUSION0_WIDTH:171
671 255  1142
851 253  1769
667 482  2404
843 481  2969
Воспроизведение
684 243  4148
861 243  4849
690 477  5581
871 463  6217
NO_ILLUSION0_WIDTH:209
654 236  916
860 242  1549
650 505  2227
863 492  2950
Воспроизведение
674 235  4254
848 233  5020
656 462  5721
866 457  6787
NO_ILLUSION0_WIDTH:171
669 256  799
853 255  1447
678 493  2189
854 490  2854
Воспроизведение
685 240  4030
847 247  4568
689 470  5896
864 463  6490
NO_ILLUSION0_WIDTH:152
685 251  1264
840 246  1944
684 473  2556
836 471  3189
Воспроизведение
691 241  4246
839 247  4708
698 514  5646
840 504  6250
NO_ILLUSION0_WIDTH:152
677 246  781
841 241  1306
694 491  1890
840 491  2379
Воспроизведение
694 236  3724
848 251  4284
693 479  4935
865 471  5610
NO_ILLUSION0_WIDTH:209
657 249  871
863 246  1633
664 479  2260
862 483  2978
Воспроизведение
668 235  4540
894 228  5595
695 483  6197
906 483  6963
NO_ILLUSION0_WIDTH:266
622 248  887
894 246  1770
638 490  2353
874 490  3156
Воспроизведение
627 232  4792
867 235  5498
645 496  6657
918 479  7762
NO_ILLUSION0_WIDTH:266
629 239  1014
887 244  1843
634 489  2511
883 487  3236
Воспроизведение
647 238  4561
918 239  5577
662 463  6712
911 460  7459
