не показывать курсор
тип стимула OPEL_TOP
перпендикулярные отрезки в Оппель-Кундта каждые... пикс 19
высота перпендикулярных отрезков в Оппель-Кундта 20
угол стрелок 45
длина стрелок 20
длина штанги (1я часть) 1 152
длина штанги (1я часть) 2 171
длина штанги (1я часть) 3 209
длина штанги (1я часть) 4 247
длина штанги (1я часть) 5 266
длина штанги (1я часть) 6 152
длина штанги (1я часть) 7 171
длина штанги (1я часть) 8 209
длина штанги (1я часть) 9 247
длина штанги (1я часть) 10 266
длина штанги (2я часть) 1 152
длина штанги (2я часть) 2 171
длина штанги (2я часть) 3 209
длина штанги (2я часть) 4 247
длина штанги (2я часть) 5 266
длина штанги (2я часть) 6 152
длина штанги (2я часть) 7 171
длина штанги (2я часть) 8 209
длина штанги (2я часть) 9 247
длина штанги (2я часть) 10 266
длина "закрывашек" 20
расстояние между линиями 240
расстояние до рельсов Понзо 20
ширина линий 4
всего опытов 20
OPEL3_WIDTH:266
636 249  1922
907 235  2234
637 483  2876
910 499  3170
Воспроизведение
614 232  3993
906 239  4366
644 466  4849
930 472  5289
OPEL3_WIDTH:152
670 250  672
866 243  994
674 487  1449
875 500  1751
Воспроизведение
667 249  2558
886 263  2907
686 467  3375
902 473  3688
OPEL3_WIDTH:266
627 240  682
908 234  1051
623 492  1716
936 491  2034
Воспроизведение
636 234  2778
938 239  3151
629 472  3621
934 443  3988
OPEL3_WIDTH:209
650 238  721
865 250  1072
639 475  1597
877 483  1934
Воспроизведение
625 233  2790
885 239  3163
614 476  3669
868 469  4028
OPEL3_WIDTH:152
686 234  697
852 243  1010
686 483  1581
868 485  1903
Воспроизведение
693 232  2671
882 251  3033
705 466  3513
886 468  3889
OPEL3_WIDTH:209
639 250  665
894 244  1050
647 492  1532
903 496  1903
Воспроизведение
635 248  2775
886 259  3158
650 469  3690
874 476  4002
OPEL3_WIDTH:171
683 240  716
856 246  1049
676 483  1590
869 483  1869
Воспроизведение
671 219  2713
872 235  3059
677 460  3652
858 463  3960
OPEL3_WIDTH:247
639 260  721
921 267  1080
635 487  1668
917 480  2027
Воспроизведение
648 228  2842
906 247  3182
669 477  3811
914 464  4185
OPEL3_WIDTH:247
646 245  758
906 243  1087
644 479  1744
902 491  2078
Воспроизведение
636 234  3044
924 234  3422
661 471  4031
928 471  4411
OPEL3_WIDTH:171
679 255  792
883 266  1097
670 483  1691
890 495  2007
Воспроизведение
657 234  2962
862 249  3268
659 478  3863
845 480  4107
NO_ILLUSION0_WIDTH:171
685 247  655
870 259  955
658 487  1488
890 483  1825
Воспроизведение
645 228  2780
890 235  3140
653 464  3777
879 461  4092
NO_ILLUSION0_WIDTH:209
653 234  632
878 252  981
646 491  1495
871 489  1864
Воспроизведение
633 235  2822
905 255  3162
662 483  3830
903 470  4122
NO_ILLUSION0_WIDTH:247
645 256  643
898 261  980
663 493  1568
923 488  1908
Воспроизведение
604 251  2869
914 259  3235
650 482  3813
906 461  4152
NO_ILLUSION0_WIDTH:266
620 243  660
902 254  986
643 501  1528
930 489  1904
Воспроизведение
629 240  2739
921 236  3085
666 476  3693
948 475  4040
NO_ILLUSION0_WIDTH:152
686 247  572
872 249  848
697 488  1380
890 487  1659
Воспроизведение
666 264  2533
880 242  2830
662 464  3357
867 470  3638
NO_ILLUSION0_WIDTH:247
626 243  715
918 255  1049
645 488  1474
916 507  1865
Воспроизведение
622 247  2723
945 255  3101
637 453  3564
916 467  3919
NO_ILLUSION0_WIDTH:266
630 243  684
934 259  1055
638 507  1618
918 509  1965
Воспроизведение
612 250  2773
930 247  3166
626 419  3687
942 432  4136
NO_ILLUSION0_WIDTH:171
670 238  627
886 271  923
678 487  1483
906 482  1796
Воспроизведение
662 232  2718
912 240  3040
688 471  3584
918 464  3892
NO_ILLUSION0_WIDTH:152
682 258  665
887 266  945
682 479  1523
871 481  1798
Воспроизведение
659 231  2755
891 237  3084
670 445  3509
885 442  3759
NO_ILLUSION0_WIDTH:209
661 263  692
914 277  1030
657 487  1515
910 485  1846
Воспроизведение
645 239  2745
935 266  3097
666 463  3632
934 471  3981
