не показывать курсор
тип стимула OPEL_TOP
перпендикулярные отрезки в Оппель-Кундта каждые... пикс 19
высота перпендикулярных отрезков в Оппель-Кундта 20
угол стрелок 45
длина стрелок 20
длина штанги (1я часть) 1 152
длина штанги (1я часть) 2 171
длина штанги (1я часть) 3 209
длина штанги (1я часть) 4 247
длина штанги (1я часть) 5 266
длина штанги (1я часть) 6 152
длина штанги (1я часть) 7 171
длина штанги (1я часть) 8 209
длина штанги (1я часть) 9 247
длина штанги (1я часть) 10 266
длина штанги (2я часть) 1 152
длина штанги (2я часть) 2 171
длина штанги (2я часть) 3 209
длина штанги (2я часть) 4 247
длина штанги (2я часть) 5 266
длина штанги (2я часть) 6 152
длина штанги (2я часть) 7 171
длина штанги (2я часть) 8 209
длина штанги (2я часть) 9 247
длина штанги (2я часть) 10 266
длина "закрывашек" 20
расстояние между линиями 240
расстояние до рельсов Понзо 20
ширина линий 4
всего опытов 20
OPEL3_WIDTH:171
682 234  3584
858 233  3892
682 487  4483
881 486  4813
Воспроизведение
666 249  5766
874 259  6138
656 456  6654
877 473  7022
OPEL3_WIDTH:247
630 256  695
882 259  1111
644 500  1704
916 516  2144
Воспроизведение
638 230  3086
900 233  3471
627 437  3972
918 463  4452
OPEL3_WIDTH:266
623 242  699
896 234  1177
632 493  1843
922 499  2266
Воспроизведение
627 235  3231
878 235  3679
634 447  4145
893 456  4664
OPEL3_WIDTH:152
671 246  697
855 254  1092
689 495  1747
874 487  2109
Воспроизведение
678 230  3276
848 232  3618
684 447  4248
887 439  4657
OPEL3_WIDTH:209
658 237  701
866 240  1129
659 485  1788
918 507  2240
Воспроизведение
653 244  3258
869 241  3700
669 437  4327
898 459  4759
OPEL3_WIDTH:266
649 253  768
895 254  1217
631 479  1784
912 473  2340
Воспроизведение
646 235  3120
907 243  3586
669 447  4183
930 445  4685
OPEL3_WIDTH:247
644 236  775
889 227  1262
646 476  1840
906 483  2282
Воспроизведение
626 240  3151
880 240  3632
635 466  4151
914 471  4699
OPEL3_WIDTH:209
657 242  816
870 254  1242
671 489  1901
900 471  2340
Воспроизведение
655 229  3207
878 245  3655
676 432  4319
893 417  4865
OPEL3_WIDTH:152
684 243  766
844 229  1169
677 482  1788
850 494  2145
Воспроизведение
671 241  3131
859 254  3552
688 443  4121
865 439  4462
OPEL3_WIDTH:171
678 248  769
855 258  1156
681 492  1823
860 515  2170
Воспроизведение
670 230  3101
846 231  3505
672 437  4158
874 442  4544
NO_ILLUSION0_WIDTH:171
681 240  797
846 243  1147
686 475  1788
884 485  2161
Воспроизведение
674 224  3173
894 227  3677
694 467  4211
898 467  4655
NO_ILLUSION0_WIDTH:209
669 245  914
870 243  1335
651 494  1895
891 495  2440
Воспроизведение
642 259  3376
882 262  3843
658 476  4519
894 469  5022
NO_ILLUSION0_WIDTH:171
678 247  725
862 251  1127
679 485  1763
852 495  2188
Воспроизведение
643 243  3215
842 250  3637
664 476  4324
874 473  4686
NO_ILLUSION0_WIDTH:152
675 247  876
838 240  1260
685 483  1939
857 503  2299
Воспроизведение
693 235  3294
853 232  3652
712 411  4323
882 415  4709
NO_ILLUSION0_WIDTH:247
646 243  784
907 259  1188
650 489  1854
906 498  2303
Воспроизведение
632 229  3352
914 257  3843
626 478  4441
925 493  4921
NO_ILLUSION0_WIDTH:209
673 236  837
884 253  1249
662 495  1807
879 494  2221
Воспроизведение
654 235  3078
877 253  3474
678 496  4087
906 518  4494
NO_ILLUSION0_WIDTH:266
630 240  860
910 255  1300
635 493  1930
922 481  2396
Воспроизведение
630 225  3279
928 255  3871
654 508  4524
949 482  5019
NO_ILLUSION0_WIDTH:266
637 239  711
910 290  1292
622 503  1781
916 484  2296
Воспроизведение
612 232  3228
920 244  3688
650 482  4257
951 487  4754
NO_ILLUSION0_WIDTH:247
645 260  685
908 255  1077
650 485  1631
927 514  2105
Воспроизведение
633 241  2877
891 235  3313
661 467  3813
930 455  4432
NO_ILLUSION0_WIDTH:152
678 232  685
839 241  998
688 487  1621
876 513  1951
Воспроизведение
664 239  3008
849 241  3402
685 464  3957
898 457  4318
