не показывать курсор
тип стимула OPEL_TOP
перпендикулярные отрезки в Оппель-Кундта каждые... пикс 19
высота перпендикулярных отрезков в Оппель-Кундта 20
угол стрелок 45
длина стрелок 20
длина штанги (1я часть) 1 152
длина штанги (1я часть) 2 171
длина штанги (1я часть) 3 209
длина штанги (1я часть) 4 247
длина штанги (1я часть) 5 266
длина штанги (1я часть) 6 152
длина штанги (1я часть) 7 171
длина штанги (1я часть) 8 209
длина штанги (1я часть) 9 247
длина штанги (1я часть) 10 266
длина штанги (2я часть) 1 152
длина штанги (2я часть) 2 171
длина штанги (2я часть) 3 209
длина штанги (2я часть) 4 247
длина штанги (2я часть) 5 266
длина штанги (2я часть) 6 152
длина штанги (2я часть) 7 171
длина штанги (2я часть) 8 209
длина штанги (2я часть) 9 247
длина штанги (2я часть) 10 266
длина "закрывашек" 20
расстояние между линиями 240
расстояние до рельсов Понзо 20
ширина линий 4
всего опытов 20
OPEL3_WIDTH:152
692 251  12604
849 244  13403
701 483  14475
836 481  15131
Воспроизведение
683 278  16863
868 275  17555
690 474  18628
874 476  19362
OPEL3_WIDTH:266
617 238  2231
914 246  3057
630 484  3741
905 476  4433
Воспроизведение
628 223  6023
937 243  6742
594 474  7478
899 464  8222
OPEL3_WIDTH:209
665 246  1466
870 235  1889
650 488  2471
870 478  2928
Воспроизведение
665 250  4536
902 241  4878
638 487  5449
883 471  5878
OPEL3_WIDTH:152
694 233  1271
854 243  1631
683 483  2232
849 483  2600
Воспроизведение
690 268  4675
888 274  5018
698 476  5652
872 459  6001
OPEL3_WIDTH:171
669 247  1009
866 245  1359
671 483  1947
876 483  2270
Воспроизведение
679 236  3707
913 233  4031
678 463  4666
875 451  4972
OPEL3_WIDTH:247
631 255  1201
909 242  1731
635 502  2476
914 471  3133
Воспроизведение
641 241  4703
945 246  5170
659 427  5920
949 424  6386
OPEL3_WIDTH:171
671 239  1088
864 241  1503
658 489  2118
874 483  2592
Воспроизведение
672 257  3911
879 258  4349
670 440  4957
OPEL3_WIDTH:266
858 440  78
636 254  887
929 267  1362
638 482  2033
918 474  2500
Воспроизведение
629 254  3555
929 255  4048
624 459  4617
929 447  5255
OPEL3_WIDTH:209
651 243  882
879 255  1331
653 485  2011
876 483  2496
Воспроизведение
647 244  3652
886 246  4145
653 464  4794
888 458  5314
OPEL3_WIDTH:247
623 241  862
880 249  1382
641 497  2000
909 475  2665
Воспроизведение
632 241  3555
936 250  4148
650 443  4721
912 445  5341
NO_ILLUSION0_WIDTH:209
649 235  865
881 247  1421
653 489  2051
890 481  2544
Воспроизведение
634 235  3431
923 255  3953
642 454  4549
914 435  5159
NO_ILLUSION0_WIDTH:171
662 238  819
871 252  1231
682 485  1810
872 477  2268
Воспроизведение
674 241  3308
898 245  3651
698 486  4300
873 478  4802
NO_ILLUSION0_WIDTH:152
689 240  794
854 242  1080
678 490  1668
861 477  2045
Воспроизведение
684 263  3664
900 249  3906
682 467  4553
876 482  4966
NO_ILLUSION0_WIDTH:247
643 256  764
926 258  1141
652 486  1729
889 487  2178
Воспроизведение
636 238  3219
934 260  3696
649 469  4243
886 458  4736
NO_ILLUSION0_WIDTH:152
691 245  719
854 245  1151
684 487  1678
853 478  2046
Воспроизведение
670 235  3005
881 227  3364
682 459  3915
842 450  4381
NO_ILLUSION0_WIDTH:266
645 235  751
932 243  1156
639 502  1704
917 473  2153
Воспроизведение
613 243  3073
934 243  3531
655 477  4069
941 474  4652
NO_ILLUSION0_WIDTH:266
618 243  822
931 244  1299
636 477  1911
926 475  2385
Воспроизведение
616 251  3231
962 259  3669
637 466  4194
942 469  4787
NO_ILLUSION0_WIDTH:171
673 236  661
879 239  1048
674 487  1603
887 469  1998
Воспроизведение
674 229  2907
902 233  3348
668 471  3913
853 461  4451
NO_ILLUSION0_WIDTH:209
654 243  826
912 259  1230
672 479  1828
873 473  2296
Воспроизведение
637 239  3243
904 240  3710
659 471  4285
899 454  4950
NO_ILLUSION0_WIDTH:247
632 238  828
914 245  1304
638 480  1938
908 476  2486
Воспроизведение
631 257  3635
950 240  4221
648 463  4600
911 464  5212
