не показывать курсор
тип стимула OPEL_TOP
перпендикулярные отрезки в Оппель-Кундта каждые... пикс 19
высота перпендикулярных отрезков в Оппель-Кундта 20
угол стрелок 45
длина стрелок 20
длина штанги (1я часть) 1 152
длина штанги (1я часть) 2 171
длина штанги (1я часть) 3 209
длина штанги (1я часть) 4 247
длина штанги (1я часть) 5 266
длина штанги (1я часть) 6 152
длина штанги (1я часть) 7 171
длина штанги (1я часть) 8 209
длина штанги (1я часть) 9 247
длина штанги (1я часть) 10 266
длина штанги (2я часть) 1 152
длина штанги (2я часть) 2 171
длина штанги (2я часть) 3 209
длина штанги (2я часть) 4 247
длина штанги (2я часть) 5 266
длина штанги (2я часть) 6 152
длина штанги (2я часть) 7 171
длина штанги (2я часть) 8 209
длина штанги (2я часть) 9 247
длина штанги (2я часть) 10 266
длина "закрывашек" 20
расстояние между линиями 240
расстояние до рельсов Понзо 20
ширина линий 4
всего опытов 20
OPEL3_WIDTH:209
659 253  1355
888 250  1858
654 488  2465
901 475  2968
Воспроизведение
630 240  3963
891 235  4422
639 463  4937
890 449  5484
OPEL3_WIDTH:171
676 252  644
872 243  1165
676 480  1717
873 483  2238
Воспроизведение
672 237  2974
886 243  3550
699 450  4045
897 449  4565
OPEL3_WIDTH:247
634 256  708
886 263  1353
645 486  1977
900 481  2580
Воспроизведение
626 247  3451
910 260  4089
675 456  4580
950 440  5308
OPEL3_WIDTH:247
634 252  632
889 259  1208
649 490  1687
911 487  2352
Воспроизведение
607 247  3139
901 251  3786
630 458  4249
928 450  4886
OPEL3_WIDTH:152
682 259  585
852 246  1144
694 489  1701
855 485  2193
Воспроизведение
656 242  3144
908 231  3684
702 438  4306
901 431  4871
OPEL3_WIDTH:152
692 255  663
861 255  1212
687 491  1771
862 484  2363
Воспроизведение
691 269  3492
887 247  4057
682 443  4550
881 432  5196
OPEL3_WIDTH:171
675 248  707
861 247  1237
677 482  1949
854 478  2497
Воспроизведение
672 241  3357
878 228  3914
656 447  4422
862 428  5051
OPEL3_WIDTH:209
635 246  613
874 258  1322
648 492  1841
872 470  2478
Воспроизведение
651 251  3247
912 237  3813
646 487  4333
888 477  4971
OPEL3_WIDTH:266
630 256  641
910 259  1233
626 495  1803
905 479  2440
Воспроизведение
622 250  3349
915 247  4022
628 432  4562
922 415  5253
OPEL3_WIDTH:266
626 254  712
916 266  1368
642 501  1980
908 491  2751
Воспроизведение
602 243  3728
923 245  4429
610 485  5102
914 455  5812
NO_ILLUSION0_WIDTH:171
674 256  682
870 247  1158
681 482  1831
868 485  2452
Воспроизведение
651 239  3229
877 241  3867
651 502  4488
861 483  5125
NO_ILLUSION0_WIDTH:209
666 250  721
879 247  1296
670 485  1928
890 477  2520
Воспроизведение
650 251  3307
913 255  3971
657 481  4492
930 462  5337
NO_ILLUSION0_WIDTH:152
685 239  550
863 254  1062
679 495  1585
854 483  2195
Воспроизведение
657 235  2841
854 239  3405
654 467  3928
841 448  4592
NO_ILLUSION0_WIDTH:171
674 255  611
863 260  1168
688 487  1680
856 486  2238
Воспроизведение
671 243  3051
881 254  3626
690 477  4106
885 461  4780
NO_ILLUSION0_WIDTH:247
640 253  614
894 263  1207
650 487  1863
897 484  2654
Воспроизведение
625 241  3412
898 259  4158
617 471  4662
945 430  5454
NO_ILLUSION0_WIDTH:266
633 247  651
906 262  1397
640 487  1997
911 482  2823
Воспроизведение
606 251  3551
921 263  4297
619 474  4838
917 443  5637
NO_ILLUSION0_WIDTH:247
641 258  761
886 261  1435
647 487  2029
903 481  2828
Воспроизведение
627 243  3537
914 243  4255
622 464  4812
901 447  5575
NO_ILLUSION0_WIDTH:209
660 255  658
890 247  1268
668 493  2076
878 475  2713
Воспроизведение
635 258  3474
890 269  4102
668 445  4475
882 436  5346
NO_ILLUSION0_WIDTH:152
685 256  650
851 261  1198
698 488  1747
871 479  2277
Воспроизведение
681 238  3002
870 248  3559
681 476  4194
877 463  4858
NO_ILLUSION0_WIDTH:266
639 259  736
909 261  1437
630 487  2033
906 483  2734
Воспроизведение
625 247  3579
945 260  4342
647 464  4878
930 449  5587
