не показывать курсор
тип стимула OPEL_TOP
перпендикулярные отрезки в Оппель-Кундта каждые... пикс 19
высота перпендикулярных отрезков в Оппель-Кундта 20
угол стрелок 45
длина стрелок 20
длина штанги (1я часть) 1 152
длина штанги (1я часть) 2 171
длина штанги (1я часть) 3 209
длина штанги (1я часть) 4 247
длина штанги (1я часть) 5 266
длина штанги (1я часть) 6 152
длина штанги (1я часть) 7 171
длина штанги (1я часть) 8 209
длина штанги (1я часть) 9 247
длина штанги (1я часть) 10 266
длина штанги (2я часть) 1 152
длина штанги (2я часть) 2 171
длина штанги (2я часть) 3 209
длина штанги (2я часть) 4 247
длина штанги (2я часть) 5 266
длина штанги (2я часть) 6 152
длина штанги (2я часть) 7 171
длина штанги (2я часть) 8 209
длина штанги (2я часть) 9 247
длина штанги (2я часть) 10 266
длина "закрывашек" 20
расстояние между линиями 240
расстояние до рельсов Понзо 20
ширина линий 4
всего опытов 20
OPEL3_WIDTH:152
690 251  2767
829 250  3180
682 479  4216
832 485  4646
Воспроизведение
687 261  5608
850 255  6129
692 473  7151
854 458  7717
OPEL3_WIDTH:266
627 255  1027
882 249  1790
637 487  2734
898 487  3498
Воспроизведение
629 240  4762
909 245  5382
642 443  6292
946 435  6975
OPEL3_WIDTH:247
634 255  1137
881 244  1784
636 487  2805
893 487  3558
Воспроизведение
649 258  4737
899 258  5383
660 469  6264
953 451  6991
OPEL3_WIDTH:171
680 257  1168
854 250  1705
675 498  2612
842 488  3321
Воспроизведение
667 262  4630
900 260  5268
678 466  6088
926 456  6859
OPEL3_WIDTH:266
627 246  1081
885 245  1754
626 483  2642
906 486  3386
Воспроизведение
647 271  4564
925 267  5210
677 463  6112
932 456  6831
OPEL3_WIDTH:209
651 253  1043
858 246  1698
654 490  2628
654 490  2628
654 490  2660
860 482  3423
Воспроизведение
682 262  4763
921 261  5410
690 451  6268
951 440  7084
OPEL3_WIDTH:209
658 253  1038
853 248  1667
659 491  2607
868 488  3190
Воспроизведение
665 273  4514
906 268  5170
668 432  6103
908 432  6937
OPEL3_WIDTH:171
677 251  1019
846 244  1883
677 485  2660
677 485  2660
677 485  2730
851 491  3485
Воспроизведение
699 275  4997
887 276  5644
702 467  6770
890 467  7406
OPEL3_WIDTH:247
640 251  1156
882 247  1955
638 487  2914
884 483  3534
Воспроизведение
675 266  4943
898 259  5554
703 447  6519
937 439  7190
OPEL3_WIDTH:152
687 248  916
851 243  1499
690 480  2429
843 484  2967
Воспроизведение
703 260  4164
898 247  4811
705 456  5645
904 464  6301
NO_ILLUSION0_WIDTH:209
658 251  881
868 247  1501
660 483  2383
878 488  3165
Воспроизведение
690 275  4222
886 283  4896
671 496  5838
904 498  6528
NO_ILLUSION0_WIDTH:152
686 256  914
842 253  1506
695 491  2669
842 482  3207
Воспроизведение
698 256  4510
869 255  5067
725 478  5912
892 483  6531
NO_ILLUSION0_WIDTH:171
674 250  904
849 245  1493
675 488  2607
849 486  3200
Воспроизведение
705 279  4337
894 278  4964
698 484  5998
902 483  6598
NO_ILLUSION0_WIDTH:171
678 255  1009
840 252  1566
674 487  2489
850 487  3027
Воспроизведение
682 311  4229
874 297  4875
702 480  5803
910 483  6485
NO_ILLUSION0_WIDTH:247
640 255  1213
876 250  2093
641 487  3027
885 484  3737
Воспроизведение
649 255  4973
879 255  5636
665 476  6672
925 477  7391
NO_ILLUSION0_WIDTH:209
659 257  1043
863 250  1762
651 487  2561
860 488  3297
Воспроизведение
665 269  4588
863 255  5198
651 471  6204
869 468  6922
NO_ILLUSION0_WIDTH:266
626 251  1027
883 245  1816
630 493  2875
886 489  3683
Воспроизведение
656 287  6774
896 279  7448
678 481  8332
974 479  9139
NO_ILLUSION0_WIDTH:247
629 250  950
879 247  1687
633 491  2520
885 487  3176
Воспроизведение
649 263  4375
881 244  5057
665 467  6067
935 469  6776
NO_ILLUSION0_WIDTH:266
634 248  966
880 247  1757
634 491  2625
894 486  3335
Воспроизведение
642 267  4567
880 258  5259
669 448  6188
898 441  6850
NO_ILLUSION0_WIDTH:152
684 256  988
842 245  1543
676 491  2348
842 487  3067
Воспроизведение
680 265  4145
864 264  4756
700 483  5752
860 481  6436
