не показывать курсор
тип стимула OPEL_TOP
перпендикулярные отрезки в Оппель-Кундта каждые... пикс 19
высота перпендикулярных отрезков в Оппель-Кундта 20
угол стрелок 45
длина стрелок 20
длина штанги (1я часть) 1 152
длина штанги (1я часть) 2 171
длина штанги (1я часть) 3 209
длина штанги (1я часть) 4 247
длина штанги (1я часть) 5 266
длина штанги (1я часть) 6 152
длина штанги (1я часть) 7 171
длина штанги (1я часть) 8 209
длина штанги (1я часть) 9 247
длина штанги (1я часть) 10 266
длина штанги (2я часть) 1 152
длина штанги (2я часть) 2 171
длина штанги (2я часть) 3 209
длина штанги (2я часть) 4 247
длина штанги (2я часть) 5 266
длина штанги (2я часть) 6 152
длина штанги (2я часть) 7 171
длина штанги (2я часть) 8 209
длина штанги (2я часть) 9 247
длина штанги (2я часть) 10 266
длина "закрывашек" 20
расстояние между линиями 240
расстояние до рельсов Понзо 20
ширина линий 4
всего опытов 20
OPEL3_WIDTH:266
641 251  3410
888 248  3975
634 489  4779
894 498  5227
Воспроизведение
648 266  6446
894 263  6994
652 444  7860
907 430  8479
OPEL3_WIDTH:209
663 258  998
855 264  1421
652 491  2281
871 492  2766
Воспроизведение
684 250  4138
889 251  4658
658 444  5454
872 437  6018
OPEL3_WIDTH:266
646 251  969
894 258  1490
636 491  2374
901 484  2965
Воспроизведение
694 267  4042
886 254  4501
651 446  5646
910 440  6130
OPEL3_WIDTH:209
675 256  968
870 267  1398
659 499  2254
865 493  2746
Воспроизведение
710 257  4002
889 248  4469
678 442  5356
890 448  5948
OPEL3_WIDTH:247
639 263  1241
881 263  1763
633 487  2532
891 483  3051
Воспроизведение
699 271  4356
926 268  4768
677 495  5657
901 475  6070
OPEL3_WIDTH:171
702 266  1042
853 255  1464
669 491  2375
851 490  2787
Воспроизведение
693 267  4324
896 271  4711
705 466  5741
905 452  6135
OPEL3_WIDTH:152
701 251  868
845 252  1200
685 503  2059
856 495  2524
Воспроизведение
706 270  3983
856 265  4369
688 474  5210
850 469  5551
OPEL3_WIDTH:247
644 262  973
905 263  1539
630 491  2297
907 487  2836
Воспроизведение
667 271  3812
908 255  4368
661 483  5179
930 461  5807
OPEL3_WIDTH:152
704 259  905
842 251  1310
682 509  2215
848 490  2627
Воспроизведение
710 285  3637
878 277  4114
674 495  4988
862 480  5535
OPEL3_WIDTH:171
683 247  886
855 253  1515
666 490  2575
846 471  3113
Воспроизведение
712 270  4114
895 259  4643
674 513  5629
867 488  6169
NO_ILLUSION0_WIDTH:171
674 252  932
854 245  1425
673 499  2203
875 478  2671
Воспроизведение
682 284  3790
865 275  4265
665 481  5132
872 464  5643
NO_ILLUSION0_WIDTH:247
626 250  1005
886 251  1680
626 479  2490
895 496  3055
Воспроизведение
681 265  4168
914 254  4688
636 475  5502
914 460  6004
NO_ILLUSION0_WIDTH:247
643 255  860
894 262  1478
642 479  2270
909 480  2753
Воспроизведение
687 281  3884
942 267  4485
674 479  5407
994 486  6033
NO_ILLUSION0_WIDTH:152
696 241  1166
836 254  1605
675 487  2484
835 487  2977
Воспроизведение
701 267  4324
854 268  4710
682 479  5653
864 467  6021
NO_ILLUSION0_WIDTH:171
683 262  1093
862 252  1704
678 500  2520
856 491  3022
Воспроизведение
684 268  4232
871 267  4762
683 474  5563
871 469  6138
NO_ILLUSION0_WIDTH:152
692 251  968
835 260  1454
676 498  2347
863 484  2903
Воспроизведение
683 268  4095
848 269  4543
683 472  5589
845 465  6000
NO_ILLUSION0_WIDTH:209
662 242  1118
862 251  1756
655 488  2602
874 490  3113
Воспроизведение
701 271  4406
890 275  4999
697 487  5977
896 484  6498
NO_ILLUSION0_WIDTH:266
622 263  1037
894 262  1907
626 483  2671
895 494  3371
Воспроизведение
694 278  4601
910 272  5301
642 512  6045
946 482  6844
NO_ILLUSION0_WIDTH:209
656 258  984
861 249  1622
651 499  2504
895 479  3276
Воспроизведение
704 270  4654
894 267  5272
677 480  6181
938 466  6854
NO_ILLUSION0_WIDTH:266
630 251  1043
890 251  1681
626 496  2453
899 481  3126
Воспроизведение
677 270  4297
912 272  4908
675 468  6132
940 465  6842
