не показывать курсор
тип стимула MULLER_TOPLARGER
перпендикулярные отрезки в Оппель-Кундта каждые... пикс 19
высота перпендикулярных отрезков в Оппель-Кундта 20
угол стрелок 45
длина стрелок 20
длина штанги (1я часть) 1 152
длина штанги (1я часть) 2 171
длина штанги (1я часть) 3 209
длина штанги (1я часть) 4 247
длина штанги (1я часть) 5 266
длина штанги (1я часть) 6 152
длина штанги (1я часть) 7 171
длина штанги (1я часть) 8 209
длина штанги (1я часть) 9 247
длина штанги (1я часть) 10 266
длина штанги (2я часть) 1 152
длина штанги (2я часть) 2 171
длина штанги (2я часть) 3 209
длина штанги (2я часть) 4 247
длина штанги (2я часть) 5 266
длина штанги (2я часть) 6 152
длина штанги (2я часть) 7 171
длина штанги (2я часть) 8 209
длина штанги (2я часть) 9 247
длина штанги (2я часть) 10 266
длина "закрывашек" 20
расстояние между линиями 240
расстояние до рельсов Понзо 20
ширина линий 4
всего опытов 20
ILLUSION_TOP_LARGER_WIDTH:209
653 231  1620
881 242  2266
662 479  3044
877 482  3682
Воспроизведение
680 238  4858
912 244  5523
702 450  5897
702 450  5897
684 471  6197
943 440  6868
ILLUSION_TOP_LARGER_WIDTH:209
667 247  1278
895 246  1888
675 485  2733
886 485  3243
Воспроизведение
676 239  4647
926 243  5275
702 450  6008
954 451  6742
ILLUSION_TOP_LARGER_WIDTH:247
631 247  891
889 243  1690
650 494  2498
886 476  3242
Воспроизведение
650 233  4340
920 238  5041
652 489  5713
941 464  6539
ILLUSION_TOP_LARGER_WIDTH:152
696 238  1133
849 240  1644
682 481  2453
853 481  3000
Воспроизведение
694 258  4253
893 257  4737
695 491  5492
905 482  5885
ILLUSION_TOP_LARGER_WIDTH:266
625 251  902
903 255  1629
646 490  2449
907 471  3156
Воспроизведение
656 237  4402
929 243  5066
686 455  5842
960 446  6523
ILLUSION_TOP_LARGER_WIDTH:171
676 249  1054
874 251  1629
677 500  2510
855 488  3066
Воспроизведение
687 264  4315
910 261  4841
693 477  5597
911 486  6225
ILLUSION_TOP_LARGER_WIDTH:152
682 239  990
852 247  1575
682 483  2250
842 482  2834
Воспроизведение
700 251  4095
888 246  4544
714 470  5394
922 449  5851
ILLUSION_TOP_LARGER_WIDTH:247
649 244  1106
902 247  1772
642 485  2490
905 476  3216
Воспроизведение
642 248  4500
926 249  5101
674 478  5802
962 451  6349
ILLUSION_TOP_LARGER_WIDTH:266
624 243  815
908 244  1453
640 483  2282
912 475  3000
Воспроизведение
647 247  4073
928 255  4647
665 465  5783
950 443  6329
ILLUSION_TOP_LARGER_WIDTH:171
676 246  1002
862 251  1521
675 485  2231
870 485  2698
Воспроизведение
676 255  3896
918 247  4381
690 429  5028
926 407  5566
NO_ILLUSION0_WIDTH:247
646 243  1087
894 246  1795
640 489  2499
896 480  3207
Воспроизведение
648 242  4279
919 235  4944
661 431  5679
918 411  6442
NO_ILLUSION0_WIDTH:209
659 236  1260
877 243  2050
675 483  2970
882 484  3768
Воспроизведение
663 242  5090
893 235  5817
686 427  6458
905 417  7309
NO_ILLUSION0_WIDTH:266
630 244  1061
906 252  1742
623 499  2436
926 483  3135
Воспроизведение
650 234  4194
915 245  4903
702 426  5641
930 430  6350
NO_ILLUSION0_WIDTH:171
687 233  1251
866 241  1825
682 482  2678
864 485  3200
Воспроизведение
702 251  4638
902 255  5204
705 481  5999
917 483  6557
NO_ILLUSION0_WIDTH:152
695 238  1103
848 250  1561
678 483  2244
866 486  2765
Воспроизведение
700 251  3913
882 248  4406
712 470  5128
909 462  5639
NO_ILLUSION0_WIDTH:266
626 242  995
906 251  1668
624 483  2374
Воспроизведение
923 475  3300
653 253  4291
930 249  4909
669 466  5582
928 450  6407
NO_ILLUSION0_WIDTH:171
677 242  1222
871 259  1832
682 484  2573
872 483  3093
Воспроизведение
690 260  4364
901 259  4928
702 476  5663
928 475  6229
NO_ILLUSION0_WIDTH:247
641 242  1071
894 247  1688
642 479  2405
902 480  2996
Воспроизведение
664 253  4231
931 250  4760
697 478  5483
950 470  6040
NO_ILLUSION0_WIDTH:152
692 243  824
854 241  1363
675 484  2111
853 479  2623
Воспроизведение
712 259  3710
910 269  4177
731 455  4891
917 453  5545
NO_ILLUSION0_WIDTH:209
657 247  943
881 249  1543
659 487  2214
886 483  2698
Воспроизведение
677 263  3921
920 270  4414
701 458  5210
956 448  5758
