не показывать курсор
тип стимула MULLER_TOPLARGER
перпендикулярные отрезки в Оппель-Кундта каждые... пикс 19
высота перпендикулярных отрезков в Оппель-Кундта 20
угол стрелок 45
длина стрелок 20
длина штанги (1я часть) 1 152
длина штанги (1я часть) 2 171
длина штанги (1я часть) 3 209
длина штанги (1я часть) 4 247
длина штанги (1я часть) 5 266
длина штанги (1я часть) 6 152
длина штанги (1я часть) 7 171
длина штанги (1я часть) 8 209
длина штанги (1я часть) 9 247
длина штанги (1я часть) 10 266
длина штанги (2я часть) 1 152
длина штанги (2я часть) 2 171
длина штанги (2я часть) 3 209
длина штанги (2я часть) 4 247
длина штанги (2я часть) 5 266
длина штанги (2я часть) 6 152
длина штанги (2я часть) 7 171
длина штанги (2я часть) 8 209
длина штанги (2я часть) 9 247
длина штанги (2я часть) 10 266
длина "закрывашек" 20
расстояние между линиями 240
расстояние до рельсов Понзо 20
ширина линий 4
всего опытов 20
ILLUSION_TOP_LARGER_WIDTH:209
662 252  3216
872 251  4419
671 487  5893
876 486  7022
Воспроизведение
627 228  10156
897 233  11170
652 459  12121
892 456  13322
ILLUSION_TOP_LARGER_WIDTH:247
646 252  1942
899 250  2885
650 492  3931
882 483  4731
Воспроизведение
630 232  6513
885 232  7347
647 486  8377
897 476  9121
ILLUSION_TOP_LARGER_WIDTH:209
670 255  2038
875 244  2972
669 482  3897
866 483  4750
Воспроизведение
686 230  6681
887 233  7463
676 478  8369
886 481  9258
ILLUSION_TOP_LARGER_WIDTH:266
634 247  2084
905 247  3106
643 485  4117
906 480  5211
Воспроизведение
655 243  7277
955 252  8138
650 485  9122
946 470  10009
ILLUSION_TOP_LARGER_WIDTH:171
674 251  1759
852 252  2494
675 484  3205
845 481  3887
Воспроизведение
707 238  5693
878 246  6205
701 479  7138
883 479  7828
ILLUSION_TOP_LARGER_WIDTH:247
649 252  1623
890 248  2674
650 488  3690
896 479  4497
Воспроизведение
651 235  6184
932 243  7073
652 485  8015
928 483  8588
ILLUSION_TOP_LARGER_WIDTH:266
626 240  1734
911 243  2685
639 496  3671
891 481  4621
Воспроизведение
648 260  6482
942 251  7424
659 477  8339
934 472  9183
ILLUSION_TOP_LARGER_WIDTH:152
688 249  1844
860 244  2588
701 486  3433
842 486  4094
Воспроизведение
677 255  5854
890 252  6429
699 478  7270
916 465  7834
ILLUSION_TOP_LARGER_WIDTH:171
677 251  1501
855 244  2183
682 494  2946
861 478  3771
Воспроизведение
677 255  5187
900 262  5761
706 475  6641
896 459  7143
ILLUSION_TOP_LARGER_WIDTH:152
689 248  1728
855 256  2410
701 483  3287
847 482  3949
Воспроизведение
670 254  5490
870 259  5964
701 486  6939
862 473  7476
NO_ILLUSION0_WIDTH:152
692 238  1714
846 252  2478
702 487  3228
850 483  3828
Воспроизведение
707 259  5472
862 256  6099
720 486  7222
895 482  7966
NO_ILLUSION0_WIDTH:209
666 251  1495
867 246  2274
676 481  3250
887 476  3878
Воспроизведение
658 263  5489
878 259  6126
678 506  6910
909 491  7680
NO_ILLUSION0_WIDTH:171
678 255  1395
858 255  1951
698 486  3132
854 484  3814
Воспроизведение
667 242  6535
890 255  7083
704 452  8361
906 457  9221
NO_ILLUSION0_WIDTH:152
697 252  1657
854 254  2214
702 487  3292
854 487  3937
Воспроизведение
695 250  5238
853 249  5911
726 475  6860
892 476  7506
NO_ILLUSION0_WIDTH:247
644 251  1447
888 247  2193
648 487  3055
905 484  3826
Воспроизведение
630 249  5356
891 255  6261
669 511  7267
925 498  7958
NO_ILLUSION0_WIDTH:247
650 255  1405
906 254  2095
653 487  3039
899 482  4096
Воспроизведение
651 247  5642
907 251  6584
664 506  7372
931 500  8152
NO_ILLUSION0_WIDTH:266
638 256  1330
906 248  2137
646 491  3072
884 482  3925
Воспроизведение
666 262  5229
666 262  5229
666 262  5291
914 266  6357
657 504  7452
924 497  8051
NO_ILLUSION0_WIDTH:209
664 260  1267
898 247  1941
675 491  2758
876 482  3645
Воспроизведение
675 260  5318
884 263  6135
681 504  7217
906 481  7979
NO_ILLUSION0_WIDTH:266
636 256  1427
912 248  2108
640 486  2998
906 479  4064
Воспроизведение
675 240  5453
931 246  6331
698 448  7184
923 442  8250
NO_ILLUSION0_WIDTH:171
678 255  1289
853 252  1880
696 488  2416
696 488  2416
696 488  2468
860 478  3310
Воспроизведение
702 245  4778
886 247  5480
718 500  6499
909 495  6981
