не показывать курсор
тип стимула MULLER_TOPLARGER
перпендикулярные отрезки в Оппель-Кундта каждые... пикс 19
высота перпендикулярных отрезков в Оппель-Кундта 20
угол стрелок 45
длина стрелок 20
длина штанги (1я часть) 1 152
длина штанги (1я часть) 2 171
длина штанги (1я часть) 3 209
длина штанги (1я часть) 4 247
длина штанги (1я часть) 5 266
длина штанги (1я часть) 6 152
длина штанги (1я часть) 7 171
длина штанги (1я часть) 8 209
длина штанги (1я часть) 9 247
длина штанги (1я часть) 10 266
длина штанги (2я часть) 1 152
длина штанги (2я часть) 2 171
длина штанги (2я часть) 3 209
длина штанги (2я часть) 4 247
длина штанги (2я часть) 5 266
длина штанги (2я часть) 6 152
длина штанги (2я часть) 7 171
длина штанги (2я часть) 8 209
длина штанги (2я часть) 9 247
длина штанги (2я часть) 10 266
длина "закрывашек" 20
расстояние между линиями 240
расстояние до рельсов Понзо 20
ширина линий 4
всего опытов 20
ILLUSION_TOP_LARGER_WIDTH:266
626 259  1040
894 247  1597
645 495  2237
895 491  2812
Воспроизведение
620 265  3728
905 259  4286
626 488  4755
942 479  5312
ILLUSION_TOP_LARGER_WIDTH:171
670 251  773
845 256  1231
702 478  1778
843 483  2255
Воспроизведение
666 263  3171
858 266  3629
654 532  4011
860 527  4569
ILLUSION_TOP_LARGER_WIDTH:171
666 252  747
862 251  1250
681 488  1725
858 483  2201
Воспроизведение
681 255  3212
869 255  3669
675 513  4115
861 499  4591
ILLUSION_TOP_LARGER_WIDTH:209
653 246  710
878 251  1239
670 487  1738
853 475  2266
Воспроизведение
682 254  3121
875 258  3570
640 549  4046
899 529  4575
ILLUSION_TOP_LARGER_WIDTH:152
694 259  813
855 257  1234
690 500  1747
835 479  2169
Воспроизведение
702 258  3011
856 269  3452
698 518  3907
866 523  4328
ILLUSION_TOP_LARGER_WIDTH:266
628 247  707
894 252  1218
635 495  1736
884 471  2301
Воспроизведение
626 251  3173
925 257  3639
638 520  4138
855 522  4586
ILLUSION_TOP_LARGER_WIDTH:247
635 254  711
906 260  1196
652 495  1693
886 475  2204
Воспроизведение
642 251  2887
896 254  3372
630 534  3869
850 527  4318
ILLUSION_TOP_LARGER_WIDTH:209
655 250  657
876 243  1159
662 500  1667
878 485  2160
Воспроизведение
654 253  2868
883 269  3307
672 501  3850
868 494  4291
ILLUSION_TOP_LARGER_WIDTH:247
630 258  632
883 255  1196
640 476  1672
879 468  2229
Воспроизведение
639 239  2863
888 248  3374
622 486  3854
898 478  4401
ILLUSION_TOP_LARGER_WIDTH:152
692 246  674
842 251  1068
699 483  1620
846 482  2042
Воспроизведение
694 255  2840
874 263  3217
650 528  3707
858 523  4146
NO_ILLUSION0_WIDTH:209
662 251  709
861 259  1203
650 494  1654
876 471  2138
Воспроизведение
666 256  2813
872 258  3244
671 516  3727
889 507  4184
NO_ILLUSION0_WIDTH:152
702 245  625
842 243  1055
693 483  1521
855 483  1960
Воспроизведение
689 261  2810
853 263  3197
670 530  3694
870 509  4151
NO_ILLUSION0_WIDTH:171
677 244  611
863 255  1070
676 488  1568
863 489  2007
Воспроизведение
682 259  2890
837 254  3276
663 495  3741
854 478  4189
NO_ILLUSION0_WIDTH:171
674 248  654
854 254  1059
677 481  1524
853 475  2018
Воспроизведение
694 241  2816
866 237  3185
678 492  3649
869 492  4097
NO_ILLUSION0_WIDTH:266
624 257  596
867 259  1108
624 485  1560
883 479  2126
Воспроизведение
633 254  2792
913 252  3286
621 511  3765
922 495  4285
NO_ILLUSION0_WIDTH:266
636 243  516
886 239  1038
624 492  1534
890 476  2073
Воспроизведение
632 243  2797
912 252  3299
641 519  3807
956 511  4335
NO_ILLUSION0_WIDTH:247
636 244  549
878 249  1044
629 504  1510
890 488  2057
Воспроизведение
646 252  2815
909 249  3272
629 513  3766
910 511  4250
NO_ILLUSION0_WIDTH:152
698 243  656
849 244  1050
687 483  1583
844 478  1996
Воспроизведение
682 248  2730
854 253  3098
676 512  3585
848 515  3961
NO_ILLUSION0_WIDTH:247
630 265  644
896 258  1138
647 487  1626
878 478  2101
Воспроизведение
626 250  2816
883 242  3255
630 529  3750
909 509  4234
NO_ILLUSION0_WIDTH:209
657 251  625
864 255  1057
652 494  1517
864 483  2037
Воспроизведение
659 259  2703
878 260  3133
665 504  3632
905 491  4114
