не показывать курсор
тип стимула MULLER_TOPLARGER
перпендикулярные отрезки в Оппель-Кундта каждые... пикс 19
высота перпендикулярных отрезков в Оппель-Кундта 20
угол стрелок 45
длина стрелок 20
длина штанги (1я часть) 1 152
длина штанги (1я часть) 2 171
длина штанги (1я часть) 3 209
длина штанги (1я часть) 4 247
длина штанги (1я часть) 5 266
длина штанги (1я часть) 6 152
длина штанги (1я часть) 7 171
длина штанги (1я часть) 8 209
длина штанги (1я часть) 9 247
длина штанги (1я часть) 10 266
длина штанги (2я часть) 1 152
длина штанги (2я часть) 2 171
длина штанги (2я часть) 3 209
длина штанги (2я часть) 4 247
длина штанги (2я часть) 5 266
длина штанги (2я часть) 6 152
длина штанги (2я часть) 7 171
длина штанги (2я часть) 8 209
длина штанги (2я часть) 9 247
длина штанги (2я часть) 10 266
длина "закрывашек" 20
расстояние между линиями 240
расстояние до рельсов Понзо 20
ширина линий 4
всего опытов 20
ILLUSION_TOP_LARGER_WIDTH:247
602 251  1205
934 253  1654
641 507  2132
879 479  2607
Воспроизведение
598 251  3220
889 239  3580
603 476  3986
908 479  4443
ILLUSION_TOP_LARGER_WIDTH:266
611 237  522
931 238  969
653 485  1401
925 480  1867
Воспроизведение
603 255  2509
868 247  2868
622 495  3266
887 503  3723
ILLUSION_TOP_LARGER_WIDTH:266
634 257  562
908 251  956
630 492  1330
894 478  1805
Воспроизведение
624 247  2443
893 240  2810
599 491  3177
906 496  3615
ILLUSION_TOP_LARGER_WIDTH:171
662 252  535
860 244  902
668 481  1290
854 483  1711
Воспроизведение
654 259  2377
869 248  2738
650 483  3125
929 488  3591
ILLUSION_TOP_LARGER_WIDTH:209
651 262  556
878 263  959
666 484  1347
864 480  1778
Воспроизведение
644 252  2406
918 249  2739
627 503  3128
860 511  3549
ILLUSION_TOP_LARGER_WIDTH:152
659 264  493
858 249  861
702 491  1355
863 486  1686
Воспроизведение
648 260  2361
860 259  2728
654 489  3116
867 488  3492
ILLUSION_TOP_LARGER_WIDTH:152
669 230  498
906 259  840
710 497  1330
855 490  1706
Воспроизведение
654 263  2236
882 262  2622
681 472  3050
850 473  3409
ILLUSION_TOP_LARGER_WIDTH:247
627 252  526
892 239  967
634 491  1381
891 483  1819
Воспроизведение
639 255  2371
934 255  2774
679 476  3179
883 484  3520
ILLUSION_TOP_LARGER_WIDTH:171
659 236  534
896 255  893
687 489  1350
856 479  1692
Воспроизведение
630 251  2205
911 258  2581
650 492  2974
854 477  3314
ILLUSION_TOP_LARGER_WIDTH:209
633 247  561
900 259  928
652 491  1326
875 474  1738
Воспроизведение
632 246  2238
903 263  2606
646 479  2985
905 477  3460
NO_ILLUSION0_WIDTH:209
629 234  509
906 250  914
644 487  1324
894 486  1728
Воспроизведение
642 241  2287
894 243  2628
638 498  3025
905 521  3357
NO_ILLUSION0_WIDTH:247
625 253  528
906 251  904
638 478  1320
901 473  1706
Воспроизведение
628 239  2228
933 267  2597
626 509  2986
934 514  3363
NO_ILLUSION0_WIDTH:209
650 261  474
885 251  807
645 496  1213
896 502  1570
Воспроизведение
660 262  2104
924 249  2472
645 484  2851
NO_ILLUSION0_WIDTH:247
901 492  57
623 248  581
910 257  975
606 479  1334
913 479  1757
Воспроизведение
642 248  2256
934 269  2587
607 511  3004
903 501  3407
NO_ILLUSION0_WIDTH:152
677 259  409
854 250  739
665 481  1182
878 481  1532
Воспроизведение
641 260  2065
867 255  2388
650 523  2857
870 515  3171
NO_ILLUSION0_WIDTH:171
672 247  483
879 240  822
677 494  1269
893 486  1583
Воспроизведение
662 245  2164
882 242  2469
632 514  2852
866 513  3193
NO_ILLUSION0_WIDTH:266
638 255  399
932 253  767
607 475  1140
898 471  1561
Воспроизведение
617 248  2094
942 243  2453
601 510  2832
925 503  3217
NO_ILLUSION0_WIDTH:171
631 245  380
881 255  766
652 485  1148
866 463  1488
Воспроизведение
676 238  2053
907 236  2366
670 475  2745
885 484  3059
NO_ILLUSION0_WIDTH:266
638 257  438
910 255  822
620 499  1196
894 472  1582
Воспроизведение
621 234  2123
926 248  2499
618 515  2889
909 520  3257
NO_ILLUSION0_WIDTH:152
666 244  436
858 249  759
688 507  1169
864 488  1465
Воспроизведение
679 246  1968
870 251  2301
664 515  2657
863 512  2987
