не показывать курсор
тип стимула MULLER_TOPLARGER
перпендикулярные отрезки в Оппель-Кундта каждые... пикс 19
высота перпендикулярных отрезков в Оппель-Кундта 20
угол стрелок 45
длина стрелок 20
длина штанги (1я часть) 1 152
длина штанги (1я часть) 2 171
длина штанги (1я часть) 3 209
длина штанги (1я часть) 4 247
длина штанги (1я часть) 5 266
длина штанги (1я часть) 6 152
длина штанги (1я часть) 7 171
длина штанги (1я часть) 8 209
длина штанги (1я часть) 9 247
длина штанги (1я часть) 10 266
длина штанги (2я часть) 1 152
длина штанги (2я часть) 2 171
длина штанги (2я часть) 3 209
длина штанги (2я часть) 4 247
длина штанги (2я часть) 5 266
длина штанги (2я часть) 6 152
длина штанги (2я часть) 7 171
длина штанги (2я часть) 8 209
длина штанги (2я часть) 9 247
длина штанги (2я часть) 10 266
длина "закрывашек" 20
расстояние между линиями 240
расстояние до рельсов Понзо 20
ширина линий 4
всего опытов 20
ILLUSION_TOP_LARGER_WIDTH:247
651 243  3837
891 249  4872
652 489  6103
901 490  7087
Воспроизведение
636 255  8625
887 249  9578
649 513  10970
931 520  11961
ILLUSION_TOP_LARGER_WIDTH:152
690 247  1912
854 252  2855
700 486  4162
854 498  5193
Воспроизведение
669 261  6944
847 267  8408
675 503  9321
859 512  10079
ILLUSION_TOP_LARGER_WIDTH:266
630 247  2098
906 244  3349
650 487  4704
898 483  5972
Воспроизведение
634 251  8096
925 256  9290
606 505  10311
927 512  11304
ILLUSION_TOP_LARGER_WIDTH:209
659 243  1726
874 250  2883
670 483  4323
876 491  5496
Воспроизведение
626 287  7998
870 290  9172
632 557  10499
903 563  12050
ILLUSION_TOP_LARGER_WIDTH:152
681 246  1548
846 247  2415
701 483  3442
840 483  4117
Воспроизведение
677 255  6073
862 259  7057
678 508  8299
905 516  9326
ILLUSION_TOP_LARGER_WIDTH:171
678 246  3098
856 251  4173
679 489  5644
852 487  6722
Воспроизведение
668 258  8395
879 263  9567
671 554  10778
869 553  11835
ILLUSION_TOP_LARGER_WIDTH:266
635 237  2744
903 249  4448
641 491  5869
888 483  7138
Воспроизведение
598 267  9147
933 269  10632
602 580  11812
914 579  13103
ILLUSION_TOP_LARGER_WIDTH:209
654 246  2070
874 251  3593
671 484  4707
880 487  5818
Воспроизведение
635 259  8010
901 256  9483
656 499  10738
884 499  12010
ILLUSION_TOP_LARGER_WIDTH:171
677 250  1911
863 247  2915
682 486  4130
854 488  5215
Воспроизведение
675 262  6886
855 257  7768
662 576  8967
879 584  9902
ILLUSION_TOP_LARGER_WIDTH:247
636 255  1602
889 248  2718
650 486  3707
882 487  4771
Воспроизведение
635 267  6740
905 274  7835
636 573  8849
902 579  9791
NO_ILLUSION0_WIDTH:152
684 243  2437
852 249  3324
685 487  4444
839 489  5266
Воспроизведение
677 266  7722
872 271  8634
678 532  9851
878 527  10658
NO_ILLUSION0_WIDTH:266
638 242  1886
908 243  3107
634 484  4303
903 489  5692
Воспроизведение
629 253  7271
927 259  8907
625 475  10146
936 481  12018
NO_ILLUSION0_WIDTH:209
658 243  1734
883 249  2709
666 478  3955
873 488  5094
Воспроизведение
652 265  6817
880 256  7920
686 536  9532
918 541  10668
NO_ILLUSION0_WIDTH:209
664 249  1415
869 247  2550
668 488  3671
878 486  4848
Воспроизведение
656 265  6679
891 270  8895
666 535  10542
918 543  11667
NO_ILLUSION0_WIDTH:266
638 242  2031
903 243  3221
631 490  4309
904 479  5433
Воспроизведение
611 268  7747
938 267  9387
602 569  10450
934 575  11818
NO_ILLUSION0_WIDTH:152
694 250  1872
854 247  2706
694 482  3831
845 483  4854
Воспроизведение
678 254  6681
882 256  8488
675 534  9595
884 539  10604
NO_ILLUSION0_WIDTH:247
642 247  2425
898 245  3682
647 479  4818
898 483  6084
Воспроизведение
646 263  8079
939 267  9430
642 532  10452
926 535  11502
NO_ILLUSION0_WIDTH:247
646 251  1389
896 249  2547
649 485  3892
897 483  5161
Воспроизведение
631 248  6596
934 255  7968
662 527  9576
955 534  10501
NO_ILLUSION0_WIDTH:171
674 247  1734
850 249  2962
678 479  5159
852 483  6366
Воспроизведение
662 259  8799
874 260  9860
651 521  10905
878 512  11823
NO_ILLUSION0_WIDTH:171
681 247  2340
861 240  3230
677 487  4247
854 487  5102
Воспроизведение
670 257  6568
886 267  7558
673 514  8324
888 538  9335
