не показывать курсор
тип стимула MULLER_TOPLARGER
перпендикулярные отрезки в Оппель-Кундта каждые... пикс 19
высота перпендикулярных отрезков в Оппель-Кундта 20
угол стрелок 45
длина стрелок 20
длина штанги (1я часть) 1 152
длина штанги (1я часть) 2 171
длина штанги (1я часть) 3 209
длина штанги (1я часть) 4 247
длина штанги (1я часть) 5 266
длина штанги (1я часть) 6 152
длина штанги (1я часть) 7 171
длина штанги (1я часть) 8 209
длина штанги (1я часть) 9 247
длина штанги (1я часть) 10 266
длина штанги (2я часть) 1 152
длина штанги (2я часть) 2 171
длина штанги (2я часть) 3 209
длина штанги (2я часть) 4 247
длина штанги (2я часть) 5 266
длина штанги (2я часть) 6 152
длина штанги (2я часть) 7 171
длина штанги (2я часть) 8 209
длина штанги (2я часть) 9 247
длина штанги (2я часть) 10 266
длина "закрывашек" 20
расстояние между линиями 240
расстояние до рельсов Понзо 20
ширина линий 4
всего опытов 20
ILLUSION_TOP_LARGER_WIDTH:152
702 247  2133
847 250  2753
702 493  3679
839 498  4375
Воспроизведение
651 247  6026
849 246  6804
685 469  7603
862 475  8264
ILLUSION_TOP_LARGER_WIDTH:266
626 257  1347
912 259  2096
643 490  3101
898 479  3963
Воспроизведение
628 267  6105
902 273  7356
627 473  8295
910 483  9395
ILLUSION_TOP_LARGER_WIDTH:266
624 241  4991
908 256  6455
641 492  7391
892 499  8120
Воспроизведение
638 281  10388
925 277  11104
634 480  12007
919 483  13131
ILLUSION_TOP_LARGER_WIDTH:171
671 247  1874
863 253  2604
688 480  3921
854 486  4622
Воспроизведение
664 261  6765
886 252  7532
649 463  8411
883 472  9371
ILLUSION_TOP_LARGER_WIDTH:171
674 249  2098
862 257  2767
682 490  3758
849 490  4576
Воспроизведение
674 263  6146
876 269  6774
667 501  7440
880 497  8191
ILLUSION_TOP_LARGER_WIDTH:247
627 248  1596
894 255  2651
654 484  3643
888 489  4422
Воспроизведение
651 263  6319
915 259  7062
629 491  7823
910 486  8506
ILLUSION_TOP_LARGER_WIDTH:209
646 242  1389
877 251  2078
663 491  2868
865 488  3384
Воспроизведение
634 279  4999
928 281  5663
640 499  6343
909 493  7010
ILLUSION_TOP_LARGER_WIDTH:247
630 247  1413
907 251  1948
646 486  2793
889 483  3515
Воспроизведение
623 292  6084
919 291  6728
634 496  7485
919 495  8191
ILLUSION_TOP_LARGER_WIDTH:209
645 254  1446
888 248  2040
668 479  2828
882 484  3397
Воспроизведение
627 285  5690
898 297  6471
642 496  7228
885 481  7886
ILLUSION_TOP_LARGER_WIDTH:152
687 251  1415
870 267  1922
691 483  2645
851 481  3172
Воспроизведение
678 250  4648
919 267  5355
674 505  6222
920 503  6857
NO_ILLUSION0_WIDTH:171
670 239  1238
854 246  1763
674 477  2768
846 483  3493
Воспроизведение
670 260  5164
917 268  5977
679 500  6936
902 503  7536
NO_ILLUSION0_WIDTH:209
655 247  1525
889 247  2112
664 477  2891
885 478  3414
Воспроизведение
650 250  4659
902 255  5474
639 511  6194
911 511  6922
NO_ILLUSION0_WIDTH:247
639 248  1294
894 255  2061
637 487  3199
892 484  3992
Воспроизведение
634 257  5908
891 267  6632
634 481  7367
910 483  8101
NO_ILLUSION0_WIDTH:152
676 255  1512
857 251  2113
687 488  2942
850 493  3621
Воспроизведение
689 249  5038
888 261  5663
689 460  6419
898 473  7146
NO_ILLUSION0_WIDTH:266
619 251  1286
896 240  1925
630 481  2609
894 487  3273
Воспроизведение
638 252  4611
925 253  5406
631 453  6112
905 461  6843
NO_ILLUSION0_WIDTH:266
640 236  1308
906 247  2025
635 473  2796
898 485  3576
Воспроизведение
644 255  4955
919 271  5688
625 502  6325
923 501  7006
NO_ILLUSION0_WIDTH:247
643 243  1140
897 251  1673
642 481  2442
894 489  2997
Воспроизведение
626 250  4457
918 267  5136
647 478  5725
923 480  6333
NO_ILLUSION0_WIDTH:152
675 239  963
855 252  1556
701 486  2315
870 491  2712
Воспроизведение
676 249  4107
887 259  4894
696 491  5768
922 480  6417
NO_ILLUSION0_WIDTH:171
688 235  1922
858 245  2660
673 490  3417
851 490  3979
Воспроизведение
651 258  5258
913 267  6065
684 483  6843
888 474  7445
NO_ILLUSION0_WIDTH:209
648 225  1453
894 228  2498
657 489  3229
867 476  3764
Воспроизведение
657 242  5061
916 252  5794
668 457  6449
896 467  7038
