не показывать курсор
тип стимула MULLER_TOPLARGER
перпендикулярные отрезки в Оппель-Кундта каждые... пикс 19
высота перпендикулярных отрезков в Оппель-Кундта 20
угол стрелок 45
длина стрелок 20
длина штанги (1я часть) 1 152
длина штанги (1я часть) 2 171
длина штанги (1я часть) 3 209
длина штанги (1я часть) 4 247
длина штанги (1я часть) 5 266
длина штанги (1я часть) 6 152
длина штанги (1я часть) 7 171
длина штанги (1я часть) 8 209
длина штанги (1я часть) 9 247
длина штанги (1я часть) 10 266
длина штанги (2я часть) 1 152
длина штанги (2я часть) 2 171
длина штанги (2я часть) 3 209
длина штанги (2я часть) 4 247
длина штанги (2я часть) 5 266
длина штанги (2я часть) 6 152
длина штанги (2я часть) 7 171
длина штанги (2я часть) 8 209
длина штанги (2я часть) 9 247
длина штанги (2я часть) 10 266
длина "закрывашек" 20
расстояние между линиями 240
расстояние до рельсов Понзо 20
ширина линий 4
всего опытов 20
ILLUSION_TOP_LARGER_WIDTH:171
670 258  2570
862 250  3181
691 486  3892
850 488  4467
Воспроизведение
668 255  5903
873 252  6469
691 512  7059
862 511  7454
ILLUSION_TOP_LARGER_WIDTH:209
656 247  1675
881 256  2079
685 482  2615
886 495  3001
Воспроизведение
654 263  4654
906 258  5320
679 479  6081
903 487  6701
ILLUSION_TOP_LARGER_WIDTH:266
617 241  1073
929 261  1721
637 481  2478
898 483  3125
Воспроизведение
637 264  4581
950 271  5281
665 499  6119
938 500  6818
ILLUSION_TOP_LARGER_WIDTH:247
634 241  1057
905 246  1650
656 493  2349
890 489  2970
Воспроизведение
640 265  5060
929 279  5699
668 503  6307
934 499  6971
ILLUSION_TOP_LARGER_WIDTH:209
664 250  1860
882 256  2498
678 491  3041
866 485  3607
Воспроизведение
638 259  5224
948 271  5899
659 522  6555
923 505  7119
ILLUSION_TOP_LARGER_WIDTH:247
620 237  1360
920 248  1847
644 491  2417
884 480  3027
Воспроизведение
638 249  4403
940 258  5149
661 481  5782
933 487  6383
ILLUSION_TOP_LARGER_WIDTH:152
691 241  1183
862 246  1678
690 492  2340
835 480  2888
Воспроизведение
663 257  4449
882 255  5060
689 481  5722
863 475  6232
ILLUSION_TOP_LARGER_WIDTH:171
682 243  1319
866 245  2021
669 486  2629
849 491  3147
Воспроизведение
664 251  4868
907 251  5578
702 491  6518
890 492  7155
ILLUSION_TOP_LARGER_WIDTH:152
682 241  7090
868 249  7658
692 483  8373
837 485  8939
Воспроизведение
666 258  10839
876 261  11486
709 503  12179
889 493  12726
ILLUSION_TOP_LARGER_WIDTH:266
640 255  1385
922 251  1978
634 488  2530
906 485  3301
Воспроизведение
607 246  5245
961 243  6000
654 518  6661
917 503  7218
NO_ILLUSION0_WIDTH:247
650 245  1319
905 252  1911
640 488  2449
890 486  2952
Воспроизведение
642 240  4718
930 249  5318
658 499  6008
938 498  6681
NO_ILLUSION0_WIDTH:266
615 251  1954
908 243  2510
630 485  3028
911 479  3639
641 251  8100
914 255  8583
615 483  9204
895 483  9876
Воспроизведение
613 272  21895
945 281  22551
635 527  23146
948 523  23846
NO_ILLUSION0_WIDTH:171
689 255  7224
862 253  7653
675 480  8282
850 481  8965
Воспроизведение
665 259  11383
880 249  11868
670 487  12507
875 484  13063
NO_ILLUSION0_WIDTH:209
668 237  1870
878 248  2427
668 489  3066
870 483  3811
Воспроизведение
646 262  7901
884 254  8449
664 493  9091
878 490  9566
NO_ILLUSION0_WIDTH:152
695 256  1452
846 251  2088
698 483  2645
847 485  3693
Воспроизведение
686 258  6614
858 254  7270
691 510  7926
866 503  8482
NO_ILLUSION0_WIDTH:152
690 242  3035
842 245  3438
674 489  3992
835 479  4468
Воспроизведение
682 260  6694
879 254  7315
695 515  7927
876 508  8591
NO_ILLUSION0_WIDTH:171
678 243  1748
860 254  2298
693 483  2888
857 483  3731
Воспроизведение
682 251  5699
894 254  6344
698 493  6942
907 497  7588
NO_ILLUSION0_WIDTH:247
645 250  1314
903 248  1934
644 485  2526
898 486  4043
Воспроизведение
649 264  6011
910 252  6729
676 507  7415
920 515  8485
NO_ILLUSION0_WIDTH:266
625 248  1183
905 245  2090
628 477  2706
913 487  3350
Воспроизведение
638 271  8364
914 267  9064
640 502  9672
936 493  10524
NO_ILLUSION0_WIDTH:209
666 239  1254
887 243  1882
656 485  2423
863 483  2880
Воспроизведение
653 246  4562
886 252  5192
686 503  5815
916 493  6560
