не показывать курсор
тип стимула MULLER_TOPLARGER
перпендикулярные отрезки в Оппель-Кундта каждые... пикс 19
высота перпендикулярных отрезков в Оппель-Кундта 20
угол стрелок 45
длина стрелок 20
длина штанги (1я часть) 1 152
длина штанги (1я часть) 2 171
длина штанги (1я часть) 3 209
длина штанги (1я часть) 4 247
длина штанги (1я часть) 5 266
длина штанги (1я часть) 6 152
длина штанги (1я часть) 7 171
длина штанги (1я часть) 8 209
длина штанги (1я часть) 9 247
длина штанги (1я часть) 10 266
длина штанги (2я часть) 1 152
длина штанги (2я часть) 2 171
длина штанги (2я часть) 3 209
длина штанги (2я часть) 4 247
длина штанги (2я часть) 5 266
длина штанги (2я часть) 6 152
длина штанги (2я часть) 7 171
длина штанги (2я часть) 8 209
длина штанги (2я часть) 9 247
длина штанги (2я часть) 10 266
длина "закрывашек" 20
расстояние между линиями 240
расстояние до рельсов Понзо 20
ширина линий 4
всего опытов 20
ILLUSION_TOP_LARGER_WIDTH:209
669 244  3195
669 244  3195
666 268  4577
666 268  4577
666 268  4643
871 245  5834
676 487  6835
870 487  7888
Воспроизведение
671 260  10067
884 260  10843
681 506  11677
889 499  12373
ILLUSION_TOP_LARGER_WIDTH:171
684 253  1598
850 249  2138
684 488  2835
846 485  3630
Воспроизведение
694 263  5206
901 259  5834
701 500  6558
910 499  7392
ILLUSION_TOP_LARGER_WIDTH:247
652 251  1329
892 244  2252
656 490  2986
878 487  4024
Воспроизведение
651 264  5523
916 260  6525
680 500  7191
935 502  8380
ILLUSION_TOP_LARGER_WIDTH:209
666 252  1300
880 251  2080
674 492  2823
873 491  3798
Воспроизведение
676 266  5271
901 267  6262
683 508  6969
904 503  7903
ILLUSION_TOP_LARGER_WIDTH:152
693 253  1332
850 249  1977
700 487  3067
835 486  3728
Воспроизведение
695 261  5394
877 254  6133
702 500  7020
874 494  7729
ILLUSION_TOP_LARGER_WIDTH:247
634 255  1237
888 253  2308
649 483  3242
889 489  4400
Воспроизведение
648 269  6026
926 267  7213
676 518  8014
928 515  9230
ILLUSION_TOP_LARGER_WIDTH:266
639 248  1154
895 247  2162
647 493  3050
901 490  4151
Воспроизведение
638 263  5971
931 260  7206
677 516  8034
926 509  9098
ILLUSION_TOP_LARGER_WIDTH:266
638 243  1324
898 247  2133
648 502  3167
894 490  4313
Воспроизведение
634 249  5799
898 247  6711
626 511  7510
914 511  8715
ILLUSION_TOP_LARGER_WIDTH:152
692 250  1244
848 250  1944
702 490  2863
838 490  3712
Воспроизведение
690 259  5218
869 260  6098
707 507  6824
859 499  7622
ILLUSION_TOP_LARGER_WIDTH:171
678 249  1167
856 259  2038
686 487  2722
850 487  3848
Воспроизведение
674 257  5397
880 245  6350
696 508  7168
881 504  8219
NO_ILLUSION0_WIDTH:209
651 253  1231
872 249  2449
667 488  3032
880 490  4070
Воспроизведение
656 250  5467
895 251  6468
691 504  7234
912 499  8226
NO_ILLUSION0_WIDTH:266
635 255  1114
890 252  2137
628 483  2822
905 486  4021
Воспроизведение
619 261  5481
883 265  6535
629 514  7223
917 504  8473
NO_ILLUSION0_WIDTH:152
690 257  1171
835 255  1801
694 484  2514
842 490  3273
Воспроизведение
677 253  4703
842 248  5281
674 508  6007
862 502  6824
NO_ILLUSION0_WIDTH:209
664 256  1039
866 260  1960
654 487  2644
865 493  3894
Воспроизведение
666 259  5248
901 256  6282
691 507  6986
917 503  8155
NO_ILLUSION0_WIDTH:247
650 244  1132
886 256  2169
649 484  2797
900 487  3934
Воспроизведение
627 255  5375
910 258  6456
648 505  7183
909 507  8336
NO_ILLUSION0_WIDTH:171
683 251  1156
847 249  2000
682 491  2647
852 488  3566
Воспроизведение
674 255  5045
856 245  5957
679 521  6681
882 519  7893
NO_ILLUSION0_WIDTH:247
651 255  1172
877 253  2235
649 481  2897
890 486  4011
Воспроизведение
631 267  5374
904 256  6383
654 532  7303
919 531  8412
NO_ILLUSION0_WIDTH:171
687 247  1051
847 249  1759
678 490  2524
852 493  3386
Воспроизведение
676 255  4658
865 252  5425
686 523  6231
894 510  7148
NO_ILLUSION0_WIDTH:152
692 250  1103
834 254  1776
700 489  2612
854 487  3444
Воспроизведение
658 251  4902
858 257  5654
678 497  6314
851 489  7111
NO_ILLUSION0_WIDTH:266
626 252  1167
902 255  2265
638 484  3056
901 491  4381
Воспроизведение
633 258  5675
932 264  6864
653 517  7574
954 523  8827
