не показывать курсор
тип стимула MULLER_TOPLARGER
перпендикулярные отрезки в Оппель-Кундта каждые... пикс 19
высота перпендикулярных отрезков в Оппель-Кундта 20
угол стрелок 45
длина стрелок 20
длина штанги (1я часть) 1 152
длина штанги (1я часть) 2 171
длина штанги (1я часть) 3 209
длина штанги (1я часть) 4 247
длина штанги (1я часть) 5 266
длина штанги (1я часть) 6 152
длина штанги (1я часть) 7 171
длина штанги (1я часть) 8 209
длина штанги (1я часть) 9 247
длина штанги (1я часть) 10 266
длина штанги (2я часть) 1 152
длина штанги (2я часть) 2 171
длина штанги (2я часть) 3 209
длина штанги (2я часть) 4 247
длина штанги (2я часть) 5 266
длина штанги (2я часть) 6 152
длина штанги (2я часть) 7 171
длина штанги (2я часть) 8 209
длина штанги (2я часть) 9 247
длина штанги (2я часть) 10 266
длина "закрывашек" 20
расстояние между линиями 240
расстояние до рельсов Понзо 20
ширина линий 4
всего опытов 20
ILLUSION_TOP_LARGER_WIDTH:152
686 244  1835
854 241  2202
696 485  3185
824 487  3558
Воспроизведение
679 249  4826
858 247  5127
687 477  6005
850 474  6336
ILLUSION_TOP_LARGER_WIDTH:209
662 250  872
877 247  1275
676 481  2099
864 490  2552
Воспроизведение
654 248  3470
855 247  3803
652 496  4606
858 499  4994
ILLUSION_TOP_LARGER_WIDTH:171
678 251  851
846 247  1258
697 491  2179
848 489  2513
Воспроизведение
671 256  3576
840 258  3946
673 489  4757
858 476  5165
ILLUSION_TOP_LARGER_WIDTH:247
646 239  881
889 247  1309
650 492  2082
874 486  2601
Воспроизведение
632 246  3649
886 250  4026
649 500  4873
879 489  5352
ILLUSION_TOP_LARGER_WIDTH:247
642 247  1025
910 246  1455
650 483  2211
894 491  2743
Воспроизведение
642 241  3837
879 245  4270
642 497  5088
869 491  5562
ILLUSION_TOP_LARGER_WIDTH:266
630 247  907
900 250  1444
633 491  2180
898 494  2814
Воспроизведение
630 253  3897
874 256  4345
634 499  5050
854 485  5560
ILLUSION_TOP_LARGER_WIDTH:152
690 255  1019
839 250  1393
706 485  2290
851 482  2667
Воспроизведение
677 255  3774
862 252  4181
688 493  5079
838 492  5425
ILLUSION_TOP_LARGER_WIDTH:209
655 245  1099
877 251  1507
670 494  2310
852 483  2826
Воспроизведение
658 253  4049
849 258  4513
646 480  5306
815 480  5739
ILLUSION_TOP_LARGER_WIDTH:266
633 243  975
897 247  1494
645 488  2269
894 484  2832
Воспроизведение
625 253  3987
882 251  4415
646 479  5162
872 475  5678
ILLUSION_TOP_LARGER_WIDTH:171
681 248  973
856 252  1286
691 492  2084
844 482  2603
Воспроизведение
664 247  3728
850 235  4086
684 480  5079
839 486  5400
NO_ILLUSION0_WIDTH:209
666 251  1035
854 252  1462
665 499  2161
868 491  2603
Воспроизведение
653 244  3616
875 233  4151
666 492  5104
854 485  5701
NO_ILLUSION0_WIDTH:209
659 244  934
858 246  1426
667 487  2195
870 487  2685
Воспроизведение
671 241  3691
858 237  4111
653 483  4922
856 477  5378
NO_ILLUSION0_WIDTH:171
678 243  920
850 247  1380
690 485  2158
848 482  2658
Воспроизведение
679 259  3831
840 255  4260
676 478  4979
833 478  5460
NO_ILLUSION0_WIDTH:266
632 253  900
897 246  1464
631 484  2189
900 487  2821
Воспроизведение
627 244  3755
922 243  4254
634 508  5062
899 494  5727
NO_ILLUSION0_WIDTH:152
701 251  927
834 250  1300
695 483  2097
850 483  2549
Воспроизведение
685 243  3643
822 249  4015
675 499  4836
822 484  5337
NO_ILLUSION0_WIDTH:152
693 247  910
834 244  1354
699 487  2198
849 487  2636
Воспроизведение
697 251  3668
822 254  4042
698 513  4957
834 510  5422
NO_ILLUSION0_WIDTH:171
682 249  1010
848 249  1424
679 487  2234
865 483  2751
Воспроизведение
674 238  3844
838 232  4372
674 499  5182
846 487  5692
NO_ILLUSION0_WIDTH:247
645 245  867
882 243  1402
647 482  2187
874 485  2712
Воспроизведение
635 233  3745
862 239  4192
642 510  5000
855 509  5684
NO_ILLUSION0_WIDTH:266
633 247  887
897 246  1458
639 488  2225
886 489  2919
Воспроизведение
624 246  3960
898 235  4499
630 495  5281
898 491  6022
NO_ILLUSION0_WIDTH:247
646 244  859
882 254  1499
646 490  2207
899 482  2865
Воспроизведение
642 251  3978
874 253  4472
658 493  5272
874 494  5801
