не показывать курсор
тип стимула MULLER_TOPLARGER
перпендикулярные отрезки в Оппель-Кундта каждые... пикс 19
высота перпендикулярных отрезков в Оппель-Кундта 20
угол стрелок 45
длина стрелок 20
длина штанги (1я часть) 1 152
длина штанги (1я часть) 2 171
длина штанги (1я часть) 3 209
длина штанги (1я часть) 4 247
длина штанги (1я часть) 5 266
длина штанги (1я часть) 6 152
длина штанги (1я часть) 7 171
длина штанги (1я часть) 8 209
длина штанги (1я часть) 9 247
длина штанги (1я часть) 10 266
длина штанги (2я часть) 1 152
длина штанги (2я часть) 2 171
длина штанги (2я часть) 3 209
длина штанги (2я часть) 4 247
длина штанги (2я часть) 5 266
длина штанги (2я часть) 6 152
длина штанги (2я часть) 7 171
длина штанги (2я часть) 8 209
длина штанги (2я часть) 9 247
длина штанги (2я часть) 10 266
длина "закрывашек" 20
расстояние между линиями 240
расстояние до рельсов Понзо 20
ширина линий 4
всего опытов 20
ILLUSION_TOP_LARGER_WIDTH:209
670 255  1992
880 252  3305
675 499  4549
874 497  5991
Воспроизведение
635 280  8946
854 286  10390
639 426  12159
851 428  13327
ILLUSION_TOP_LARGER_WIDTH:152
694 244  2102
849 254  2726
702 488  3795
827 491  4646
Воспроизведение
681 255  6444
842 264  7303
701 487  8469
826 479  9308
ILLUSION_TOP_LARGER_WIDTH:171
681 250  1929
853 254  2706
677 491  3868
842 486  4803
Воспроизведение
668 257  6961
828 255  7770
668 496  8851
798 493  9473
ILLUSION_TOP_LARGER_WIDTH:247
658 248  1623
881 243  2463
650 493  3571
883 494  4494
Воспроизведение
648 255  5926
874 257  6888
654 471  7923
846 477  8816
ILLUSION_TOP_LARGER_WIDTH:266
634 243  1759
895 253  2713
634 484  3733
875 486  4733
Воспроизведение
625 244  6586
881 259  7645
642 475  8943
864 471  9846
ILLUSION_TOP_LARGER_WIDTH:247
631 257  1449
893 251  2624
646 493  3619
866 483  4873
Воспроизведение
626 247  6338
899 260  7395
642 484  8451
850 478  9355
ILLUSION_TOP_LARGER_WIDTH:209
659 242  1575
872 254  2382
666 495  3513
850 484  4407
Воспроизведение
642 259  6153
867 259  7008
652 495  8154
852 486  8964
ILLUSION_TOP_LARGER_WIDTH:266
626 246  1533
902 252  2531
642 487  3510
879 487  4459
Воспроизведение
625 246  5758
917 249  6663
652 483  7602
886 483  8596
ILLUSION_TOP_LARGER_WIDTH:171
678 238  1330
849 248  2239
694 490  3419
826 485  4174
Воспроизведение
682 253  5648
827 258  6360
682 502  7438
822 503  8242
ILLUSION_TOP_LARGER_WIDTH:152
699 250  1428
841 255  2109
701 490  3104
830 487  3778
Воспроизведение
674 252  5316
849 243  6101
693 503  7068
830 497  7862
NO_ILLUSION0_WIDTH:209
665 239  1580
870 244  2319
668 488  3117
857 487  3876
Воспроизведение
649 255  5168
866 263  6045
676 491  7005
865 491  7946
NO_ILLUSION0_WIDTH:247
641 258  1331
898 245  2198
650 480  3138
850 483  4152
Воспроизведение
646 248  5523
874 252  6330
649 486  7511
-1 -1  7865
718 483  8202
766 483  8355
889 485  8795
NO_ILLUSION0_WIDTH:209
653 250  5200
843 248  6032
674 491  7196
864 489  8036
Воспроизведение
657 247  9641
875 254  10301
645 511  11349
865 502  12285
NO_ILLUSION0_WIDTH:152
678 251  1382
838 248  2044
692 483  2965
830 486  3627
Воспроизведение
686 236  4828
822 248  5461
684 512  6492
829 505  7336
NO_ILLUSION0_WIDTH:152
699 237  1380
834 246  2018
702 483  2843
830 475  3517
Воспроизведение
688 247  4819
831 256  5506
699 488  6556
853 491  7393
NO_ILLUSION0_WIDTH:266
626 258  1453
895 255  2408
638 491  3255
875 491  4144
Воспроизведение
626 239  5525
883 245  6364
650 502  7392
905 497  8570
NO_ILLUSION0_WIDTH:171
679 255  1347
846 253  2090
690 484  3085
826 485  3788
Воспроизведение
675 259  5195
843 259  5896
674 519  6712
830 515  7547
NO_ILLUSION0_WIDTH:247
642 241  1159
879 252  2030
660 484  3093
870 487  4037
Воспроизведение
636 241  5584
860 240  6344
639 488  7305
857 487  8248
NO_ILLUSION0_WIDTH:171
662 244  1243
843 247  2028
678 494  2777
838 485  3539
Воспроизведение
674 246  4736
849 255  5441
675 500  6328
828 499  7046
NO_ILLUSION0_WIDTH:266
630 239  1184
886 252  2019
640 487  2895
873 484  3809
Воспроизведение
637 255  4912
903 244  5780
639 490  6594
874 488  7547
