не показывать курсор
тип стимула MULLER_TOPLARGER
перпендикулярные отрезки в Оппель-Кундта каждые... пикс 19
высота перпендикулярных отрезков в Оппель-Кундта 20
угол стрелок 45
длина стрелок 20
длина штанги (1я часть) 1 152
длина штанги (1я часть) 2 171
длина штанги (1я часть) 3 209
длина штанги (1я часть) 4 247
длина штанги (1я часть) 5 266
длина штанги (1я часть) 6 152
длина штанги (1я часть) 7 171
длина штанги (1я часть) 8 209
длина штанги (1я часть) 9 247
длина штанги (1я часть) 10 266
длина штанги (2я часть) 1 152
длина штанги (2я часть) 2 171
длина штанги (2я часть) 3 209
длина штанги (2я часть) 4 247
длина штанги (2я часть) 5 266
длина штанги (2я часть) 6 152
длина штанги (2я часть) 7 171
длина штанги (2я часть) 8 209
длина штанги (2я часть) 9 247
длина штанги (2я часть) 10 266
длина "закрывашек" 20
расстояние между линиями 240
расстояние до рельсов Понзо 20
ширина линий 4
всего опытов 20
ILLUSION_TOP_LARGER_WIDTH:266
642 245  1920
900 250  2359
630 483  2904
905 487  3333
Воспроизведение
628 263  4127
878 241  4496
634 469  5057
890 478  5461
ILLUSION_TOP_LARGER_WIDTH:152
697 256  714
844 258  1045
688 488  1615
848 490  1937
Воспроизведение
690 246  2913
859 252  3252
694 475  3795
862 478  4227
ILLUSION_TOP_LARGER_WIDTH:171
688 257  824
876 260  1172
690 499  1734
862 495  2057
Воспроизведение
691 251  3905
862 243  4226
686 477  4761
877 478  5091
ILLUSION_TOP_LARGER_WIDTH:171
700 246  914
870 251  1244
682 491  1746
854 488  2068
Воспроизведение
691 251  3240
872 249  3544
683 511  4129
881 514  4494
ILLUSION_TOP_LARGER_WIDTH:209
662 262  718
886 258  1066
668 492  1628
869 493  1987
Воспроизведение
673 263  2886
874 257  3336
697 500  3852
895 503  4237
ILLUSION_TOP_LARGER_WIDTH:152
702 254  768
847 259  1064
698 491  1616
865 490  1922
Воспроизведение
694 243  2951
892 240  3299
719 495  3925
899 497  4257
ILLUSION_TOP_LARGER_WIDTH:247
655 255  796
903 259  1209
649 498  1719
902 499  2123
Воспроизведение
666 249  3404
899 247  3779
672 517  4444
934 519  4917
ILLUSION_TOP_LARGER_WIDTH:209
663 257  820
867 258  1249
674 499  1771
882 497  2166
Воспроизведение
672 244  3236
897 247  3640
675 492  4225
907 487  4636
ILLUSION_TOP_LARGER_WIDTH:247
654 252  808
914 254  1192
650 499  1736
890 506  2210
Воспроизведение
669 247  3259
905 237  3679
670 479  4254
894 479  4692
ILLUSION_TOP_LARGER_WIDTH:266
651 252  860
913 257  1254
641 499  1729
902 483  2167
Воспроизведение
647 255  3239
919 245  3642
682 501  4249
903 499  4678
NO_ILLUSION0_WIDTH:209
660 255  803
870 256  1224
676 495  1666
881 502  2050
Воспроизведение
674 244  3112
878 235  3453
666 487  4159
924 481  4568
NO_ILLUSION0_WIDTH:247
661 251  740
910 254  1098
641 507  1569
901 489  2015
Воспроизведение
667 247  3142
898 246  3573
637 501  4025
934 483  4561
NO_ILLUSION0_WIDTH:152
704 249  750
850 260  1073
694 495  1566
852 499  1888
Воспроизведение
705 242  2940
852 248  3271
717 490  3824
885 497  4273
NO_ILLUSION0_WIDTH:209
676 254  755
880 257  1079
666 493  1572
874 497  1947
Воспроизведение
686 244  2902
883 245  3270
678 492  3802
916 505  4276
NO_ILLUSION0_WIDTH:247
669 270  575
906 266  997
652 487  1449
891 483  1861
Воспроизведение
674 253  2984
874 250  3334
669 491  3854
939 478  4346
NO_ILLUSION0_WIDTH:171
677 242  632
853 242  972
686 495  1435
862 498  1756
Воспроизведение
705 236  2788
855 245  3083
679 485  3647
883 489  4040
NO_ILLUSION0_WIDTH:171
700 248  754
862 256  1049
689 490  1459
863 487  1836
Воспроизведение
688 243  2855
842 241  3150
693 501  3756
886 501  4142
NO_ILLUSION0_WIDTH:266
635 250  728
897 255  1132
651 483  1629
903 487  2086
Воспроизведение
651 255  3034
898 246  3376
654 490  3979
933 489  4417
NO_ILLUSION0_WIDTH:266
637 242  716
898 248  1065
640 482  1590
895 487  1975
Воспроизведение
638 247  2839
886 247  3188
642 478  3887
900 471  4245
NO_ILLUSION0_WIDTH:152
706 242  701
853 242  970
689 490  1454
851 492  1731
Воспроизведение
703 239  2704
862 253  2962
686 467  6478
860 451  6934
