не показывать курсор
тип стимула MULLER_TOPLARGER
перпендикулярные отрезки в Оппель-Кундта каждые... пикс 19
высота перпендикулярных отрезков в Оппель-Кундта 20
угол стрелок 45
длина стрелок 20
длина штанги (1я часть) 1 152
длина штанги (1я часть) 2 171
длина штанги (1я часть) 3 209
длина штанги (1я часть) 4 247
длина штанги (1я часть) 5 266
длина штанги (1я часть) 6 152
длина штанги (1я часть) 7 171
длина штанги (1я часть) 8 209
длина штанги (1я часть) 9 247
длина штанги (1я часть) 10 266
длина штанги (2я часть) 1 152
длина штанги (2я часть) 2 171
длина штанги (2я часть) 3 209
длина штанги (2я часть) 4 247
длина штанги (2я часть) 5 266
длина штанги (2я часть) 6 152
длина штанги (2я часть) 7 171
длина штанги (2я часть) 8 209
длина штанги (2я часть) 9 247
длина штанги (2я часть) 10 266
длина "закрывашек" 20
расстояние между линиями 240
расстояние до рельсов Понзо 20
ширина линий 4
всего опытов 20
ILLUSION_TOP_LARGER_WIDTH:171
680 247  2559
856 243  3096
690 489  3908
860 489  4373
Воспроизведение
685 246  5516
860 251  5972
678 491  6632
886 485  7071
ILLUSION_TOP_LARGER_WIDTH:247
642 246  1132
886 261  1707
648 491  2293
887 492  2823
Воспроизведение
650 239  3830
887 239  4287
649 511  4942
907 503  5436
ILLUSION_TOP_LARGER_WIDTH:266
635 248  1052
889 270  1618
646 486  2265
890 493  2821
Воспроизведение
638 249  3975
849 249  4468
648 479  5165
910 476  5659
ILLUSION_TOP_LARGER_WIDTH:247
643 256  978
882 257  1572
650 487  2145
886 487  2674
Воспроизведение
650 242  3772
874 245  4275
656 476  4945
898 471  5412
ILLUSION_TOP_LARGER_WIDTH:266
628 250  1044
898 254  1680
632 482  2306
890 494  2961
Воспроизведение
648 249  3908
896 243  4428
651 480  5164
911 478  5756
ILLUSION_TOP_LARGER_WIDTH:209
659 246  1031
864 255  1615
670 493  2364
874 501  2937
Воспроизведение
677 250  4118
894 253  4674
678 510  5397
887 507  5917
ILLUSION_TOP_LARGER_WIDTH:209
656 252  1229
880 250  1715
674 492  2366
878 495  2941
Воспроизведение
673 253  3976
886 249  4480
675 481  5172
902 480  5638
ILLUSION_TOP_LARGER_WIDTH:171
689 251  999
853 256  1467
682 486  2017
860 493  2510
Воспроизведение
687 251  3536
849 250  4029
694 490  4691
875 487  5229
ILLUSION_TOP_LARGER_WIDTH:152
698 249  906
854 252  1318
695 486  1977
845 486  2470
Воспроизведение
692 247  3483
860 258  3977
711 520  4301
711 520  4301
700 508  4774
874 503  5347
ILLUSION_TOP_LARGER_WIDTH:152
694 251  1006
848 257  1473
699 489  2075
845 493  2486
Воспроизведение
697 252  3399
854 256  3866
701 487  4486
885 493  4943
NO_ILLUSION0_WIDTH:266
635 251  928
889 255  1610
642 484  2260
898 493  2843
Воспроизведение
642 255  4032
873 253  4606
648 472  5441
890 472  5952
NO_ILLUSION0_WIDTH:247
645 248  911
886 257  1475
649 488  2069
886 487  2697
Воспроизведение
651 243  3787
866 251  4270
647 490  5028
896 488  5557
NO_ILLUSION0_WIDTH:209
664 258  977
863 252  1516
675 483  2122
874 495  2651
Воспроизведение
658 247  3721
846 243  4198
662 481  4954
887 480  5475
NO_ILLUSION0_WIDTH:171
682 251  890
848 251  1294
686 488  1924
856 502  2507
Воспроизведение
692 246  3452
835 251  3862
674 475  4540
883 471  5085
NO_ILLUSION0_WIDTH:209
664 248  871
846 263  1419
666 498  1953
867 488  2527
Воспроизведение
673 251  3561
850 253  4010
657 476  4784
906 483  5401
NO_ILLUSION0_WIDTH:152
698 247  932
852 248  1307
699 485  1938
847 488  2342
Воспроизведение
693 246  3411
833 245  3814
701 487  4483
853 475  5093
NO_ILLUSION0_WIDTH:266
642 255  939
890 260  1612
642 488  2167
906 489  2724
Воспроизведение
650 248  3856
893 246  4369
655 492  5118
929 490  5710
NO_ILLUSION0_WIDTH:247
650 255  904
892 249  1416
648 490  2020
893 488  2539
Воспроизведение
662 252  3664
874 259  4166
641 484  4855
922 483  5385
NO_ILLUSION0_WIDTH:171
689 253  839
854 257  1215
678 488  1741
862 485  2153
Воспроизведение
699 248  3344
840 246  3684
675 482  4288
869 483  4816
NO_ILLUSION0_WIDTH:152
700 252  907
835 257  1257
695 497  1851
849 495  2252
Воспроизведение
702 244  3295
829 247  3598
681 479  4320
888 471  4723
