не показывать курсор
тип стимула MULLER_TOPLARGER
перпендикулярные отрезки в Оппель-Кундта каждые... пикс 19
высота перпендикулярных отрезков в Оппель-Кундта 20
угол стрелок 45
длина стрелок 20
длина штанги (1я часть) 1 152
длина штанги (1я часть) 2 171
длина штанги (1я часть) 3 209
длина штанги (1я часть) 4 247
длина штанги (1я часть) 5 266
длина штанги (1я часть) 6 152
длина штанги (1я часть) 7 171
длина штанги (1я часть) 8 209
длина штанги (1я часть) 9 247
длина штанги (1я часть) 10 266
длина штанги (2я часть) 1 152
длина штанги (2я часть) 2 171
длина штанги (2я часть) 3 209
длина штанги (2я часть) 4 247
длина штанги (2я часть) 5 266
длина штанги (2я часть) 6 152
длина штанги (2я часть) 7 171
длина штанги (2я часть) 8 209
длина штанги (2я часть) 9 247
длина штанги (2я часть) 10 266
длина "закрывашек" 20
расстояние между линиями 240
расстояние до рельсов Понзо 20
ширина линий 4
всего опытов 20
ILLUSION_TOP_LARGER_WIDTH:266
616 253  3551
894 249  4475
650 494  5039
650 494  5039
650 494  5071
886 485  6101
Воспроизведение
625 249  8409
902 241  9055
622 456  9652
913 471  10325
ILLUSION_TOP_LARGER_WIDTH:209
655 248  4830
870 251  5502
671 490  6303
882 488  6949
Воспроизведение
641 247  8129
882 239  8704
689 466  9444
907 459  10010
ILLUSION_TOP_LARGER_WIDTH:152
684 241  812
846 245  1269
699 495  2100
854 499  2710
Воспроизведение
674 245  4065
854 244  4612
699 466  5330
869 459  5767
ILLUSION_TOP_LARGER_WIDTH:171
680 240  817
853 252  1275
694 484  2012
853 483  2434
Воспроизведение
682 238  3505
845 238  3954
698 455  4620
877 464  5033
ILLUSION_TOP_LARGER_WIDTH:247
630 242  771
895 245  1336
650 494  2090
903 484  2690
Воспроизведение
649 254  3740
899 256  4196
644 473  4817
906 478  5255
ILLUSION_TOP_LARGER_WIDTH:152
674 248  869
845 242  1209
702 484  1869
860 480  2307
Воспроизведение
685 251  3171
863 258  3466
701 455  4072
894 458  4394
ILLUSION_TOP_LARGER_WIDTH:266
631 244  826
914 251  1293
627 485  1857
882 483  2360
Воспроизведение
631 259  3703
918 245  4107
649 466  4631
906 459  5026
ILLUSION_TOP_LARGER_WIDTH:247
639 244  754
894 250  1193
650 494  1846
906 490  2340
Воспроизведение
646 259  3684
902 246  4105
666 468  4657
906 463  5069
ILLUSION_TOP_LARGER_WIDTH:209
655 253  783
875 249  1178
675 479  1794
883 477  2152
Воспроизведение
650 251  3228
882 255  3613
677 445  4147
888 443  4487
ILLUSION_TOP_LARGER_WIDTH:171
676 247  745
859 259  1077
690 483  1684
867 483  2050
Воспроизведение
680 250  2889
872 259  3237
692 477  3743
877 475  4074
NO_ILLUSION0_WIDTH:152
694 241  719
846 249  1061
701 479  1725
866 482  2128
Воспроизведение
677 247  3008
850 257  3322
702 480  3920
864 477  4242
NO_ILLUSION0_WIDTH:266
626 252  778
898 257  1245
630 482  1785
907 487  2430
Воспроизведение
650 256  3471
900 253  3947
652 474  4521
921 475  5013
NO_ILLUSION0_WIDTH:171
680 245  667
851 258  1026
675 479  1710
870 491  2114
Воспроизведение
672 243  3061
890 250  3445
685 477  3988
890 478  4356
NO_ILLUSION0_WIDTH:152
690 243  676
853 258  1006
696 481  1647
858 490  2051
Воспроизведение
675 233  3231
874 242  3571
675 448  4138
898 459  4577
NO_ILLUSION0_WIDTH:247
634 247  800
877 254  1250
635 484  1806
903 481  2316
Воспроизведение
646 251  3173
888 259  3594
677 448  4151
927 451  4599
NO_ILLUSION0_WIDTH:266
625 254  964
898 254  1384
634 475  1973
906 484  2475
Воспроизведение
631 262  3329
900 257  3767
664 463  4289
922 454  4681
NO_ILLUSION0_WIDTH:209
660 247  636
876 251  1040
676 480  1582
886 489  1995
Воспроизведение
652 243  2835
877 248  3193
676 444  3736
878 447  4058
NO_ILLUSION0_WIDTH:247
634 251  1076
889 253  1479
650 494  2094
889 487  2569
Воспроизведение
658 239  3293
913 249  3678
673 464  4197
918 473  4656
NO_ILLUSION0_WIDTH:209
656 245  666
877 248  1070
650 494  1608
890 493  2038
Воспроизведение
655 243  3164
882 246  3532
676 459  4088
902 457  4447
NO_ILLUSION0_WIDTH:171
679 244  740
854 259  1044
678 483  1670
867 494  2074
Воспроизведение
674 241  3176
856 246  3453
675 474  4079
870 475  4355
