не показывать курсор
тип стимула MULLER_TOPLARGER
перпендикулярные отрезки в Оппель-Кундта каждые... пикс 19
высота перпендикулярных отрезков в Оппель-Кундта 20
угол стрелок 45
длина стрелок 20
длина штанги (1я часть) 1 152
длина штанги (1я часть) 2 171
длина штанги (1я часть) 3 209
длина штанги (1я часть) 4 247
длина штанги (1я часть) 5 266
длина штанги (1я часть) 6 152
длина штанги (1я часть) 7 171
длина штанги (1я часть) 8 209
длина штанги (1я часть) 9 247
длина штанги (1я часть) 10 266
длина штанги (2я часть) 1 152
длина штанги (2я часть) 2 171
длина штанги (2я часть) 3 209
длина штанги (2я часть) 4 247
длина штанги (2я часть) 5 266
длина штанги (2я часть) 6 152
длина штанги (2я часть) 7 171
длина штанги (2я часть) 8 209
длина штанги (2я часть) 9 247
длина штанги (2я часть) 10 266
длина "закрывашек" 20
расстояние между линиями 240
расстояние до рельсов Понзо 20
ширина линий 4
всего опытов 20
ILLUSION_TOP_LARGER_WIDTH:266
645 242  35646
894 247  36649
643 488  37398
891 491  38160
Воспроизведение
613 261  40342
910 255  40987
651 483  41695
853 473  42116
ILLUSION_TOP_LARGER_WIDTH:152
699 256  1986
842 248  2651
707 493  3308
815 487  3756
Воспроизведение
682 263  5210
839 260  5615
701 463  6192
820 456  6489
ILLUSION_TOP_LARGER_WIDTH:247
658 250  1140
894 249  1579
676 493  2160
887 490  2528
Воспроизведение
646 252  3786
891 237  4251
674 464  4820
905 455  5206
ILLUSION_TOP_LARGER_WIDTH:171
695 257  1078
853 255  1437
699 494  2045
850 487  2403
Воспроизведение
682 242  3748
877 240  4107
671 483  4673
858 487  5059
ILLUSION_TOP_LARGER_WIDTH:152
692 259  921
856 258  1288
695 496  1887
838 493  2201
Воспроизведение
703 240  3158
850 238  3472
714 470  4079
844 472  4383
ILLUSION_TOP_LARGER_WIDTH:247
643 253  839
898 255  1199
662 505  1748
890 497  2089
Воспроизведение
641 257  3070
887 252  3384
627 482  3905
905 489  4290
ILLUSION_TOP_LARGER_WIDTH:266
635 252  860
914 255  1219
638 502  1832
926 489  2261
Воспроизведение
634 259  3448
918 254  3844
642 480  4442
902 483  4844
ILLUSION_TOP_LARGER_WIDTH:209
672 249  846
874 255  1170
669 499  1773
881 504  2194
Воспроизведение
678 243  3143
905 237  3447
690 473  4012
891 483  4344
ILLUSION_TOP_LARGER_WIDTH:171
686 243  784
869 255  1089
689 499  1708
856 491  1994
Воспроизведение
679 251  3026
882 249  3357
659 484  3918
856 494  4204
ILLUSION_TOP_LARGER_WIDTH:209
666 245  694
883 257  1007
662 508  1594
890 507  1906
Воспроизведение
659 251  3260
894 263  3573
662 491  4097
884 497  4411
NO_ILLUSION0_WIDTH:152
698 260  780
839 266  1004
694 503  1611
854 500  1861
Воспроизведение
710 255  2756
859 260  2962
706 455  3514
862 463  3728
NO_ILLUSION0_WIDTH:209
680 265  991
878 255  1351
665 494  1888
862 501  2174
Воспроизведение
655 247  4223
858 255  4527
648 455  5098
847 458  5385
NO_ILLUSION0_WIDTH:209
674 259  844
904 265  1177
657 499  1710
858 503  2006
Воспроизведение
684 253  3449
863 258  3690
639 491  4142
873 475  4482
NO_ILLUSION0_WIDTH:247
641 257  931
919 255  1362
632 507  1896
900 498  2335
Воспроизведение
662 268  3243
902 265  3637
644 482  4148
894 474  4623
NO_ILLUSION0_WIDTH:247
639 253  858
890 251  1296
645 497  1790
892 497  2139
Воспроизведение
646 263  3077
911 248  3517
626 469  3987
904 465  4372
NO_ILLUSION0_WIDTH:171
682 250  1098
866 255  1383
684 499  1918
870 500  2231
Воспроизведение
673 260  3546
851 274  3833
673 478  4413
853 475  4645
NO_ILLUSION0_WIDTH:171
690 247  833
861 263  1128
689 491  1696
848 484  1973
Воспроизведение
682 261  3048
858 265  3317
687 466  3907
877 459  4156
NO_ILLUSION0_WIDTH:152
691 243  674
837 255  926
698 492  1528
848 489  1815
Воспроизведение
708 240  2755
859 247  3006
697 475  3584
854 479  3853
NO_ILLUSION0_WIDTH:266
626 244  758
898 242  1117
639 487  1592
894 500  1949
Воспроизведение
640 245  2909
906 253  3222
642 485  3738
922 483  4086
NO_ILLUSION0_WIDTH:266
645 255  808
925 261  1138
642 482  1715
927 492  2090
Воспроизведение
635 262  3355
910 259  3902
607 479  4367
929 476  4832
