не показывать курсор
тип стимула MULLER_TOPLARGER
перпендикулярные отрезки в Оппель-Кундта каждые... пикс 19
высота перпендикулярных отрезков в Оппель-Кундта 20
угол стрелок 45
длина стрелок 20
длина штанги (1я часть) 1 152
длина штанги (1я часть) 2 171
длина штанги (1я часть) 3 209
длина штанги (1я часть) 4 247
длина штанги (1я часть) 5 266
длина штанги (1я часть) 6 152
длина штанги (1я часть) 7 171
длина штанги (1я часть) 8 209
длина штанги (1я часть) 9 247
длина штанги (1я часть) 10 266
длина штанги (2я часть) 1 152
длина штанги (2я часть) 2 171
длина штанги (2я часть) 3 209
длина штанги (2я часть) 4 247
длина штанги (2я часть) 5 266
длина штанги (2я часть) 6 152
длина штанги (2я часть) 7 171
длина штанги (2я часть) 8 209
длина штанги (2я часть) 9 247
длина штанги (2я часть) 10 266
длина "закрывашек" 20
расстояние между линиями 240
расстояние до рельсов Понзо 20
ширина линий 4
всего опытов 20
ILLUSION_TOP_LARGER_WIDTH:171
686 260  1276
855 255  2040
682 493  2794
848 499  3614
Воспроизведение
666 271  4902
887 259  5637
674 450  6380
890 447  7145
ILLUSION_TOP_LARGER_WIDTH:266
634 251  1011
908 253  2293
650 491  3176
898 491  4286
Воспроизведение
625 267  5301
924 275  6104
646 475  6839
ILLUSION_TOP_LARGER_WIDTH:247
920 467  0
634 257  882
896 260  1709
652 493  2428
886 494  3346
Воспроизведение
638 263  4220
917 263  5011
659 469  5706
939 461  6619
ILLUSION_TOP_LARGER_WIDTH:209
662 258  763
878 255  1552
672 497  2245
861 489  3100
Воспроизведение
663 279  3873
913 271  4730
670 498  5366
896 487  6209
ILLUSION_TOP_LARGER_WIDTH:266
636 247  905
905 253  1797
635 491  2467
894 502  3303
Воспроизведение
622 267  4038
928 267  4877
641 495  5513
926 494  6382
ILLUSION_TOP_LARGER_WIDTH:171
678 255  739
859 259  1479
697 493  2107
851 488  2599
Воспроизведение
672 267  3346
902 271  3945
706 497  4597
906 483  5193
ILLUSION_TOP_LARGER_WIDTH:152
689 263  704
854 258  1327
694 496  1987
846 495  2544
Воспроизведение
686 274  3337
919 290  3963
710 479  4663
884 477  5304
ILLUSION_TOP_LARGER_WIDTH:247
640 255  791
895 259  1616
644 501  2303
894 487  3083
Воспроизведение
640 269  3741
953 267  4625
674 475  5372
ILLUSION_TOP_LARGER_WIDTH:209
946 473  8
667 257  834
884 256  1722
658 495  2290
870 491  3226
Воспроизведение
638 282  3986
906 290  4863
663 472  5474
901 464  6173
ILLUSION_TOP_LARGER_WIDTH:152
696 262  646
855 256  1294
702 493  1900
838 491  2418
Воспроизведение
676 263  3132
889 259  3780
690 483  4501
853 480  5144
NO_ILLUSION0_WIDTH:266
638 259  705
904 258  1733
636 496  2277
Воспроизведение
909 493  2991
647 270  3811
899 268  4726
620 473  5365
887 478  6079
NO_ILLUSION0_WIDTH:152
695 252  1011
843 254  1763
698 502  2404
856 488  3024
Воспроизведение
694 255  3773
846 264  4319
705 481  5073
896 480  5904
NO_ILLUSION0_WIDTH:152
694 249  805
842 251  1486
701 473  1870
701 473  1870
701 473  1923
840 491  2720
Воспроизведение
702 263  3415
858 267  3962
701 473  4672
859 475  5143
NO_ILLUSION0_WIDTH:247
644 257  702
898 254  1608
655 487  2113
884 491  2964
Воспроизведение
644 277  3700
884 277  4319
644 492  4854
906 482  5545
NO_ILLUSION0_WIDTH:266
640 248  1087
895 262  1867
633 501  2485
889 498  3422
Воспроизведение
628 259  4178
890 259  4870
615 485  5522
864 482  6258
NO_ILLUSION0_WIDTH:209
666 253  620
871 255  1315
670 485  1850
867 487  2556
Воспроизведение
660 262  3407
886 267  3897
656 467  4404
938 464  4886
NO_ILLUSION0_WIDTH:171
674 248  712
847 259  1345
689 497  1915
859 492  2537
Воспроизведение
687 269  3224
850 268  3730
679 478  4292
893 475  4797
NO_ILLUSION0_WIDTH:209
665 254  740
876 255  1585
657 495  2117
866 490  2735
Воспроизведение
675 259  3435
865 268  4028
646 487  4471
906 483  5130
NO_ILLUSION0_WIDTH:247
638 258  811
892 259  1716
642 493  2317
885 497  3054
Воспроизведение
639 255  3859
899 266  4509
632 478  5307
935 487  6062
NO_ILLUSION0_WIDTH:171
672 247  682
850 255  1230
695 487  1801
856 485  2425
Воспроизведение
679 279  3769
890 279  4390
657 462  4963
922 456  5826
