не показывать курсор
тип стимула MULLER_TOPLARGER
перпендикулярные отрезки в Оппель-Кундта каждые... пикс 19
высота перпендикулярных отрезков в Оппель-Кундта 20
угол стрелок 45
длина стрелок 20
длина штанги (1я часть) 1 152
длина штанги (1я часть) 2 171
длина штанги (1я часть) 3 209
длина штанги (1я часть) 4 247
длина штанги (1я часть) 5 266
длина штанги (1я часть) 6 152
длина штанги (1я часть) 7 171
длина штанги (1я часть) 8 209
длина штанги (1я часть) 9 247
длина штанги (1я часть) 10 266
длина штанги (2я часть) 1 152
длина штанги (2я часть) 2 171
длина штанги (2я часть) 3 209
длина штанги (2я часть) 4 247
длина штанги (2я часть) 5 266
длина штанги (2я часть) 6 152
длина штанги (2я часть) 7 171
длина штанги (2я часть) 8 209
длина штанги (2я часть) 9 247
длина штанги (2я часть) 10 266
длина "закрывашек" 20
расстояние между линиями 240
расстояние до рельсов Понзо 20
ширина линий 4
всего опытов 20
ILLUSION_TOP_LARGER_WIDTH:171
678 255  1851
870 251  3880
685 483  5014
845 494  6404
Воспроизведение
665 254  8176
868 243  8990
694 406  9797
905 405  10748
ILLUSION_TOP_LARGER_WIDTH:209
662 248  1118
870 252  2591
676 493  3953
676 493  3954
701 483  4151
872 490  5126
Воспроизведение
663 264  6520
884 271  7462
703 455  8208
907 451  9006
ILLUSION_TOP_LARGER_WIDTH:152
692 257  1517
844 254  2523
700 491  3919
842 492  4793
Воспроизведение
693 261  6064
882 263  7047
728 463  8109
888 467  9004
ILLUSION_TOP_LARGER_WIDTH:247
646 244  1698
894 247  3113
650 493  4366
891 491  5912
Воспроизведение
644 255  7655
910 248  8954
665 434  10041
920 439  11099
ILLUSION_TOP_LARGER_WIDTH:209
702 256  1541
876 250  2623
673 487  3789
870 489  5079
Воспроизведение
676 271  6107
918 272  7103
684 419  7917
920 418  8647
ILLUSION_TOP_LARGER_WIDTH:266
637 253  1520
900 251  3105
644 488  4216
890 488  5890
Воспроизведение
625 253  6912
907 252  8000
626 427  8873
878 420  9770
ILLUSION_TOP_LARGER_WIDTH:266
630 244  1194
900 251  2341
645 492  3477
898 493  4899
Воспроизведение
641 255  5919
925 254  6747
624 462  7669
940 452  8574
ILLUSION_TOP_LARGER_WIDTH:247
647 250  1088
890 251  2098
644 487  3186
889 485  4079
Воспроизведение
637 261  4980
919 259  5604
678 468  6550
905 479  7286
ILLUSION_TOP_LARGER_WIDTH:171
684 252  1414
855 249  2543
686 491  3668
846 488  4622
Воспроизведение
677 273  5565
890 272  6399
651 463  7191
871 468  8013
ILLUSION_TOP_LARGER_WIDTH:152
689 262  3551
850 251  4812
701 491  5934
842 487  6623
Воспроизведение
688 263  8649
895 265  9231
707 443  9954
840 424  10404
NO_ILLUSION0_WIDTH:266
630 250  1340
907 247  2616
634 483  3799
906 483  5995
Воспроизведение
654 275  8821
929 263  9474
644 439  10203
938 413  10804
NO_ILLUSION0_WIDTH:209
666 247  1211
863 247  2127
662 481  2919
872 481  4035
Воспроизведение
662 267  5590
876 253  6130
673 439  6797
855 437  7307
NO_ILLUSION0_WIDTH:209
669 247  1256
870 244  2240
668 487  3316
872 487  4320
Воспроизведение
652 262  5277
895 260  6091
650 454  6845
925 459  7612
NO_ILLUSION0_WIDTH:247
646 246  1066
890 249  2044
650 487  3010
893 489  4130
Воспроизведение
646 261  5039
905 252  5791
664 465  6706
936 459  7611
NO_ILLUSION0_WIDTH:152
694 249  916
839 247  1796
695 487  2636
849 485  3685
Воспроизведение
696 268  4669
870 265  5419
708 444  6106
879 453  6660
NO_ILLUSION0_WIDTH:152
698 251  916
842 255  1731
695 483  2444
846 485  3397
Воспроизведение
683 267  4373
873 263  5101
702 455  5834
891 447  6430
NO_ILLUSION0_WIDTH:247
645 243  874
898 250  1834
647 492  2743
Воспроизведение
899 487  4303
650 250  5114
886 245  5985
642 440  6767
NO_ILLUSION0_WIDTH:171
898 447  0
682 247  923
854 251  1722
680 483  2605
Воспроизведение
854 491  3633
667 258  4423
874 253  5045
677 472  5716
NO_ILLUSION0_WIDTH:266
896 467  25
629 245  915
908 250  2044
631 487  2847
895 485  4044
Воспроизведение
624 255  4867
918 251  5708
650 462  6553
NO_ILLUSION0_WIDTH:171
930 456  16
686 247  1115
850 251  1981
683 483  2577
854 487  3491
Воспроизведение
683 257  4197
870 261  4744
690 467  5479
874 471  6112
