не показывать курсор
тип стимула MULLER_TOPLARGER
перпендикулярные отрезки в Оппель-Кундта каждые... пикс 19
высота перпендикулярных отрезков в Оппель-Кундта 20
угол стрелок 45
длина стрелок 20
длина штанги (1я часть) 1 152
длина штанги (1я часть) 2 171
длина штанги (1я часть) 3 209
длина штанги (1я часть) 4 247
длина штанги (1я часть) 5 266
длина штанги (1я часть) 6 152
длина штанги (1я часть) 7 171
длина штанги (1я часть) 8 209
длина штанги (1я часть) 9 247
длина штанги (1я часть) 10 266
длина штанги (2я часть) 1 152
длина штанги (2я часть) 2 171
длина штанги (2я часть) 3 209
длина штанги (2я часть) 4 247
длина штанги (2я часть) 5 266
длина штанги (2я часть) 6 152
длина штанги (2я часть) 7 171
длина штанги (2я часть) 8 209
длина штанги (2я часть) 9 247
длина штанги (2я часть) 10 266
длина "закрывашек" 20
расстояние между линиями 240
расстояние до рельсов Понзо 20
ширина линий 4
всего опытов 20
ILLUSION_TOP_LARGER_WIDTH:171
652 238  3278
890 235  3986
675 491  4768
866 490  5360
Воспроизведение
656 239  6618
880 237  7149
681 475  7794
854 470  8235
ILLUSION_TOP_LARGER_WIDTH:171
680 235  821
867 235  1262
670 482  1750
861 475  2280
Воспроизведение
669 255  3417
877 247  3894
698 483  4602
854 480  5033
ILLUSION_TOP_LARGER_WIDTH:152
684 254  770
871 248  1344
686 491  2012
839 483  2460
Воспроизведение
694 258  3668
862 250  4142
672 475  4722
820 475  5099
ILLUSION_TOP_LARGER_WIDTH:152
689 249  1013
863 252  1569
691 478  2146
849 482  2667
Воспроизведение
674 250  4278
861 250  4716
657 468  5362
838 473  5864
ILLUSION_TOP_LARGER_WIDTH:247
630 241  1012
901 245  1649
661 483  2354
891 483  2802
Воспроизведение
668 262  3816
902 259  4309
653 476  4944
894 474  5365
ILLUSION_TOP_LARGER_WIDTH:266
611 245  1212
917 244  1804
624 487  2437
915 485  3100
Воспроизведение
638 268  4434
930 269  4990
654 455  5582
907 455  6058
ILLUSION_TOP_LARGER_WIDTH:247
631 252  780
907 255  1290
638 483  1878
895 485  2353
Воспроизведение
608 254  3550
933 244  4142
638 450  4701
874 464  5123
ILLUSION_TOP_LARGER_WIDTH:209
644 247  808
895 247  1427
664 469  1961
870 473  2418
Воспроизведение
657 271  3648
921 270  4133
642 461  4687
878 459  5126
ILLUSION_TOP_LARGER_WIDTH:209
648 263  880
894 249  1437
647 487  1976
890 468  2550
Воспроизведение
651 267  3857
902 263  4531
654 475  5112
879 468  5577
ILLUSION_TOP_LARGER_WIDTH:266
622 252  821
914 251  1413
631 479  1909
909 471  2402
Воспроизведение
618 253  3541
926 255  4079
649 464  4643
902 465  5072
NO_ILLUSION0_WIDTH:152
685 259  776
843 259  1223
698 492  1848
843 486  2216
Воспроизведение
710 255  3576
893 256  3943
688 463  4586
850 457  4979
NO_ILLUSION0_WIDTH:152
684 245  794
846 243  1215
690 481  1866
858 477  2215
Воспроизведение
696 250  3354
859 247  3766
674 474  4450
832 471  4845
NO_ILLUSION0_WIDTH:171
683 255  785
854 251  1180
676 487  1744
846 485  2066
Воспроизведение
687 257  3188
853 257  3511
676 470  4147
834 454  4478
NO_ILLUSION0_WIDTH:171
686 246  874
859 250  1151
674 486  1771
854 481  2058
Воспроизведение
674 269  3271
883 269  3658
671 474  4444
860 481  4738
NO_ILLUSION0_WIDTH:266
630 251  731
896 251  1162
632 483  1808
903 482  2247
Воспроизведение
626 267  3282
918 267  3676
632 501  4260
905 491  4627
NO_ILLUSION0_WIDTH:247
641 254  770
893 253  1138
640 491  1640
894 497  2016
Воспроизведение
614 269  3061
908 271  3386
633 467  3871
931 468  4149
NO_ILLUSION0_WIDTH:209
658 251  770
890 251  1113
646 487  1640
878 479  1962
Воспроизведение
642 260  3241
884 255  3519
627 457  4029
910 454  4343
NO_ILLUSION0_WIDTH:266
648 253  649
913 255  1025
623 499  1541
894 473  1963
Воспроизведение
621 263  2658
938 263  2983
627 493  3470
929 482  3802
NO_ILLUSION0_WIDTH:247
647 261  701
926 257  1005
631 491  1480
898 490  1786
Воспроизведение
640 270  2824
934 277  3121
648 467  3566
916 475  3835
NO_ILLUSION0_WIDTH:209
651 254  615
866 247  983
650 487  1494
876 476  1808
Воспроизведение
642 263  2592
914 267  2915
632 477  3434
874 482  3767
