не показывать курсор
тип стимула MULLER_TOPLARGER
перпендикулярные отрезки в Оппель-Кундта каждые... пикс 19
высота перпендикулярных отрезков в Оппель-Кундта 20
угол стрелок 45
длина стрелок 20
длина штанги (1я часть) 1 152
длина штанги (1я часть) 2 171
длина штанги (1я часть) 3 209
длина штанги (1я часть) 4 247
длина штанги (1я часть) 5 266
длина штанги (1я часть) 6 152
длина штанги (1я часть) 7 171
длина штанги (1я часть) 8 209
длина штанги (1я часть) 9 247
длина штанги (1я часть) 10 266
длина штанги (2я часть) 1 152
длина штанги (2я часть) 2 171
длина штанги (2я часть) 3 209
длина штанги (2я часть) 4 247
длина штанги (2я часть) 5 266
длина штанги (2я часть) 6 152
длина штанги (2я часть) 7 171
длина штанги (2я часть) 8 209
длина штанги (2я часть) 9 247
длина штанги (2я часть) 10 266
длина "закрывашек" 20
расстояние между линиями 240
расстояние до рельсов Понзо 20
ширина линий 4
всего опытов 20
ILLUSION_TOP_LARGER_WIDTH:209
662 243  2396
877 257  2836
675 487  3550
874 495  3991
Воспроизведение
650 244  5166
886 241  5489
677 451  6022
894 474  6344
ILLUSION_TOP_LARGER_WIDTH:266
634 259  758
895 253  1108
648 487  1643
904 479  2001
Воспроизведение
614 252  2698
919 259  3012
630 447  3508
934 463  3814
ILLUSION_TOP_LARGER_WIDTH:247
633 255  644
913 247  950
650 494  1448
906 489  1753
Воспроизведение
598 288  2700
900 283  3077
638 474  3552
927 492  3902
ILLUSION_TOP_LARGER_WIDTH:152
696 251  779
866 256  1031
701 495  1555
866 483  1798
Воспроизведение
669 246  2726
890 246  2986
668 443  3441
895 452  3701
ILLUSION_TOP_LARGER_WIDTH:152
673 259  583
865 256  853
698 501  1342
870 495  1593
Воспроизведение
679 259  2659
888 249  2928
692 478  3473
858 486  3724
ILLUSION_TOP_LARGER_WIDTH:247
634 264  1199
906 256  1550
652 490  2080
905 487  2393
Воспроизведение
659 254  3398
916 261  3686
651 475  4281
873 474  4558
ILLUSION_TOP_LARGER_WIDTH:171
657 255  724
859 257  1039
689 483  1530
857 483  1791
Воспроизведение
672 259  2649
931 260  2946
680 459  4437
886 464  4707
ILLUSION_TOP_LARGER_WIDTH:266
649 246  621
895 252  918
648 484  1413
887 495  1736
Воспроизведение
620 257  2585
965 251  2918
635 494  3518
902 500  3777
ILLUSION_TOP_LARGER_WIDTH:209
651 254  717
889 248  1004
660 492  1460
886 480  1739
Воспроизведение
664 261  2542
886 263  2821
671 471  3297
885 466  3557
ILLUSION_TOP_LARGER_WIDTH:171
674 251  798
874 247  1068
689 490  1598
Воспроизведение
881 480  1937
706 267  2898
909 273  3167
702 463  3642
880 458  3901
NO_ILLUSION0_WIDTH:152
682 248  703
854 251  1017
690 490  1598
851 483  1850
Воспроизведение
684 255  2707
863 255  2967
699 485  3520
832 488  3799
NO_ILLUSION0_WIDTH:152
697 255  830
846 256  1064
700 499  1596
838 487  1864
Воспроизведение
682 257  2695
886 258  2991
679 477  3544
848 481  3824
NO_ILLUSION0_WIDTH:171
679 257  695
858 255  965
697 496  1395
697 496  1395
697 496  1426
852 484  1768
Воспроизведение
671 262  2542
867 260  2793
671 471  3354
854 460  3615
NO_ILLUSION0_WIDTH:209
666 259  766
860 259  1143
655 491  1641
866 482  1971
Воспроизведение
646 257  2900
885 252  3160
666 476  3693
869 479  3953
NO_ILLUSION0_WIDTH:247
647 258  677
885 258  1037
646 495  1529
885 478  1844
Воспроизведение
632 263  2774
898 255  3097
644 471  3580
878 473  3840
NO_ILLUSION0_WIDTH:171
675 247  682
866 252  978
678 492  1486
866 491  1720
Воспроизведение
677 260  2842
908 260  3085
681 536  3818
880 539  4043
NO_ILLUSION0_WIDTH:247
631 260  799
884 253  1167
639 483  1706
888 488  2020
Воспроизведение
654 232  2783
895 235  3044
650 482  3689
874 489  3950
NO_ILLUSION0_WIDTH:266
662 243  889
894 259  1284
622 491  1841
901 490  2109
Воспроизведение
618 253  3099
893 259  3368
658 494  3908
890 498  4176
NO_ILLUSION0_WIDTH:209
658 254  653
891 262  904
658 487  1376
862 487  1653
Воспроизведение
613 260  2925
876 248  3168
649 475  3810
865 481  4069
NO_ILLUSION0_WIDTH:266
690 270  869
690 270  870
624 237  1161
942 239  1521
652 501  2258
893 483  2555
Воспроизведение
647 260  3655
956 250  3924
651 507  4564
898 509  4851
