не показывать курсор
тип стимула MULLER_TOPLARGER
перпендикулярные отрезки в Оппель-Кундта каждые... пикс 19
высота перпендикулярных отрезков в Оппель-Кундта 20
угол стрелок 45
длина стрелок 20
длина штанги (1я часть) 1 152
длина штанги (1я часть) 2 171
длина штанги (1я часть) 3 209
длина штанги (1я часть) 4 247
длина штанги (1я часть) 5 266
длина штанги (1я часть) 6 152
длина штанги (1я часть) 7 171
длина штанги (1я часть) 8 209
длина штанги (1я часть) 9 247
длина штанги (1я часть) 10 266
длина штанги (2я часть) 1 152
длина штанги (2я часть) 2 171
длина штанги (2я часть) 3 209
длина штанги (2я часть) 4 247
длина штанги (2я часть) 5 266
длина штанги (2я часть) 6 152
длина штанги (2я часть) 7 171
длина штанги (2я часть) 8 209
длина штанги (2я часть) 9 247
длина штанги (2я часть) 10 266
длина "закрывашек" 20
расстояние между линиями 240
расстояние до рельсов Понзо 20
ширина линий 4
всего опытов 20
ILLUSION_TOP_LARGER_WIDTH:209
660 250  4578
881 243  5024
674 478  5746
874 492  6096
Воспроизведение
645 262  7380
905 244  7756
650 487  8206
930 479  8502
ILLUSION_TOP_LARGER_WIDTH:152
678 247  1046
882 248  1360
676 473  1930
849 484  2217
Воспроизведение
642 249  3191
909 248  3487
658 501  4003
900 499  4262
ILLUSION_TOP_LARGER_WIDTH:152
682 241  795
849 249  1065
676 482  1554
852 486  1840
Воспроизведение
659 238  2666
906 246  2998
650 507  3404
884 490  3655
ILLUSION_TOP_LARGER_WIDTH:266
625 234  745
931 253  1105
606 483  1593
Воспроизведение
970 486  1968
603 254  3119
914 243  3423
571 543  3959
948 537  4309
ILLUSION_TOP_LARGER_WIDTH:209
650 228  816
907 258  1167
652 489  1632
879 483  1919
Воспроизведение
620 274  2810
914 272  3097
618 527  3573
929 533  3869
ILLUSION_TOP_LARGER_WIDTH:171
664 235  775
886 245  1088
665 483  1575
882 493  1842
Воспроизведение
655 233  2622
929 239  2926
658 470  3477
903 472  3737
ILLUSION_TOP_LARGER_WIDTH:266
627 243  747
938 255  1077
644 471  1603
921 487  1880
Воспроизведение
626 243  2880
945 246  3213
638 479  3656
937 491  3889
ILLUSION_TOP_LARGER_WIDTH:247
620 238  795
926 260  1109
626 491  1589
925 483  1857
Воспроизведение
584 242  2614
966 251  2946
622 488  3439
951 512  3709
ILLUSION_TOP_LARGER_WIDTH:171
667 242  709
926 248  1006
692 478  1434
880 496  1657
Воспроизведение
654 235  2273
906 244  2550
662 503  3008
ILLUSION_TOP_LARGER_WIDTH:247
880 503  21
606 245  695
913 243  1016
647 491  1512
905 496  1762
Воспроизведение
598 248  2417
969 261  2740
646 489  3155
894 508  3415
NO_ILLUSION0_WIDTH:171
670 246  582
880 262  832
677 488  1345
860 494  1551
Воспроизведение
653 255  3398
903 254  3622
674 489  4112
882 492  4318
NO_ILLUSION0_WIDTH:209
656 247  664
905 263  889
659 480  1347
880 492  1571
Воспроизведение
638 258  2282
926 259  2551
648 486  3027
902 484  3259
NO_ILLUSION0_WIDTH:266
615 241  672
923 257  959
623 484  1445
928 496  1721
Воспроизведение
591 258  2471
950 262  2767
625 512  3242
950 518  3510
NO_ILLUSION0_WIDTH:247
618 250  590
920 249  851
636 495  1390
908 499  1649
Воспроизведение
609 239  2521
920 255  2772
630 505  3201
932 489  3461
NO_ILLUSION0_WIDTH:152
686 240  661
873 258  875
694 490  1351
851 490  1557
Воспроизведение
681 243  2295
873 247  2528
693 465  3000
903 470  3197
NO_ILLUSION0_WIDTH:247
641 247  662
911 255  921
651 482  1407
905 481  1665
Воспроизведение
666 267  3095
958 241  3373
690 499  3916
982 506  4185
NO_ILLUSION0_WIDTH:171
677 260  961
889 259  1157
669 471  1690
851 485  1940
Воспроизведение
644 241  2783
879 249  3015
683 465  3504
896 459  3727
NO_ILLUSION0_WIDTH:266
630 254  692
914 258  989
635 483  1486
927 490  1791
Воспроизведение
603 242  2595
977 248  2917
638 497  3425
970 467  3711
NO_ILLUSION0_WIDTH:209
650 238  695
873 243  929
653 475  1427
902 481  1697
Воспроизведение
631 264  2560
885 263  2783
649 490  3223
878 488  3419
NO_ILLUSION0_WIDTH:152
691 246  666
862 262  871
672 496  1296
847 483  1520
Воспроизведение
660 255  2308
933 263  2557
641 499  3024
882 486  3256
