не показывать курсор
тип стимула MULLER_TOPLARGER
перпендикулярные отрезки в Оппель-Кундта каждые... пикс 19
высота перпендикулярных отрезков в Оппель-Кундта 20
угол стрелок 45
длина стрелок 20
длина штанги (1я часть) 1 152
длина штанги (1я часть) 2 171
длина штанги (1я часть) 3 209
длина штанги (1я часть) 4 247
длина штанги (1я часть) 5 266
длина штанги (1я часть) 6 152
длина штанги (1я часть) 7 171
длина штанги (1я часть) 8 209
длина штанги (1я часть) 9 247
длина штанги (1я часть) 10 266
длина штанги (2я часть) 1 152
длина штанги (2я часть) 2 171
длина штанги (2я часть) 3 209
длина штанги (2я часть) 4 247
длина штанги (2я часть) 5 266
длина штанги (2я часть) 6 152
длина штанги (2я часть) 7 171
длина штанги (2я часть) 8 209
длина штанги (2я часть) 9 247
длина штанги (2я часть) 10 266
длина "закрывашек" 20
расстояние между линиями 240
расстояние до рельсов Понзо 20
ширина линий 4
всего опытов 20
ILLUSION_TOP_LARGER_WIDTH:247
625 255  2684
919 255  2909
633 501  3398
933 511  3631
Воспроизведение
595 251  4333
978 249  4574
590 467  4989
956 490  5241
ILLUSION_TOP_LARGER_WIDTH:209
630 251  440
930 255  665
650 495  1070
902 515  1286
Воспроизведение
591 254  1835
916 256  2068
602 485  2460
911 505  2711
ILLUSION_TOP_LARGER_WIDTH:266
589 245  497
946 247  748
614 485  1204
936 492  1464
Воспроизведение
568 248  2177
930 249  2429
568 462  2830
959 465  3116
ILLUSION_TOP_LARGER_WIDTH:152
645 257  413
910 237  638
658 496  1105
909 503  1330
Воспроизведение
618 246  1945
934 250  2159
629 473  2567
938 472  2773
ILLUSION_TOP_LARGER_WIDTH:209
606 248  512
939 242  764
629 493  1205
932 490  1438
Воспроизведение
593 243  2016
948 247  2250
621 477  2689
956 496  2922
ILLUSION_TOP_LARGER_WIDTH:247
610 253  404
936 231  645
591 490  1101
974 500  1379
Воспроизведение
604 259  1896
970 235  2183
600 475  2654
944 514  2924
ILLUSION_TOP_LARGER_WIDTH:171
625 266  342
950 261  584
659 495  1013
933 512  1238
Воспроизведение
651 259  1827
972 258  2051
646 464  2489
975 491  2741
ILLUSION_TOP_LARGER_WIDTH:171
659 257  385
900 248  601
621 490  1038
926 499  1279
Воспроизведение
638 243  1844
919 232  2059
658 444  2508
958 461  2776
ILLUSION_TOP_LARGER_WIDTH:266
628 263  523
964 254  791
620 500  1203
959 511  1463
Воспроизведение
615 260  1985
961 258  2219
640 462  2608
982 481  2850
ILLUSION_TOP_LARGER_WIDTH:152
670 264  544
894 270  732
678 491  1213
907 483  1400
Воспроизведение
674 251  2006
986 259  2240
638 465  2713
937 479  2946
NO_ILLUSION0_WIDTH:247
646 237  477
947 250  710
634 491  1213
962 498  1456
Воспроизведение
652 272  2066
990 276  2309
650 483  2688
1006 495  2949
NO_ILLUSION0_WIDTH:152
670 267  498
911 268  714
672 487  1172
983 516  1386
Воспроизведение
644 256  1993
933 255  2235
647 455  2643
941 465  2848
NO_ILLUSION0_WIDTH:247
648 252  454
929 257  688
652 491  1118
934 503  1379
Воспроизведение
662 253  1976
958 254  2228
674 460  2637
934 483  2854
NO_ILLUSION0_WIDTH:171
674 255  395
901 247  592
678 484  990
890 492  1151
Воспроизведение
640 249  1748
879 240  1972
639 475  2412
923 498  2645
NO_ILLUSION0_WIDTH:209
620 251  520
907 247  744
662 483  1165
933 507  1397
Воспроизведение
630 255  1984
935 254  2210
642 483  2640
925 499  2845
NO_ILLUSION0_WIDTH:171
642 260  485
906 260  683
676 491  1113
908 488  1293
Воспроизведение
658 255  1943
917 247  2132
647 475  2664
909 481  2834
NO_ILLUSION0_WIDTH:266
620 264  538
928 264  735
649 491  1221
946 499  1418
Воспроизведение
650 267  2034
985 264  2259
625 478  2780
938 480  3013
NO_ILLUSION0_WIDTH:209
656 265  448
949 261  655
654 491  1154
903 501  1351
Воспроизведение
650 258  2018
924 256  2224
680 470  2668
983 482  2874
NO_ILLUSION0_WIDTH:152
672 251  444
886 238  624
694 479  1123
875 480  1285
Воспроизведение
677 249  1974
930 246  2190
676 477  2595
915 487  2783
NO_ILLUSION0_WIDTH:266
614 256  468
946 261  693
610 499  1082
937 509  1305
Воспроизведение
589 256  1850
962 246  2111
623 450  2521
944 472  2754
