не показывать курсор
тип стимула MULLER_TOPLARGER
перпендикулярные отрезки в Оппель-Кундта каждые... пикс 19
высота перпендикулярных отрезков в Оппель-Кундта 20
угол стрелок 45
длина стрелок 20
длина штанги (1я часть) 1 152
длина штанги (1я часть) 2 171
длина штанги (1я часть) 3 209
длина штанги (1я часть) 4 247
длина штанги (1я часть) 5 266
длина штанги (1я часть) 6 152
длина штанги (1я часть) 7 171
длина штанги (1я часть) 8 209
длина штанги (1я часть) 9 247
длина штанги (1я часть) 10 266
длина штанги (2я часть) 1 152
длина штанги (2я часть) 2 171
длина штанги (2я часть) 3 209
длина штанги (2я часть) 4 247
длина штанги (2я часть) 5 266
длина штанги (2я часть) 6 152
длина штанги (2я часть) 7 171
длина штанги (2я часть) 8 209
длина штанги (2я часть) 9 247
длина штанги (2я часть) 10 266
длина "закрывашек" 20
расстояние между линиями 240
расстояние до рельсов Понзо 20
ширина линий 4
всего опытов 20
ILLUSION_TOP_LARGER_WIDTH:171
672 251  1743
846 246  2497
676 473  3200
846 482  3810
Воспроизведение
674 254  4979
898 246  5699
684 452  6305
901 450  7060
ILLUSION_TOP_LARGER_WIDTH:209
650 255  970
874 235  1779
652 483  2351
873 487  3070
Воспроизведение
642 241  4502
896 238  5284
658 462  5902
899 455  6845
ILLUSION_TOP_LARGER_WIDTH:209
660 259  1140
881 250  1913
651 475  2550
881 479  3304
Воспроизведение
653 243  4746
880 238  5492
658 464  6171
903 457  7061
ILLUSION_TOP_LARGER_WIDTH:266
622 247  1110
902 244  1991
624 493  2592
903 480  3373
Воспроизведение
650 266  4854
922 263  5788
683 470  6302
996 469  7291
ILLUSION_TOP_LARGER_WIDTH:152
684 243  1061
847 243  1770
680 487  2329
832 483  2906
Воспроизведение
679 265  4335
889 259  5134
677 483  5727
874 479  6365
ILLUSION_TOP_LARGER_WIDTH:247
638 254  983
896 254  1870
648 491  2567
878 491  3313
Воспроизведение
650 239  4578
875 242  5324
653 461  5861
906 461  6805
ILLUSION_TOP_LARGER_WIDTH:266
632 246  1090
904 241  2061
626 490  2637
896 480  3384
Воспроизведение
628 255  4673
891 252  5528
666 467  6199
902 463  7096
ILLUSION_TOP_LARGER_WIDTH:171
676 239  986
850 243  1615
660 477  2252
846 484  2871
Воспроизведение
670 272  4293
890 266  5073
691 474  5673
900 468  6345
ILLUSION_TOP_LARGER_WIDTH:152
682 236  991
866 246  1495
684 487  2246
843 485  2947
Воспроизведение
666 247  4303
879 250  5103
676 456  5730
905 458  6620
ILLUSION_TOP_LARGER_WIDTH:247
626 247  932
902 244  1831
626 486  2427
886 482  3254
Воспроизведение
650 266  4392
946 263  5264
694 495  5830
1005 500  6737
NO_ILLUSION0_WIDTH:152
686 237  898
834 239  1340
686 480  2013
836 481  2615
Воспроизведение
690 263  3885
864 251  4370
695 455  4962
880 471  5492
NO_ILLUSION0_WIDTH:171
678 249  881
852 249  1350
659 485  1900
856 490  2403
Воспроизведение
678 255  3977
865 253  4453
704 499  5107
894 491  5519
NO_ILLUSION0_WIDTH:152
680 239  843
840 240  1321
666 484  1905
843 482  2443
Воспроизведение
679 270  3788
869 255  4301
694 503  4779
875 486  5318
NO_ILLUSION0_WIDTH:171
668 243  900
846 245  1403
672 487  2064
857 489  2711
Воспроизведение
698 263  4070
902 261  4654
705 507  5159
899 506  5734
NO_ILLUSION0_WIDTH:209
654 230  929
873 241  1513
637 477  2095
863 485  2948
Воспроизведение
674 254  4468
894 259  5171
679 487  5787
893 488  6516
NO_ILLUSION0_WIDTH:266
627 249  902
896 247  1784
632 491  2454
909 495  3299
Воспроизведение
650 243  4759
922 245  5604
653 479  6296
943 484  7221
NO_ILLUSION0_WIDTH:209
656 235  925
877 235  1698
651 480  2363
880 475  3153
Воспроизведение
690 263  4627
906 254  5391
675 471  6092
914 471  6946
NO_ILLUSION0_WIDTH:247
626 247  932
890 251  1930
625 495  2560
891 485  3367
Воспроизведение
650 263  4795
919 256  5553
668 444  6222
993 459  7192
NO_ILLUSION0_WIDTH:247
651 250  943
891 249  1697
619 483  2415
880 479  3179
Воспроизведение
652 258  5232
900 250  6051
654 483  6611
933 473  7510
NO_ILLUSION0_WIDTH:266
630 241  969
893 247  1840
623 491  2529
901 490  3409
Воспроизведение
651 268  4745
930 261  5645
674 491  6252
951 481  6980
