не показывать курсор
тип стимула MULLER_TOPLARGER
перпендикулярные отрезки в Оппель-Кундта каждые... пикс 19
высота перпендикулярных отрезков в Оппель-Кундта 20
угол стрелок 45
длина стрелок 20
длина штанги (1я часть) 1 152
длина штанги (1я часть) 2 171
длина штанги (1я часть) 3 209
длина штанги (1я часть) 4 247
длина штанги (1я часть) 5 266
длина штанги (1я часть) 6 152
длина штанги (1я часть) 7 171
длина штанги (1я часть) 8 209
длина штанги (1я часть) 9 247
длина штанги (1я часть) 10 266
длина штанги (2я часть) 1 152
длина штанги (2я часть) 2 171
длина штанги (2я часть) 3 209
длина штанги (2я часть) 4 247
длина штанги (2я часть) 5 266
длина штанги (2я часть) 6 152
длина штанги (2я часть) 7 171
длина штанги (2я часть) 8 209
длина штанги (2я часть) 9 247
длина штанги (2я часть) 10 266
длина "закрывашек" 20
расстояние между линиями 240
расстояние до рельсов Понзо 20
ширина линий 4
всего опытов 20
ILLUSION_TOP_LARGER_WIDTH:152
680 254  1697
858 249  2399
679 487  3606
837 483  4291
Воспроизведение
662 267  7854
839 259  8386
683 456  9373
855 454  9995
ILLUSION_TOP_LARGER_WIDTH:266
626 255  1942
901 253  2807
632 488  3542
888 480  4300
Воспроизведение
626 251  5860
922 249  6572
642 467  7352
886 463  8036
ILLUSION_TOP_LARGER_WIDTH:209
652 253  1324
859 251  1943
656 495  2674
862 490  3314
Воспроизведение
660 242  4971
902 259  5493
675 489  6281
890 488  6876
ILLUSION_TOP_LARGER_WIDTH:209
655 254  1426
870 248  2082
659 485  2796
861 483  3391
Воспроизведение
676 271  5175
906 275  5751
663 480  6552
898 479  7118
ILLUSION_TOP_LARGER_WIDTH:247
629 252  1264
897 256  1977
642 493  2703
888 487  3314
Воспроизведение
645 259  5077
898 266  5680
647 499  6377
917 507  7034
ILLUSION_TOP_LARGER_WIDTH:152
682 244  1264
832 246  1697
679 494  2519
846 480  2968
Воспроизведение
710 265  4517
860 258  4957
701 489  5696
870 491  6127
ILLUSION_TOP_LARGER_WIDTH:171
676 251  1221
850 247  1797
679 483  2487
845 483  3000
Воспроизведение
697 259  4950
865 262  5437
693 510  6244
874 507  6748
ILLUSION_TOP_LARGER_WIDTH:171
672 247  1377
852 249  1906
676 483  2571
848 479  3021
Воспроизведение
697 261  4864
875 261  5395
703 502  6211
883 497  6813
ILLUSION_TOP_LARGER_WIDTH:266
628 247  1170
900 246  1852
632 487  2468
900 483  3114
Воспроизведение
638 247  4593
883 243  5240
666 540  5912
902 541  6586
ILLUSION_TOP_LARGER_WIDTH:247
630 249  1051
891 250  1680
637 482  2452
892 487  3071
Воспроизведение
672 248  4567
903 238  5208
676 489  5992
926 487  6717
NO_ILLUSION0_WIDTH:171
680 243  1185
854 247  1615
676 481  2450
848 482  2998
Воспроизведение
678 260  4671
866 259  5201
701 490  5990
878 483  6574
NO_ILLUSION0_WIDTH:152
697 244  1176
824 242  1653
694 489  2551
846 487  2974
Воспроизведение
694 255  4850
850 250  5273
702 510  6108
892 506  6665
NO_ILLUSION0_WIDTH:247
632 240  1312
879 247  1852
638 481  2728
880 481  3229
Воспроизведение
666 261  5113
925 254  5654
666 495  6598
913 495  7299
NO_ILLUSION0_WIDTH:171
688 253  1230
854 251  1752
678 481  2676
852 487  3107
Воспроизведение
692 239  4876
882 248  5433
699 511  6227
893 508  6792
NO_ILLUSION0_WIDTH:209
655 250  1223
876 243  1799
665 482  2632
868 484  3190
Воспроизведение
658 255  5272
881 254  5929
660 516  6743
890 515  7354
NO_ILLUSION0_WIDTH:152
678 258  1113
842 259  1770
681 479  2623
841 486  3144
Воспроизведение
703 243  4929
871 239  5628
702 499  6593
871 499  7112
NO_ILLUSION0_WIDTH:266
628 248  1225
882 246  1980
630 487  2848
896 483  3476
Воспроизведение
646 255  5209
903 251  5812
651 485  6686
902 492  7252
NO_ILLUSION0_WIDTH:247
646 249  1342
880 242  2017
635 496  2836
891 485  3682
Воспроизведение
662 253  5596
882 250  6269
668 511  7131
901 507  7814
NO_ILLUSION0_WIDTH:266
630 251  1345
897 250  2019
632 491  2838
895 487  3476
Воспроизведение
653 251  5239
897 246  5843
678 481  6719
899 490  7402
NO_ILLUSION0_WIDTH:209
658 250  1248
867 249  1851
660 488  2859
866 483  3434
Воспроизведение
670 251  5357
867 244  5897
698 513  6886
895 502  7443
