не показывать курсор
тип стимула MULLER_TOPLARGER
перпендикулярные отрезки в Оппель-Кундта каждые... пикс 19
высота перпендикулярных отрезков в Оппель-Кундта 20
угол стрелок 45
длина стрелок 20
длина штанги (1я часть) 1 152
длина штанги (1я часть) 2 171
длина штанги (1я часть) 3 209
длина штанги (1я часть) 4 247
длина штанги (1я часть) 5 266
длина штанги (1я часть) 6 152
длина штанги (1я часть) 7 171
длина штанги (1я часть) 8 209
длина штанги (1я часть) 9 247
длина штанги (1я часть) 10 266
длина штанги (2я часть) 1 152
длина штанги (2я часть) 2 171
длина штанги (2я часть) 3 209
длина штанги (2я часть) 4 247
длина штанги (2я часть) 5 266
длина штанги (2я часть) 6 152
длина штанги (2я часть) 7 171
длина штанги (2я часть) 8 209
длина штанги (2я часть) 9 247
длина штанги (2я часть) 10 266
длина "закрывашек" 20
расстояние между линиями 240
расстояние до рельсов Понзо 20
ширина линий 4
всего опытов 20
ILLUSION_TOP_LARGER_WIDTH:266
654 247  15332
910 272  15664
652 494  16528
888 477  16967
Воспроизведение
649 258  19369
908 247  19709
664 507  20425
905 490  20774
ILLUSION_TOP_LARGER_WIDTH:171
681 248  1273
860 257  1587
713 493  2328
857 486  2632
Воспроизведение
682 255  3893
904 259  4224
698 479  4872
909 490  5140
ILLUSION_TOP_LARGER_WIDTH:209
675 237  740
675 237  740
675 237  917
882 252  1455
664 493  2088
885 478  2375
Воспроизведение
667 264  3444
905 252  3768
664 512  4372
900 503  4686
ILLUSION_TOP_LARGER_WIDTH:152
694 251  1291
852 244  1543
698 481  2707
854 479  2931
Воспроизведение
688 254  4062
856 253  4402
702 481  5022
833 483  5292
ILLUSION_TOP_LARGER_WIDTH:247
652 256  1054
921 260  1376
650 481  2066
915 475  2414
Воспроизведение
629 231  3532
907 265  3892
653 512  4654
925 503  4986
ILLUSION_TOP_LARGER_WIDTH:247
649 255  950
889 264  1282
650 498  2002
880 494  2343
Воспроизведение
642 263  3466
914 260  3843
650 546  4452
905 531  4873
ILLUSION_TOP_LARGER_WIDTH:209
675 237  1187
876 253  1500
676 487  2113
869 479  2400
Воспроизведение
654 263  3731
886 255  4126
693 496  4759
890 510  5008
ILLUSION_TOP_LARGER_WIDTH:266
630 248  944
898 259  1321
650 491  1982
882 479  2386
Воспроизведение
646 249  3823
916 251  4172
654 515  4816
914 514  5157
ILLUSION_TOP_LARGER_WIDTH:152
699 235  833
862 252  1094
710 489  1643
856 487  1904
Воспроизведение
678 256  3155
881 260  3487
702 501  4129
860 487  4415
ILLUSION_TOP_LARGER_WIDTH:171
698 253  1176
854 244  1490
702 491  2220
854 479  2507
Воспроизведение
699 268  3818
886 263  4160
718 531  4975
880 523  5226
NO_ILLUSION0_WIDTH:266
643 247  999
906 253  1395
650 497  2183
906 492  2542
Воспроизведение
666 256  3741
933 263  4118
674 548  4715
914 531  5020
NO_ILLUSION0_WIDTH:171
693 247  917
841 250  1250
689 482  1747
861 485  2053
Воспроизведение
698 268  3150
854 251  3410
701 533  3967
862 524  4209
NO_ILLUSION0_WIDTH:266
650 250  1056
886 247  1425
650 486  1955
898 479  2342
Воспроизведение
675 237  3688
924 237  4002
675 555  4605
936 555  4920
NO_ILLUSION0_WIDTH:247
650 246  986
887 252  1390
651 486  1929
900 479  2243
Воспроизведение
653 257  3601
902 263  3997
662 528  4702
916 517  5045
NO_ILLUSION0_WIDTH:152
692 250  1118
834 247  1487
682 482  2017
850 483  2341
Воспроизведение
702 255  3608
831 263  3894
702 535  4540
845 535  4845
NO_ILLUSION0_WIDTH:209
671 251  1044
881 252  1377
676 487  2033
898 483  2320
Воспроизведение
682 247  3627
916 246  4057
702 547  4658
916 538  4961
NO_ILLUSION0_WIDTH:209
674 251  1115
866 249  1447
671 483  2047
875 486  2425
Воспроизведение
696 257  3830
916 237  4152
686 551  4794
906 542  5170
NO_ILLUSION0_WIDTH:247
664 255  853
894 243  1230
650 490  1763
895 493  2158
Воспроизведение
675 237  3754
926 249  4123
660 551  4851
934 543  5120
NO_ILLUSION0_WIDTH:171
691 243  1041
860 241  1328
676 488  1895
850 487  2200
Воспроизведение
684 223  3813
889 210  4101
701 523  4713
878 519  4954
NO_ILLUSION0_WIDTH:152
702 244  1011
850 243  1352
677 495  1882
852 490  2162
Воспроизведение
685 251  3476
866 241  3843
701 547  4448
876 534  4797
