не показывать курсор
тип стимула MULLER_TOPLARGER
перпендикулярные отрезки в Оппель-Кундта каждые... пикс 19
высота перпендикулярных отрезков в Оппель-Кундта 20
угол стрелок 45
длина стрелок 20
длина штанги (1я часть) 1 152
длина штанги (1я часть) 2 171
длина штанги (1я часть) 3 209
длина штанги (1я часть) 4 247
длина штанги (1я часть) 5 266
длина штанги (1я часть) 6 152
длина штанги (1я часть) 7 171
длина штанги (1я часть) 8 209
длина штанги (1я часть) 9 247
длина штанги (1я часть) 10 266
длина штанги (2я часть) 1 152
длина штанги (2я часть) 2 171
длина штанги (2я часть) 3 209
длина штанги (2я часть) 4 247
длина штанги (2я часть) 5 266
длина штанги (2я часть) 6 152
длина штанги (2я часть) 7 171
длина штанги (2я часть) 8 209
длина штанги (2я часть) 9 247
длина штанги (2я часть) 10 266
длина "закрывашек" 20
расстояние между линиями 240
расстояние до рельсов Понзо 20
ширина линий 4
всего опытов 20
ILLUSION_TOP_LARGER_WIDTH:171
691 243  2160
880 240  2481
696 479  3075
855 487  3354
Воспроизведение
659 254  4855
899 261  5178
706 555  5640
942 535  6007
ILLUSION_TOP_LARGER_WIDTH:266
633 244  834
924 238  1202
643 475  1728
904 491  2175
Воспроизведение
643 255  3345
918 246  3712
665 530  4155
948 532  4586
ILLUSION_TOP_LARGER_WIDTH:209
662 248  785
890 252  1133
676 483  1610
880 483  1994
Воспроизведение
662 235  3104
905 243  3443
638 503  3896
922 501  4334
ILLUSION_TOP_LARGER_WIDTH:247
640 245  845
890 259  1212
654 499  1651
884 498  2062
Воспроизведение
659 255  3009
927 262  3358
672 558  3792
897 547  4167
ILLUSION_TOP_LARGER_WIDTH:247
650 240  655
923 263  967
647 493  1388
895 489  1674
Воспроизведение
644 263  2738
882 270  3043
645 513  3426
904 510  3784
ILLUSION_TOP_LARGER_WIDTH:266
639 249  694
922 249  1043
648 489  1495
900 485  1826
Воспроизведение
633 248  2899
895 257  3239
621 521  3662
919 514  3985
ILLUSION_TOP_LARGER_WIDTH:171
669 245  824
886 253  1094
689 477  1623
858 501  1892
Воспроизведение
660 245  3180
877 244  3468
632 536  3864
873 519  4169
ILLUSION_TOP_LARGER_WIDTH:152
686 255  844
861 248  1112
707 483  1681
857 491  1922
Воспроизведение
678 254  3387
892 246  3674
675 525  4082
896 528  4314
ILLUSION_TOP_LARGER_WIDTH:209
653 234  691
884 241  994
662 484  1470
888 491  1775
Воспроизведение
662 249  2661
899 251  2965
662 503  3373
903 494  3712
ILLUSION_TOP_LARGER_WIDTH:152
685 255  716
854 246  985
698 489  1447
846 508  1716
Воспроизведение
642 268  2847
867 239  3125
671 511  3592
871 516  3896
NO_ILLUSION0_WIDTH:152
704 252  669
858 255  956
686 486  1370
838 487  1674
Воспроизведение
684 269  2811
875 271  3089
655 522  3499
884 497  3840
NO_ILLUSION0_WIDTH:209
682 255  611
885 261  879
667 486  1281
866 491  1602
Воспроизведение
636 259  2610
874 273  2924
635 501  3307
922 508  3619
NO_ILLUSION0_WIDTH:171
682 244  578
854 251  863
676 491  1288
848 495  1691
Воспроизведение
670 254  2677
881 269  3017
657 516  3400
875 507  3702
NO_ILLUSION0_WIDTH:209
676 245  619
873 256  934
674 492  1380
883 490  1693
Воспроизведение
659 253  2544
866 264  2885
666 536  3259
864 509  3607
NO_ILLUSION0_WIDTH:266
642 251  599
906 256  931
635 485  1365
914 489  1732
Воспроизведение
665 259  2546
890 254  2913
670 515  3319
901 515  3660
NO_ILLUSION0_WIDTH:171
692 260  490
878 260  759
673 496  1172
848 494  1522
Воспроизведение
644 259  2431
877 275  2745
643 499  3077
878 500  3399
NO_ILLUSION0_WIDTH:247
666 242  633
897 254  966
644 469  1334
914 483  1673
Воспроизведение
650 245  2732
901 266  3082
653 510  3491
878 496  3813
NO_ILLUSION0_WIDTH:247
652 246  618
882 259  958
656 495  1380
882 489  1737
Воспроизведение
606 287  2602
878 299  2924
622 483  3337
868 498  3741
NO_ILLUSION0_WIDTH:152
697 259  638
863 263  898
691 500  1266
847 504  1552
Воспроизведение
646 271  2535
886 288  2894
625 447  3257
818 471  3625
NO_ILLUSION0_WIDTH:266
644 249  648
882 251  988
630 511  1412
910 500  1843
Воспроизведение
662 254  2833
917 255  3263
643 543  3706
906 540  4090
