не показывать курсор
тип стимула MULLER_TOPLARGER
перпендикулярные отрезки в Оппель-Кундта каждые... пикс 19
высота перпендикулярных отрезков в Оппель-Кундта 20
угол стрелок 45
длина стрелок 20
длина штанги (1я часть) 1 152
длина штанги (1я часть) 2 171
длина штанги (1я часть) 3 209
длина штанги (1я часть) 4 247
длина штанги (1я часть) 5 266
длина штанги (1я часть) 6 152
длина штанги (1я часть) 7 171
длина штанги (1я часть) 8 209
длина штанги (1я часть) 9 247
длина штанги (1я часть) 10 266
длина штанги (2я часть) 1 152
длина штанги (2я часть) 2 171
длина штанги (2я часть) 3 209
длина штанги (2я часть) 4 247
длина штанги (2я часть) 5 266
длина штанги (2я часть) 6 152
длина штанги (2я часть) 7 171
длина штанги (2я часть) 8 209
длина штанги (2я часть) 9 247
длина штанги (2я часть) 10 266
длина "закрывашек" 20
расстояние между линиями 240
расстояние до рельсов Понзо 20
ширина линий 4
всего опытов 20
ILLUSION_TOP_LARGER_WIDTH:247
652 256  38700
883 260  40833
658 491  42303
882 495  43769
Воспроизведение
702 500  46843
877 491  48400
703 315  50017
885 314  51445
ILLUSION_TOP_LARGER_WIDTH:171
695 259  1824
849 255  3317
695 499  4639
842 492  6033
Воспроизведение
678 491  7529
811 486  8787
692 307  10072
848 313  11337
ILLUSION_TOP_LARGER_WIDTH:247
652 256  1707
886 259  3486
656 500  4884
881 498  6715
Воспроизведение
646 495  7945
858 494  9697
639 306  10637
859 313  12380
ILLUSION_TOP_LARGER_WIDTH:266
652 495  1312
882 497  2939
646 260  3923
Воспроизведение
897 263  5254
650 490  8345
867 487  9604
654 313  10701
880 314  12006
ILLUSION_TOP_LARGER_WIDTH:266
641 251  1687
894 261  3045
646 492  4011
Воспроизведение
897 498  5188
634 508  6301
898 507  7722
661 293  8923
902 294  10245
ILLUSION_TOP_LARGER_WIDTH:152
701 494  1308
817 490  2037
691 250  3029
834 256  3892
Воспроизведение
850 259  4994
733 263  5867
853 441  6914
716 448  7813
ILLUSION_TOP_LARGER_WIDTH:152
846 255  1598
699 253  2372
834 494  3497
699 487  4260
Воспроизведение
701 502  5910
832 490  7043
700 295  8174
841 295  9207
ILLUSION_TOP_LARGER_WIDTH:209
662 491  1358
857 495  2654
667 257  3782
861 259  5175
Воспроизведение
878 257  6184
689 257  7750
870 479  8878
686 478  10236
ILLUSION_TOP_LARGER_WIDTH:209
653 492  998
862 490  2525
675 251  3529
879 259  5092
Воспроизведение
882 258  6141
702 257  7751
688 452  8777
884 451  10054
ILLUSION_TOP_LARGER_WIDTH:171
690 486  1132
838 491  2383
686 242  3324
854 251  4277
Воспроизведение
702 498  5807
850 493  7003
692 287  8102
851 287  9028
NO_ILLUSION0_WIDTH:209
667 488  1187
859 487  2455
665 253  3299
869 257  4234
Воспроизведение
670 499  5275
855 498  6480
704 300  7001
853 292  8637
NO_ILLUSION0_WIDTH:266
634 247  1111
902 256  2667
642 499  3620
896 485  5093
Воспроизведение
886 479  6313
662 484  7645
859 272  8718
634 286  10094
NO_ILLUSION0_WIDTH:152
696 487  1236
837 490  2001
696 252  2804
840 250  3424
Воспроизведение
849 250  4372
698 251  5200
877 487  6282
715 487  7165
NO_ILLUSION0_WIDTH:171
678 484  857
846 494  1747
685 251  2528
850 256  3221
Воспроизведение
858 244  4759
718 250  5659
901 481  6750
733 484  7567
NO_ILLUSION0_WIDTH:266
646 499  937
896 496  2088
648 248  2939
884 262  3794
Воспроизведение
899 255  4793
647 248  5979
902 483  7051
642 492  8157
NO_ILLUSION0_WIDTH:209
667 494  1036
854 497  1971
662 253  2670
862 263  3363
Воспроизведение
654 256  4565
890 263  5635
677 474  6563
901 469  7652
NO_ILLUSION0_WIDTH:171
850 493  983
690 491  1693
855 256  2502
691 251  3393
Воспроизведение
855 256  4558
681 259  5574
879 458  6510
670 469  7444
NO_ILLUSION0_WIDTH:152
830 494  973
701 487  1529
835 255  2283
708 252  2804
Воспроизведение
835 255  3676
715 261  4252
834 471  5062
694 474  5673
NO_ILLUSION0_WIDTH:247
647 492  724
878 498  1747
645 255  2576
895 261  3447
Воспроизведение
905 258  4229
627 259  5406
897 472  6468
654 482  7557
NO_ILLUSION0_WIDTH:247
650 485  753
878 487  1678
654 258  2433
892 253  3431
Воспроизведение
892 253  4664
656 253  5562
905 493  6557
669 493  7366
