не показывать курсор
тип стимула MULLER_TOPLARGER
перпендикулярные отрезки в Оппель-Кундта каждые... пикс 19
высота перпендикулярных отрезков в Оппель-Кундта 20
угол стрелок 45
длина стрелок 20
длина штанги (1я часть) 1 152
длина штанги (1я часть) 2 171
длина штанги (1я часть) 3 209
длина штанги (1я часть) 4 247
длина штанги (1я часть) 5 266
длина штанги (1я часть) 6 152
длина штанги (1я часть) 7 171
длина штанги (1я часть) 8 209
длина штанги (1я часть) 9 247
длина штанги (1я часть) 10 266
длина штанги (2я часть) 1 152
длина штанги (2я часть) 2 171
длина штанги (2я часть) 3 209
длина штанги (2я часть) 4 247
длина штанги (2я часть) 5 266
длина штанги (2я часть) 6 152
длина штанги (2я часть) 7 171
длина штанги (2я часть) 8 209
длина штанги (2я часть) 9 247
длина штанги (2я часть) 10 266
длина "закрывашек" 20
расстояние между линиями 240
расстояние до рельсов Понзо 20
ширина линий 4
всего опытов 20
ILLUSION_TOP_LARGER_WIDTH:266
643 494  4700
891 499  5580
909 252  6507
631 250  7326
Воспроизведение
633 252  8253
879 235  9062
630 459  9976
877 451  10928
ILLUSION_TOP_LARGER_WIDTH:209
878 486  866
680 491  1523
671 250  2377
873 239  3095
Воспроизведение
876 253  4086
674 256  4895
682 461  5902
877 459  6908
ILLUSION_TOP_LARGER_WIDTH:171
855 484  960
703 494  1472
676 259  2446
868 239  3265
Воспроизведение
856 254  4262
681 263  5026
681 494  6052
842 496  6986
ILLUSION_TOP_LARGER_WIDTH:152
841 489  805
712 490  1363
694 246  2319
839 246  3075
Воспроизведение
846 253  4396
690 260  5259
700 475  6355
835 478  7272
ILLUSION_TOP_LARGER_WIDTH:247
878 486  968
660 490  1687
650 243  2519
898 239  3473
Воспроизведение
894 253  5091
649 264  5990
667 479  7022
897 482  8181
ILLUSION_TOP_LARGER_WIDTH:209
871 246  931
678 255  1552
678 491  2422
855 493  3285
Воспроизведение
878 486  4695
678 488  5800
653 295  6853
879 291  8238
ILLUSION_TOP_LARGER_WIDTH:152
850 252  891
850 252  891
850 252  923
700 246  1750
701 487  2570
843 490  3306
Воспроизведение
846 491  4927
702 492  5834
677 294  7121
815 296  8101
ILLUSION_TOP_LARGER_WIDTH:247
650 248  1274
889 243  2354
898 487  3371
647 496  4376
Воспроизведение
646 487  5641
858 483  6765
855 289  7837
639 288  8959
ILLUSION_TOP_LARGER_WIDTH:266
640 240  1098
900 249  2042
905 488  2976
646 479  3829
Воспроизведение
647 480  5016
853 487  6140
867 272  7220
608 270  8227
ILLUSION_TOP_LARGER_WIDTH:171
682 250  841
853 248  1533
687 487  2577
854 476  3197
Воспроизведение
676 484  4524
840 483  5450
650 275  6744
827 282  7644
NO_ILLUSION0_WIDTH:209
665 251  1053
872 247  1827
671 484  2908
866 491  3878
Воспроизведение
879 489  4815
674 491  5713
647 295  6716
855 291  7571
NO_ILLUSION0_WIDTH:209
882 474  1056
677 489  1568
877 249  2501
672 254  3266
Воспроизведение
666 253  4428
858 253  5355
674 463  6458
875 471  7581
NO_ILLUSION0_WIDTH:247
898 486  839
652 496  1585
637 242  2460
889 256  3511
Воспроизведение
890 255  4757
665 263  5727
887 488  7043
650 476  8175
NO_ILLUSION0_WIDTH:266
650 255  1096
911 252  1932
650 476  2849
892 496  3909
Воспроизведение
905 488  5532
659 482  6683
635 296  7744
903 287  9063
NO_ILLUSION0_WIDTH:171
855 256  870
693 255  1519
684 494  2528
839 491  3292
Воспроизведение
853 494  4259
700 491  5177
703 299  6223
850 295  7112
NO_ILLUSION0_WIDTH:266
903 259  910
648 255  1809
650 487  2665
895 484  3564
Воспроизведение
905 489  4765
648 483  6096
634 278  7180
898 279  8555
NO_ILLUSION0_WIDTH:171
850 254  1275
696 257  2092
694 495  3246
850 490  4242
Воспроизведение
858 485  5159
702 489  6174
680 295  7120
853 291  8135
NO_ILLUSION0_WIDTH:152
803 249  1218
706 246  1847
700 487  2810
842 487  3573
Воспроизведение
848 483  4547
702 486  5481
692 271  6526
810 271  7370
NO_ILLUSION0_WIDTH:152
852 247  795
703 251  1413
694 491  2889
843 487  3652
Воспроизведение
854 492  5003
716 491  6000
694 311  7559
824 309  8403
NO_ILLUSION0_WIDTH:247
897 252  840
651 250  1676
645 495  2938
888 487  3971
Воспроизведение
900 487  4981
648 491  6284
625 287  7505
902 279  8762
