не показывать курсор
тип стимула MULLER_TOPLARGER
перпендикулярные отрезки в Оппель-Кундта каждые... пикс 19
высота перпендикулярных отрезков в Оппель-Кундта 20
угол стрелок 45
длина стрелок 20
длина штанги (1я часть) 1 152
длина штанги (1я часть) 2 171
длина штанги (1я часть) 3 209
длина штанги (1я часть) 4 247
длина штанги (1я часть) 5 266
длина штанги (1я часть) 6 152
длина штанги (1я часть) 7 171
длина штанги (1я часть) 8 209
длина штанги (1я часть) 9 247
длина штанги (1я часть) 10 266
длина штанги (2я часть) 1 152
длина штанги (2я часть) 2 171
длина штанги (2я часть) 3 209
длина штанги (2я часть) 4 247
длина штанги (2я часть) 5 266
длина штанги (2я часть) 6 152
длина штанги (2я часть) 7 171
длина штанги (2я часть) 8 209
длина штанги (2я часть) 9 247
длина штанги (2я часть) 10 266
длина "закрывашек" 20
расстояние между линиями 240
расстояние до рельсов Понзо 20
ширина линий 4
всего опытов 20
ILLUSION_TOP_LARGER_WIDTH:247
636 250  3561
905 257  5157
651 493  6029
906 492  7780
Воспроизведение
684 259  9285
865 264  10346
654 411  11150
846 415  12504
ILLUSION_TOP_LARGER_WIDTH:152
697 255  1744
850 257  2786
685 492  3729
846 494  4826
Воспроизведение
699 259  6298
848 264  7437
674 420  8256
819 426  9593
ILLUSION_TOP_LARGER_WIDTH:209
654 251  1346
876 253  2549
659 491  3438
882 495  4946
Воспроизведение
671 255  6292
856 260  7523
662 440  8306
826 434  9626
ILLUSION_TOP_LARGER_WIDTH:209
666 255  1711
878 262  2850
663 487  3591
882 492  4973
Воспроизведение
677 255  6481
846 258  7451
670 415  8303
843 421  9540
ILLUSION_TOP_LARGER_WIDTH:247
645 254  1314
902 263  2939
646 492  3874
898 503  5606
Воспроизведение
654 251  6878
875 252  7911
650 439  8700
844 451  9830
ILLUSION_TOP_LARGER_WIDTH:266
628 250  1295
909 255  2570
635 492  3306
910 498  4688
Воспроизведение
667 273  6940
898 282  8133
672 416  9025
875 418  10452
ILLUSION_TOP_LARGER_WIDTH:266
634 254  1809
910 256  3372
638 495  4234
907 496  5903
Воспроизведение
653 265  7297
896 272  8725
623 415  9529
851 419  10813
ILLUSION_TOP_LARGER_WIDTH:171
674 249  1334
859 255  2572
681 492  3395
857 493  4446
Воспроизведение
687 255  5540
853 256  6473
683 439  7148
866 444  8295
ILLUSION_TOP_LARGER_WIDTH:171
683 247  2149
863 251  3153
686 489  3972
858 495  5256
Воспроизведение
697 251  6508
858 257  7450
698 435  8382
839 441  9369
ILLUSION_TOP_LARGER_WIDTH:152
687 254  1840
852 255  2827
698 492  3598
854 501  4765
Воспроизведение
700 259  6141
837 263  7180
704 443  8075
845 450  9098
NO_ILLUSION0_WIDTH:209
662 248  2102
875 254  3162
658 494  3947
871 498  5283
Воспроизведение
671 253  6647
854 255  7768
678 447  8535
854 450  9700
NO_ILLUSION0_WIDTH:171
678 243  1960
856 256  3091
679 491  3989
857 502  5218
Воспроизведение
679 255  6737
848 259  7858
689 447  8911
866 453  10130
NO_ILLUSION0_WIDTH:247
640 247  1862
902 254  3442
636 485  4255
896 491  5807
Воспроизведение
667 259  6887
883 270  7981
671 465  8746
888 472  9857
NO_ILLUSION0_WIDTH:171
683 247  2993
858 256  4043
678 487  4841
861 495  6116
Воспроизведение
697 250  7580
862 253  8557
703 447  9472
861 458  10495
NO_ILLUSION0_WIDTH:247
638 248  1686
895 258  3060
639 491  3873
903 497  5444
Воспроизведение
662 250  6810
870 253  8056
651 446  8838
861 460  10309
NO_ILLUSION0_WIDTH:209
658 251  2434
870 262  3547
658 488  4399
883 495  5916
Воспроизведение
671 232  7406
880 247  8599
677 415  9591
896 433  11305
NO_ILLUSION0_WIDTH:266
626 254  1840
909 260  3286
634 497  4129
901 499  5412
Воспроизведение
645 247  6475
884 263  7533
649 463  8248
882 463  9360
NO_ILLUSION0_WIDTH:266
622 242  22934
910 251  24324
630 483  25162
906 490  26723
Воспроизведение
648 242  27812
886 251  28791
639 442  29529
886 441  30875
NO_ILLUSION0_WIDTH:152
678 245  1310
850 256  2476
689 488  3347
854 487  4550
Воспроизведение
706 242  5764
858 255  6734
691 451  7477
829 458  8457
NO_ILLUSION0_WIDTH:152
681 247  949
842 258  1920
681 488  2759
849 486  3880
Воспроизведение
700 249  5540
850 253  6499
702 429  7524
850 435  8680
