не показывать курсор
тип стимула MULLER_TOPLARGER
перпендикулярные отрезки в Оппель-Кундта каждые... пикс 19
высота перпендикулярных отрезков в Оппель-Кундта 20
угол стрелок 45
длина стрелок 20
длина штанги (1я часть) 1 152
длина штанги (1я часть) 2 171
длина штанги (1я часть) 3 209
длина штанги (1я часть) 4 247
длина штанги (1я часть) 5 266
длина штанги (1я часть) 6 152
длина штанги (1я часть) 7 171
длина штанги (1я часть) 8 209
длина штанги (1я часть) 9 247
длина штанги (1я часть) 10 266
длина штанги (2я часть) 1 152
длина штанги (2я часть) 2 171
длина штанги (2я часть) 3 209
длина штанги (2я часть) 4 247
длина штанги (2я часть) 5 266
длина штанги (2я часть) 6 152
длина штанги (2я часть) 7 171
длина штанги (2я часть) 8 209
длина штанги (2я часть) 9 247
длина штанги (2я часть) 10 266
длина "закрывашек" 20
расстояние между линиями 240
расстояние до рельсов Понзо 20
ширина линий 4
всего опытов 20
ILLUSION_TOP_LARGER_WIDTH:171
686 251  7145
855 249  8266
688 485  9426
854 490  10745
Воспроизведение
696 241  12328
854 244  13253
678 421  14091
852 427  15268
ILLUSION_TOP_LARGER_WIDTH:209
658 246  1358
870 247  2552
671 486  3604
879 490  4977
Воспроизведение
684 244  6384
887 245  7389
687 415  8239
880 420  9513
ILLUSION_TOP_LARGER_WIDTH:266
639 248  1588
901 247  3096
Воспроизведение
656 476  5161
834 477  6077
653 285  6994
878 272  8045
ILLUSION_TOP_LARGER_WIDTH:152
692 246  1513
846 243  2591
698 487  3705
847 487  5051
Воспроизведение
707 257  6360
874 259  7204
702 426  8042
864 428  9190
ILLUSION_TOP_LARGER_WIDTH:247
649 247  1597
890 246  2970
650 487  3952
889 486  5630
Воспроизведение
662 252  7955
894 247  8986
657 399  9850
887 395  11233
ILLUSION_TOP_LARGER_WIDTH:171
685 244  1650
856 252  2888
690 486  3915
854 487  5262
Воспроизведение
703 258  7046
867 263  7946
702 442  8780
851 440  9669
ILLUSION_TOP_LARGER_WIDTH:266
636 251  1500
905 247  3188
646 485  4221
904 487  6141
Воспроизведение
662 255  7589
880 255  8533
655 405  9338
872 402  10703
ILLUSION_TOP_LARGER_WIDTH:247
648 246  1475
893 247  2965
651 487  3978
889 491  5621
Воспроизведение
670 251  7074
879 251  8009
677 416  8887
880 411  10421
ILLUSION_TOP_LARGER_WIDTH:209
672 251  1695
877 249  3069
673 486  4029
876 487  5510
Воспроизведение
678 265  7187
868 269  8308
678 443  9192
869 444  10511
ILLUSION_TOP_LARGER_WIDTH:152
696 251  1963
842 246  3050
Воспроизведение
704 480  4331
852 486  5165
674 279  6210
858 275  7521
NO_ILLUSION0_WIDTH:171
679 255  1544
858 245  3178
680 486  4069
854 491  5542
Воспроизведение
694 263  7607
858 263  8470
701 435  9372
854 431  10646
NO_ILLUSION0_WIDTH:152
697 247  1700
838 250  2779
698 484  3758
850 484  5266
Воспроизведение
718 260  7329
866 263  8218
719 415  9230
867 412  10397
NO_ILLUSION0_WIDTH:266
629 246  1692
902 251  3120
645 486  4113
906 487  5631
Воспроизведение
652 256  7338
875 262  8569
649 423  9474
878 432  10759
NO_ILLUSION0_WIDTH:247
650 252  1692
887 252  2922
648 485  3806
891 492  5242
Воспроизведение
677 263  6921
876 256  7944
671 411  9055
890 408  10265
NO_ILLUSION0_WIDTH:152
693 250  1833
841 251  2802
699 482  3801
850 486  5158
Воспроизведение
721 259  6695
858 262  7665
719 409  8652
856 405  9826
NO_ILLUSION0_WIDTH:209
668 246  1696
870 251  2864
670 482  3911
879 488  5312
Воспроизведение
690 263  6976
876 268  8053
694 416  9000
868 417  10355
NO_ILLUSION0_WIDTH:209
669 252  1807
871 249  2920
662 490  3949
878 486  5367
Воспроизведение
698 259  6871
874 263  7877
679 412  8758
854 409  10033
NO_ILLUSION0_WIDTH:266
634 247  2029
899 247  3377
642 483  4388
905 488  5984
Воспроизведение
666 244  7318
878 248  8521
663 438  9508
900 442  10765
NO_ILLUSION0_WIDTH:171
682 246  1756
854 248  2878
682 483  3924
855 491  5099
Воспроизведение
690 255  6429
862 254  7525
699 415  8448
830 410  9552
NO_ILLUSION0_WIDTH:247
650 251  1717
891 249  3009
650 486  3841
902 487  5331
Воспроизведение
658 248  6552
863 249  7603
649 411  8516
879 427  9728
