не показывать курсор
тип стимула MULLER_TOPLARGER
перпендикулярные отрезки в Оппель-Кундта каждые... пикс 19
высота перпендикулярных отрезков в Оппель-Кундта 20
угол стрелок 45
длина стрелок 20
длина штанги (1я часть) 1 152
длина штанги (1я часть) 2 171
длина штанги (1я часть) 3 209
длина штанги (1я часть) 4 247
длина штанги (1я часть) 5 266
длина штанги (1я часть) 6 152
длина штанги (1я часть) 7 171
длина штанги (1я часть) 8 209
длина штанги (1я часть) 9 247
длина штанги (1я часть) 10 266
длина штанги (2я часть) 1 152
длина штанги (2я часть) 2 171
длина штанги (2я часть) 3 209
длина штанги (2я часть) 4 247
длина штанги (2я часть) 5 266
длина штанги (2я часть) 6 152
длина штанги (2я часть) 7 171
длина штанги (2я часть) 8 209
длина штанги (2я часть) 9 247
длина штанги (2я часть) 10 266
длина "закрывашек" 20
расстояние между линиями 240
расстояние до рельсов Понзо 20
ширина линий 4
всего опытов 20
ILLUSION_TOP_LARGER_WIDTH:152
678 251  2646
876 261  3435
754 406  4634
754 406  4634
690 495  5346
843 486  6133
Воспроизведение
674 254  7959
829 257  8791
670 466  9626
838 473  10643
ILLUSION_TOP_LARGER_WIDTH:171
679 246  2731
857 255  3477
694 491  4242
849 496  5024
Воспроизведение
689 259  6546
894 257  7437
667 486  8231
878 483  9263
ILLUSION_TOP_LARGER_WIDTH:171
691 257  1795
859 257  2810
686 483  3831
854 493  4823
Воспроизведение
694 241  6671
882 234  7643
702 490  8570
882 507  9444
ILLUSION_TOP_LARGER_WIDTH:209
660 258  1554
877 251  2583
652 486  3425
889 486  4601
Воспроизведение
650 244  9795
863 255  11045
654 461  12060
881 467  13588
ILLUSION_TOP_LARGER_WIDTH:247
638 243  4744
912 251  5572
631 488  6225
922 479  7541
Воспроизведение
654 266  9036
926 269  10393
655 452  11239
941 459  12563
ILLUSION_TOP_LARGER_WIDTH:209
650 253  1218
883 254  2307
672 482  2952
880 486  4002
Воспроизведение
633 249  5165
914 255  6321
635 463  7033
890 461  8445
ILLUSION_TOP_LARGER_WIDTH:152
691 252  1110
875 255  1816
690 483  2415
847 483  3259
Воспроизведение
698 262  4573
854 271  5299
694 475  6008
852 478  6993
ILLUSION_TOP_LARGER_WIDTH:266
619 257  1137
903 258  2073
644 488  2732
897 482  3556
Воспроизведение
624 261  4957
943 265  6152
615 469  6927
949 460  8353
ILLUSION_TOP_LARGER_WIDTH:266
631 247  929
940 250  2046
642 483  2612
906 489  3694
Воспроизведение
624 253  4869
942 267  6106
622 477  6720
938 478  8035
ILLUSION_TOP_LARGER_WIDTH:247
634 245  1092
898 247  1887
647 485  2486
874 483  3333
Воспроизведение
634 264  4366
913 267  5263
618 511  5965
899 500  7019
NO_ILLUSION0_WIDTH:209
659 259  1147
873 255  1927
661 491  2571
873 494  3487
Воспроизведение
661 259  4788
941 267  5914
640 496  6450
874 492  7572
NO_ILLUSION0_WIDTH:171
689 247  1160
868 252  1761
688 494  2440
858 499  3178
Воспроизведение
693 263  4808
915 259  5620
693 497  6409
919 499  7377
NO_ILLUSION0_WIDTH:209
662 243  887
871 247  1579
658 499  2154
874 503  2827
Воспроизведение
667 247  4091
924 247  4969
668 484  5673
905 480  6570
NO_ILLUSION0_WIDTH:152
688 259  967
846 256  1549
682 484  2216
839 485  2881
Воспроизведение
694 254  4354
847 263  4889
682 491  5520
826 491  6231
NO_ILLUSION0_WIDTH:266
623 259  1178
901 255  2032
632 495  2789
898 492  3555
Воспроизведение
618 259  4771
915 264  5615
666 469  6447
919 467  7256
NO_ILLUSION0_WIDTH:247
630 244  987
890 237  1646
648 491  2274
909 490  3050
Воспроизведение
632 251  4405
948 251  5389
674 464  5790
674 464  5790
674 464  5913
926 470  7165
NO_ILLUSION0_WIDTH:266
632 254  1058
902 247  1774
631 487  2338
905 490  3074
Воспроизведение
630 254  4231
949 265  5061
634 496  5605
935 493  6618
NO_ILLUSION0_WIDTH:247
631 245  778
904 259  1379
650 492  1911
900 494  2743
Воспроизведение
642 249  4149
970 266  5057
634 517  5678
906 517  6718
NO_ILLUSION0_WIDTH:171
681 229  2524
874 238  3387
682 485  4162
846 480  4971
Воспроизведение
654 243  6878
894 247  7836
647 500  8452
867 489  9406
NO_ILLUSION0_WIDTH:152
686 248  1008
850 255  1585
686 489  2172
853 486  2876
Воспроизведение
688 246  4513
886 248  5292
685 501  6033
883 493  6970
