не показывать курсор
тип стимула MULLER_TOPLARGER
перпендикулярные отрезки в Оппель-Кундта каждые... пикс 19
высота перпендикулярных отрезков в Оппель-Кундта 20
угол стрелок 45
длина стрелок 20
длина штанги (1я часть) 1 152
длина штанги (1я часть) 2 171
длина штанги (1я часть) 3 209
длина штанги (1я часть) 4 247
длина штанги (1я часть) 5 266
длина штанги (1я часть) 6 152
длина штанги (1я часть) 7 171
длина штанги (1я часть) 8 209
длина штанги (1я часть) 9 247
длина штанги (1я часть) 10 266
длина штанги (2я часть) 1 152
длина штанги (2я часть) 2 171
длина штанги (2я часть) 3 209
длина штанги (2я часть) 4 247
длина штанги (2я часть) 5 266
длина штанги (2я часть) 6 152
длина штанги (2я часть) 7 171
длина штанги (2я часть) 8 209
длина штанги (2я часть) 9 247
длина штанги (2я часть) 10 266
длина "закрывашек" 20
расстояние между линиями 240
расстояние до рельсов Понзо 20
ширина линий 4
всего опытов 20
ILLUSION_TOP_LARGER_WIDTH:152
699 256  1786
845 250  2312
701 491  3224
850 488  3907
Воспроизведение
677 250  5220
869 239  5858
670 413  6745
857 433  7499
ILLUSION_TOP_LARGER_WIDTH:209
650 255  1104
874 251  1839
657 495  2538
867 493  3298
Воспроизведение
639 258  4625
897 262  5318
650 440  6037
904 443  6964
ILLUSION_TOP_LARGER_WIDTH:171
675 250  883
870 245  1556
677 489  2341
854 485  3057
Воспроизведение
651 274  4321
849 263  4970
657 470  5908
869 468  6588
ILLUSION_TOP_LARGER_WIDTH:266
628 246  1019
918 244  1860
638 489  2672
901 487  3835
Воспроизведение
626 262  5027
886 255  5816
618 435  6659
881 427  7575
ILLUSION_TOP_LARGER_WIDTH:171
680 249  1135
856 246  1798
683 494  2582
858 486  3281
Воспроизведение
653 267  4824
859 263  5533
654 437  6441
850 439  7176
ILLUSION_TOP_LARGER_WIDTH:247
648 255  989
910 253  1766
650 494  2603
898 485  3716
Воспроизведение
623 262  5048
897 260  5873
609 443  6723
898 433  7754
ILLUSION_TOP_LARGER_WIDTH:266
629 251  901
908 251  1767
633 483  2497
899 490  3574
Воспроизведение
628 261  4816
926 254  5707
607 442  6540
914 435  7668
ILLUSION_TOP_LARGER_WIDTH:209
658 247  1009
891 246  1699
657 487  2497
870 484  3358
Воспроизведение
658 272  4818
890 265  5647
631 455  6412
870 467  7267
ILLUSION_TOP_LARGER_WIDTH:247
636 256  1012
894 255  1810
Воспроизведение
650 497  4055
943 508  5109
ILLUSION_TOP_LARGER_WIDTH:152
687 255  1084
863 254  1627
702 490  2461
846 491  3192
Воспроизведение
668 257  4629
904 259  5320
651 472  6189
850 480  6936
NO_ILLUSION0_WIDTH:247
643 248  1047
896 245  1783
646 489  2591
889 485  3795
Воспроизведение
631 263  5245
915 249  6226
602 447  7060
919 442  8229
NO_ILLUSION0_WIDTH:171
682 255  1014
849 242  1737
677 487  2512
858 488  3420
Воспроизведение
673 278  5022
910 273  5784
663 448  6664
904 442  7627
NO_ILLUSION0_WIDTH:209
660 249  972
872 244  1714
670 488  2457
875 487  3363
Воспроизведение
651 269  5244
849 268  6061
651 445  6909
845 450  7854
NO_ILLUSION0_WIDTH:152
701 254  927
847 244  1840
695 489  2739
846 495  3564
Воспроизведение
672 267  5086
872 262  5962
654 479  6862
840 484  7725
NO_ILLUSION0_WIDTH:152
698 253  1027
850 247  1680
694 485  2615
849 485  3410
Воспроизведение
685 256  4627
870 254  5471
694 449  6314
854 450  7139
NO_ILLUSION0_WIDTH:209
668 249  1008
866 247  1707
657 485  2396
864 481  3424
Воспроизведение
674 266  4960
878 267  5706
662 459  6604
885 463  7584
NO_ILLUSION0_WIDTH:266
630 255  1137
907 247  2040
627 488  2899
897 490  4015
Воспроизведение
627 259  5799
905 255  6812
626 425  7854
906 427  8932
NO_ILLUSION0_WIDTH:171
682 255  1221
847 244  1930
680 495  2828
845 488  3571
Воспроизведение
674 255  5101
868 250  5934
666 443  6872
872 438  7880
NO_ILLUSION0_WIDTH:247
638 252  990
890 239  1778
649 478  2559
884 480  3473
Воспроизведение
631 260  5062
916 256  5952
650 446  6838
911 447  7949
NO_ILLUSION0_WIDTH:266
624 247  1110
903 250  2025
626 486  2765
915 474  3790
Воспроизведение
626 263  5283
932 259  6176
622 459  7133
893 472  8206
