не показывать курсор
тип стимула MULLER_TOPLARGER
перпендикулярные отрезки в Оппель-Кундта каждые... пикс 19
высота перпендикулярных отрезков в Оппель-Кундта 20
угол стрелок 45
длина стрелок 20
длина штанги (1я часть) 1 152
длина штанги (1я часть) 2 171
длина штанги (1я часть) 3 209
длина штанги (1я часть) 4 247
длина штанги (1я часть) 5 266
длина штанги (1я часть) 6 152
длина штанги (1я часть) 7 171
длина штанги (1я часть) 8 209
длина штанги (1я часть) 9 247
длина штанги (1я часть) 10 266
длина штанги (2я часть) 1 152
длина штанги (2я часть) 2 171
длина штанги (2я часть) 3 209
длина штанги (2я часть) 4 247
длина штанги (2я часть) 5 266
длина штанги (2я часть) 6 152
длина штанги (2я часть) 7 171
длина штанги (2я часть) 8 209
длина штанги (2я часть) 9 247
длина штанги (2я часть) 10 266
длина "закрывашек" 20
расстояние между линиями 240
расстояние до рельсов Понзо 20
ширина линий 4
всего опытов 20
ILLUSION_TOP_LARGER_WIDTH:152
697 250  3152
848 250  4201
702 486  5514
834 486  6495
Воспроизведение
675 266  8213
824 265  9017
675 531  10125
845 531  10972
ILLUSION_TOP_LARGER_WIDTH:152
692 246  1472
850 246  2471
698 485  3530
834 487  4526
Воспроизведение
690 264  6010
840 262  6792
682 512  7774
853 520  8740
ILLUSION_TOP_LARGER_WIDTH:247
648 247  1274
898 251  2230
648 481  3284
887 487  4242
Воспроизведение
660 271  5920
853 268  6740
651 503  7798
857 510  8753
ILLUSION_TOP_LARGER_WIDTH:266
639 258  1421
902 256  2601
646 489  3491
897 488  4405
Воспроизведение
654 259  6085
895 257  7026
650 511  8164
870 517  8990
ILLUSION_TOP_LARGER_WIDTH:171
679 255  1091
856 249  1887
691 486  2796
842 491  3506
Воспроизведение
694 266  4820
856 265  5541
702 514  6470
860 515  7258
ILLUSION_TOP_LARGER_WIDTH:209
664 251  866
874 251  1592
676 486  2520
860 487  3344
Воспроизведение
677 271  4741
857 271  5415
658 510  6528
845 509  7326
ILLUSION_TOP_LARGER_WIDTH:247
647 255  1069
897 249  2001
653 481  2991
886 489  4004
Воспроизведение
662 256  5037
886 262  5790
669 499  6648
871 512  7433
ILLUSION_TOP_LARGER_WIDTH:209
667 253  889
877 249  1544
679 487  2450
862 481  3253
Воспроизведение
681 262  4416
880 258  5147
706 487  6204
880 493  6865
ILLUSION_TOP_LARGER_WIDTH:171
678 260  1244
853 251  2177
682 486  2958
844 485  3720
Воспроизведение
676 269  5051
854 267  5923
675 466  6805
846 471  7590
ILLUSION_TOP_LARGER_WIDTH:266
630 247  992
911 243  2091
644 487  2904
890 490  3861
Воспроизведение
641 279  5236
881 282  6250
650 500  7179
888 506  7896
NO_ILLUSION0_WIDTH:171
681 255  850
850 247  1660
689 483  2512
850 490  3426
Воспроизведение
679 261  4411
868 259  5217
698 506  6155
871 519  6847
NO_ILLUSION0_WIDTH:209
666 251  874
869 255  1519
666 489  2364
871 493  3079
Воспроизведение
653 275  4229
875 269  5161
696 533  6177
895 535  6809
NO_ILLUSION0_WIDTH:266
632 255  930
898 252  1948
635 482  2794
899 486  3750
Воспроизведение
657 260  5308
911 262  6231
677 513  7317
900 517  8220
NO_ILLUSION0_WIDTH:171
677 251  1053
852 247  1923
680 477  2661
856 484  3367
Воспроизведение
691 268  5488
865 265  6104
688 488  7053
864 496  7798
NO_ILLUSION0_WIDTH:266
630 254  1017
906 253  1922
631 488  2669
898 493  3544
Воспроизведение
642 265  4789
874 263  5643
648 503  6515
868 515  7238
NO_ILLUSION0_WIDTH:152
698 259  995
841 252  1755
699 489  2606
845 487  3420
Воспроизведение
703 264  4722
853 258  5589
704 498  6476
880 501  7152
NO_ILLUSION0_WIDTH:247
634 251  879
898 253  1792
647 487  2621
894 490  3370
Воспроизведение
653 270  4729
894 270  5538
646 516  6478
878 518  7578
NO_ILLUSION0_WIDTH:247
650 256  934
889 246  1731
646 489  2533
896 490  3343
Воспроизведение
630 279  4576
900 282  5516
659 516  6421
890 519  7233
NO_ILLUSION0_WIDTH:152
687 249  905
849 248  1631
690 482  2450
841 487  3161
Воспроизведение
684 259  4267
862 264  5043
701 507  6020
870 515  6639
NO_ILLUSION0_WIDTH:209
653 248  1009
870 253  1879
666 480  2682
862 484  3455
Воспроизведение
647 261  4637
888 258  5462
650 509  6405
863 515  7137
