не показывать курсор
тип стимула MULLER_TOPLARGER
перпендикулярные отрезки в Оппель-Кундта каждые... пикс 19
высота перпендикулярных отрезков в Оппель-Кундта 20
угол стрелок 45
длина стрелок 20
длина штанги (1я часть) 1 152
длина штанги (1я часть) 2 171
длина штанги (1я часть) 3 209
длина штанги (1я часть) 4 247
длина штанги (1я часть) 5 266
длина штанги (1я часть) 6 152
длина штанги (1я часть) 7 171
длина штанги (1я часть) 8 209
длина штанги (1я часть) 9 247
длина штанги (1я часть) 10 266
длина штанги (2я часть) 1 152
длина штанги (2я часть) 2 171
длина штанги (2я часть) 3 209
длина штанги (2я часть) 4 247
длина штанги (2я часть) 5 266
длина штанги (2я часть) 6 152
длина штанги (2я часть) 7 171
длина штанги (2я часть) 8 209
длина штанги (2я часть) 9 247
длина штанги (2я часть) 10 266
длина "закрывашек" 20
расстояние между линиями 240
расстояние до рельсов Понзо 20
ширина линий 4
всего опытов 20
ILLUSION_TOP_LARGER_WIDTH:171
689 257  1718
847 260  2210
699 487  2880
848 503  3371
Воспроизведение
680 257  4606
876 271  5212
679 504  6028
870 523  6618
ILLUSION_TOP_LARGER_WIDTH:209
670 248  772
879 263  1305
686 494  2007
866 499  2596
Воспроизведение
674 271  3986
888 277  4617
689 508  5384
842 523  5914
ILLUSION_TOP_LARGER_WIDTH:247
659 248  851
895 260  1450
662 490  2126
878 499  2789
Воспроизведение
644 257  3965
871 268  4641
680 519  5462
889 522  6176
ILLUSION_TOP_LARGER_WIDTH:171
687 257  673
859 263  1169
694 487  1837
838 497  2299
Воспроизведение
675 279  3567
853 287  4190
699 535  5037
856 541  5632
ILLUSION_TOP_LARGER_WIDTH:247
650 250  810
890 260  1433
662 476  2079
881 491  2759
Воспроизведение
644 263  3822
902 267  4550
650 511  5504
881 516  6255
ILLUSION_TOP_LARGER_WIDTH:266
643 243  817
903 260  1473
654 488  2103
887 495  2763
Воспроизведение
639 255  3753
910 270  4457
646 515  5229
906 527  5955
ILLUSION_TOP_LARGER_WIDTH:152
689 244  646
875 269  1110
710 491  1748
834 489  2220
Воспроизведение
701 259  3335
889 268  3975
719 488  4705
870 497  5214
ILLUSION_TOP_LARGER_WIDTH:152
689 251  704
848 258  1204
705 484  1879
838 496  2453
Воспроизведение
686 271  3526
886 279  4137
705 515  4965
881 523  5571
ILLUSION_TOP_LARGER_WIDTH:209
667 244  742
882 260  1285
677 481  1969
870 488  2511
Воспроизведение
666 270  3572
884 278  4268
682 514  5050
871 521  5647
ILLUSION_TOP_LARGER_WIDTH:266
646 248  748
890 255  1385
650 484  1962
887 493  2561
Воспроизведение
633 260  3701
881 275  4444
662 516  5242
870 525  5916
NO_ILLUSION0_WIDTH:266
635 251  719
902 255  1325
639 479  1924
894 498  2574
Воспроизведение
642 279  3741
902 287  4494
658 516  5274
886 518  6012
NO_ILLUSION0_WIDTH:247
645 247  778
895 258  1363
654 481  2006
882 493  2614
Воспроизведение
635 262  4125
893 269  4755
646 514  5514
872 532  6078
NO_ILLUSION0_WIDTH:152
694 252  806
854 267  1263
703 490  1944
837 491  2420
Воспроизведение
687 261  3600
850 263  4209
689 523  5024
866 527  5671
NO_ILLUSION0_WIDTH:171
691 249  741
852 263  1254
691 486  1920
846 495  2428
Воспроизведение
691 268  3521
862 279  4165
691 513  4963
849 523  5507
NO_ILLUSION0_WIDTH:247
657 247  841
886 259  1492
654 491  2600
885 491  3197
Воспроизведение
666 267  4527
869 273  5197
677 518  5980
866 530  6598
NO_ILLUSION0_WIDTH:266
642 249  885
894 258  1505
650 489  2140
895 501  2785
Воспроизведение
658 253  3880
894 272  4564
650 523  5287
886 535  5961
NO_ILLUSION0_WIDTH:209
675 243  754
870 263  1311
685 483  1899
865 491  2431
Воспроизведение
662 267  3615
886 279  4254
665 520  4988
876 529  5622
NO_ILLUSION0_WIDTH:152
693 246  938
850 268  1510
719 487  2111
838 489  2684
Воспроизведение
688 251  4103
854 262  4710
689 519  5498
869 533  6002
NO_ILLUSION0_WIDTH:171
691 243  925
848 254  1511
694 479  2113
854 495  2606
Воспроизведение
683 265  3776
863 275  4356
687 507  5104
859 517  5619
NO_ILLUSION0_WIDTH:209
669 240  746
877 253  1319
672 488  1974
870 493  2485
Воспроизведение
668 261  3810
867 268  4421
672 515  5194
861 522  5941
