не показывать курсор
тип стимула MULLER_TOPLARGER
перпендикулярные отрезки в Оппель-Кундта каждые... пикс 19
высота перпендикулярных отрезков в Оппель-Кундта 20
угол стрелок 45
длина стрелок 20
длина штанги (1я часть) 1 152
длина штанги (1я часть) 2 171
длина штанги (1я часть) 3 209
длина штанги (1я часть) 4 247
длина штанги (1я часть) 5 266
длина штанги (1я часть) 6 152
длина штанги (1я часть) 7 171
длина штанги (1я часть) 8 209
длина штанги (1я часть) 9 247
длина штанги (1я часть) 10 266
длина штанги (2я часть) 1 152
длина штанги (2я часть) 2 171
длина штанги (2я часть) 3 209
длина штанги (2я часть) 4 247
длина штанги (2я часть) 5 266
длина штанги (2я часть) 6 152
длина штанги (2я часть) 7 171
длина штанги (2я часть) 8 209
длина штанги (2я часть) 9 247
длина штанги (2я часть) 10 266
длина "закрывашек" 20
расстояние между линиями 240
расстояние до рельсов Понзо 20
ширина линий 4
всего опытов 20
ILLUSION_TOP_LARGER_WIDTH:266
627 250  2181
913 255  3149
644 490  4009
890 486  4949
Воспроизведение
642 293  8247
937 302  9300
649 487  10261
949 479  11301
ILLUSION_TOP_LARGER_WIDTH:247
626 240  6466
902 247  7258
648 489  8133
884 487  8915
Воспроизведение
633 247  10245
897 251  11066
641 451  12015
885 464  12897
ILLUSION_TOP_LARGER_WIDTH:247
630 242  1535
894 246  2331
650 480  3256
877 483  4069
Воспроизведение
626 245  7130
889 247  8013
651 448  9197
904 453  10096
ILLUSION_TOP_LARGER_WIDTH:209
654 247  1402
877 251  2046
677 484  2879
869 488  3477
Воспроизведение
665 242  5735
872 255  6343
661 485  7313
871 483  8276
ILLUSION_TOP_LARGER_WIDTH:171
674 233  1588
880 254  2113
677 490  3065
850 480  3573
Воспроизведение
666 250  5514
866 256  6139
683 473  7030
852 475  7783
ILLUSION_TOP_LARGER_WIDTH:152
676 246  1875
879 257  2466
691 479  3251
841 481  3761
Воспроизведение
671 267  7655
872 267  8177
672 503  9107
840 507  9746
ILLUSION_TOP_LARGER_WIDTH:209
651 242  1656
889 257  2273
662 498  3172
865 480  3882
Воспроизведение
670 253  7960
890 257  8538
667 495  9416
856 496  10137
ILLUSION_TOP_LARGER_WIDTH:152
675 240  1350
852 248  1849
702 490  2744
847 491  3204
Воспроизведение
678 247  4739
844 251  5410
695 497  6409
838 491  7104
ILLUSION_TOP_LARGER_WIDTH:266
622 243  1429
912 252  2139
626 484  2932
907 482  3673
Воспроизведение
628 255  5519
905 261  6321
644 479  7235
907 479  8013
ILLUSION_TOP_LARGER_WIDTH:171
667 242  1278
858 243  1828
678 489  2627
854 493  3167
Воспроизведение
675 261  5489
874 264  6039
655 510  6945
884 511  7688
NO_ILLUSION0_WIDTH:209
659 240  1303
878 260  1848
660 490  2637
874 491  3150
Воспроизведение
670 262  4724
866 270  5332
668 506  6269
902 513  6917
NO_ILLUSION0_WIDTH:209
651 240  1342
889 252  1838
656 486  2642
868 478  3209
Воспроизведение
666 252  4628
876 263  5175
665 491  6070
866 489  6646
NO_ILLUSION0_WIDTH:171
681 243  1240
860 246  1638
680 479  2433
859 495  2931
Воспроизведение
702 257  4399
855 256  4847
713 509  5711
867 511  6373
NO_ILLUSION0_WIDTH:266
628 237  1284
892 247  1848
630 490  2592
898 486  3342
Воспроизведение
626 245  5065
909 247  5794
625 499  6497
929 499  7295
NO_ILLUSION0_WIDTH:247
643 244  1176
887 255  1699
646 487  2463
896 490  3065
Воспроизведение
645 235  4762
887 237  5267
653 511  6103
886 522  6629
NO_ILLUSION0_WIDTH:171
672 251  1240
855 249  1753
675 483  2532
885 495  3017
Воспроизведение
693 251  4748
852 259  5174
700 509  6049
882 511  6673
NO_ILLUSION0_WIDTH:152
683 235  1577
843 238  1990
677 486  2753
843 491  3195
Воспроизведение
690 234  4793
827 235  5242
686 526  6199
860 522  6689
NO_ILLUSION0_WIDTH:152
694 244  1445
858 252  1895
690 496  2675
862 505  3240
Воспроизведение
683 235  5360
846 236  5878
685 516  6895
853 519  7530
NO_ILLUSION0_WIDTH:266
640 248  1658
905 253  2212
634 491  2907
894 493  3540
Воспроизведение
616 236  5075
923 240  5902
648 513  6701
925 519  7417
NO_ILLUSION0_WIDTH:247
639 246  1148
899 246  1705
642 483  2380
896 495  2980
Воспроизведение
647 236  4654
906 243  5298
654 520  6094
952 511  6692
