не показывать курсор
тип стимула MULLER_TOPLARGER
перпендикулярные отрезки в Оппель-Кундта каждые... пикс 19
высота перпендикулярных отрезков в Оппель-Кундта 20
угол стрелок 45
длина стрелок 20
длина штанги (1я часть) 1 152
длина штанги (1я часть) 2 171
длина штанги (1я часть) 3 209
длина штанги (1я часть) 4 247
длина штанги (1я часть) 5 266
длина штанги (1я часть) 6 152
длина штанги (1я часть) 7 171
длина штанги (1я часть) 8 209
длина штанги (1я часть) 9 247
длина штанги (1я часть) 10 266
длина штанги (2я часть) 1 152
длина штанги (2я часть) 2 171
длина штанги (2я часть) 3 209
длина штанги (2я часть) 4 247
длина штанги (2я часть) 5 266
длина штанги (2я часть) 6 152
длина штанги (2я часть) 7 171
длина штанги (2я часть) 8 209
длина штанги (2я часть) 9 247
длина штанги (2я часть) 10 266
длина "закрывашек" 20
расстояние между линиями 240
расстояние до рельсов Понзо 20
ширина линий 4
всего опытов 20
ILLUSION_TOP_LARGER_WIDTH:152
691 251  13491
853 247  14038
692 488  16474
841 485  17062
Воспроизведение
647 271  19745
879 266  20308
674 383  21311
864 381  21926
ILLUSION_TOP_LARGER_WIDTH:266
636 253  1800
903 247  2431
650 480  3165
899 481  3787
Воспроизведение
649 259  5464
946 264  6060
657 427  6857
928 425  7516
ILLUSION_TOP_LARGER_WIDTH:209
671 248  1706
884 250  2317
671 487  3058
878 488  3688
Воспроизведение
670 259  5289
893 272  5855
687 422  6638
898 426  7204
ILLUSION_TOP_LARGER_WIDTH:247
648 242  1536
895 248  2263
651 481  3056
894 489  3748
Воспроизведение
670 257  5236
930 269  5893
691 443  6589
918 450  7200
ILLUSION_TOP_LARGER_WIDTH:152
697 244  1784
845 252  2272
702 479  3147
838 486  3776
Воспроизведение
686 268  5407
868 271  5884
713 409  6586
854 411  7090
ILLUSION_TOP_LARGER_WIDTH:209
658 252  1380
877 253  1898
674 486  2509
870 485  3222
Воспроизведение
667 243  4740
881 251  5227
687 420  5790
872 413  6278
ILLUSION_TOP_LARGER_WIDTH:247
640 251  1242
889 255  1825
658 483  2407
892 479  2943
Воспроизведение
650 255  4241
920 261  4764
670 450  5480
904 444  6047
ILLUSION_TOP_LARGER_WIDTH:171
676 245  1125
854 250  1581
702 477  2177
858 482  2885
Воспроизведение
682 267  4203
870 276  4721
675 415  5273
857 415  5745
ILLUSION_TOP_LARGER_WIDTH:266
629 259  1034
904 258  1605
651 492  2150
893 484  2687
Воспроизведение
645 259  4002
883 250  4490
651 432  5087
873 427  5574
ILLUSION_TOP_LARGER_WIDTH:171
676 247  1256
858 251  1698
690 487  2311
859 481  2924
Воспроизведение
667 255  4302
871 257  4821
688 443  5446
874 427  5949
NO_ILLUSION0_WIDTH:266
634 245  1266
898 247  1863
637 491  2506
906 477  3215
Воспроизведение
651 266  4702
922 275  5280
670 447  5898
919 438  6478
NO_ILLUSION0_WIDTH:247
650 245  1331
882 252  1895
643 491  2524
900 487  3106
Воспроизведение
670 265  4455
888 270  5033
670 451  5527
889 447  6077
NO_ILLUSION0_WIDTH:209
662 258  1114
865 251  1650
662 483  2184
876 483  2720
Воспроизведение
675 247  4194
897 255  4666
706 435  5308
890 431  5751
NO_ILLUSION0_WIDTH:247
644 255  1191
882 252  1724
646 486  2386
893 483  2935
Воспроизведение
666 270  4193
894 274  4809
680 482  5375
907 468  5846
NO_ILLUSION0_WIDTH:152
687 246  1001
848 256  1490
695 487  2038
853 483  2496
Воспроизведение
704 249  3748
856 263  4112
711 457  4707
855 455  5109
NO_ILLUSION0_WIDTH:152
686 251  988
831 249  1413
699 484  1962
847 484  2339
Воспроизведение
697 241  3484
860 249  3924
702 431  4568
851 420  4882
NO_ILLUSION0_WIDTH:209
654 238  957
866 247  1444
668 478  1977
868 475  2534
Воспроизведение
678 257  3669
895 268  4157
682 451  4659
870 445  5052
NO_ILLUSION0_WIDTH:171
670 248  914
854 250  1370
685 489  1872
865 476  2312
Воспроизведение
705 255  3424
905 259  3874
724 452  4349
878 449  4726
NO_ILLUSION0_WIDTH:266
628 256  959
891 249  1490
626 482  2011
878 479  2573
Воспроизведение
658 248  3860
933 247  4364
655 447  4913
896 435  5370
NO_ILLUSION0_WIDTH:171
680 244  921
851 249  1317
676 487  1836
863 487  2276
Воспроизведение
685 259  3465
874 265  3907
691 467  4442
863 463  4820
