не показывать курсор
тип стимула MULLER_TOPLARGER
перпендикулярные отрезки в Оппель-Кундта каждые... пикс 19
высота перпендикулярных отрезков в Оппель-Кундта 20
угол стрелок 45
длина стрелок 20
длина штанги (1я часть) 1 152
длина штанги (1я часть) 2 171
длина штанги (1я часть) 3 209
длина штанги (1я часть) 4 247
длина штанги (1я часть) 5 266
длина штанги (1я часть) 6 152
длина штанги (1я часть) 7 171
длина штанги (1я часть) 8 209
длина штанги (1я часть) 9 247
длина штанги (1я часть) 10 266
длина штанги (2я часть) 1 152
длина штанги (2я часть) 2 171
длина штанги (2я часть) 3 209
длина штанги (2я часть) 4 247
длина штанги (2я часть) 5 266
длина штанги (2я часть) 6 152
длина штанги (2я часть) 7 171
длина штанги (2я часть) 8 209
длина штанги (2я часть) 9 247
длина штанги (2я часть) 10 266
длина "закрывашек" 20
расстояние между линиями 240
расстояние до рельсов Понзо 20
ширина линий 4
всего опытов 20
ILLUSION_TOP_LARGER_WIDTH:247
632 243  10090
902 251  10652
654 497  11315
874 491  11844
Воспроизведение
671 235  12962
929 243  13433
659 478  13980
899 479  14453
ILLUSION_TOP_LARGER_WIDTH:247
640 249  1000
885 243  1536
642 496  2020
882 496  2605
Воспроизведение
658 239  3750
932 244  4161
662 448  4646
896 456  5166
ILLUSION_TOP_LARGER_WIDTH:171
679 247  982
858 244  1405
698 490  2002
851 497  2446
Воспроизведение
685 240  3760
908 239  4172
673 467  4688
870 467  5224
ILLUSION_TOP_LARGER_WIDTH:209
669 248  955
866 251  1426
676 485  2015
875 492  2683
Воспроизведение
678 243  3911
926 253  4420
677 442  4981
877 451  5459
ILLUSION_TOP_LARGER_WIDTH:152
691 248  1063
846 255  1566
702 485  2207
850 493  2670
Воспроизведение
682 221  4963
903 234  5482
701 411  6127
896 415  6558
ILLUSION_TOP_LARGER_WIDTH:266
640 253  999
898 247  1648
649 487  2335
906 487  3018
Воспроизведение
646 239  4056
925 253  4561
642 453  5064
905 444  5572
ILLUSION_TOP_LARGER_WIDTH:266
634 239  1055
901 243  1575
630 486  2171
909 490  2631
Воспроизведение
650 243  3826
958 259  4324
650 459  4849
931 463  5278
ILLUSION_TOP_LARGER_WIDTH:152
694 254  988
855 261  1497
704 485  2088
860 491  2440
Воспроизведение
679 238  3658
869 250  4006
676 464  4598
843 457  5054
ILLUSION_TOP_LARGER_WIDTH:209
654 240  1018
882 252  1489
674 490  2099
878 489  2538
Воспроизведение
679 234  3691
906 255  4084
676 429  4645
882 440  5085
ILLUSION_TOP_LARGER_WIDTH:171
668 252  1065
846 247  1522
694 498  2097
850 499  2564
Воспроизведение
700 257  3839
889 267  4231
700 441  4830
863 455  5176
NO_ILLUSION0_WIDTH:247
643 246  1000
893 255  1557
647 483  2129
891 488  2708
Воспроизведение
666 244  3898
920 259  4399
650 442  5014
888 448  5455
NO_ILLUSION0_WIDTH:209
658 253  987
874 250  1558
659 487  2126
878 492  2715
Воспроизведение
676 245  3798
880 255  4265
678 441  4798
860 439  5220
NO_ILLUSION0_WIDTH:152
701 251  1130
859 252  1491
690 487  2008
846 493  2574
Воспроизведение
690 250  3654
902 262  4095
701 414  4689
877 421  5145
NO_ILLUSION0_WIDTH:171
681 252  1094
851 251  1550
676 490  2113
849 496  2552
Воспроизведение
698 232  3663
923 243  4118
690 426  4665
882 434  5105
NO_ILLUSION0_WIDTH:266
635 259  996
908 245  1534
639 481  2097
905 486  2582
Воспроизведение
654 266  3800
923 277  4293
654 465  4877
903 466  5375
NO_ILLUSION0_WIDTH:171
680 252  1116
845 247  1544
688 486  2170
854 485  2567
Воспроизведение
694 255  3773
890 251  4260
675 458  4792
873 452  5310
NO_ILLUSION0_WIDTH:152
688 253  963
846 250  1381
695 488  2010
847 481  2494
Воспроизведение
694 248  3560
876 243  4057
691 444  4722
854 451  5188
NO_ILLUSION0_WIDTH:266
631 250  1022
900 248  1593
638 483  2205
899 488  2772
Воспроизведение
651 256  3937
917 260  4507
647 459  5054
904 476  5672
NO_ILLUSION0_WIDTH:247
642 255  986
882 255  1551
646 481  2301
890 496  2875
Воспроизведение
653 259  4073
899 271  4561
655 471  5111
895 472  5644
NO_ILLUSION0_WIDTH:209
654 256  997
872 256  1563
665 488  2131
870 488  2623
Воспроизведение
681 239  4101
932 257  4573
664 467  5108
903 466  5580
