не показывать курсор
тип стимула MULLER_TOPLARGER
перпендикулярные отрезки в Оппель-Кундта каждые... пикс 19
высота перпендикулярных отрезков в Оппель-Кундта 20
угол стрелок 45
длина стрелок 20
длина штанги (1я часть) 1 152
длина штанги (1я часть) 2 171
длина штанги (1я часть) 3 209
длина штанги (1я часть) 4 247
длина штанги (1я часть) 5 266
длина штанги (1я часть) 6 152
длина штанги (1я часть) 7 171
длина штанги (1я часть) 8 209
длина штанги (1я часть) 9 247
длина штанги (1я часть) 10 266
длина штанги (2я часть) 1 152
длина штанги (2я часть) 2 171
длина штанги (2я часть) 3 209
длина штанги (2я часть) 4 247
длина штанги (2я часть) 5 266
длина штанги (2я часть) 6 152
длина штанги (2я часть) 7 171
длина штанги (2я часть) 8 209
длина штанги (2я часть) 9 247
длина штанги (2я часть) 10 266
длина "закрывашек" 20
расстояние между линиями 240
расстояние до рельсов Понзо 20
ширина линий 4
всего опытов 20
ILLUSION_TOP_LARGER_WIDTH:152
694 254  9447
844 254  10583
700 487  12162
842 491  13864
Воспроизведение
655 267  16059
879 267  17564
661 466  19327
828 471  20745
ILLUSION_TOP_LARGER_WIDTH:247
642 246  2555
886 254  4858
650 490  6295
886 489  8771
Воспроизведение
632 263  12237
934 268  15457
650 447  16999
920 457  19113
ILLUSION_TOP_LARGER_WIDTH:209
668 249  2085
877 250  4131
674 488  5645
874 490  7646
Воспроизведение
659 256  9615
879 255  11649
703 446  13822
887 463  15149
ILLUSION_TOP_LARGER_WIDTH:152
690 252  2030
847 248  3858
700 485  5540
838 491  6957
Воспроизведение
674 271  8955
866 266  10584
657 473  11843
861 479  13737
ILLUSION_TOP_LARGER_WIDTH:171
682 251  2960
857 247  4757
679 484  6135
848 489  8044
Воспроизведение
656 279  10026
889 269  11892
683 458  13258
856 456  15021
ILLUSION_TOP_LARGER_WIDTH:266
640 248  1831
898 249  4184
645 492  5665
898 487  8424
Воспроизведение
624 260  10501
910 259  12673
649 446  14011
889 449  16172
ILLUSION_TOP_LARGER_WIDTH:209
656 251  1670
867 246  3689
673 491  4987
863 487  7309
Воспроизведение
642 265  8975
882 273  10875
638 455  12213
870 451  13997
ILLUSION_TOP_LARGER_WIDTH:266
628 247  5450
899 246  7693
638 483  9284
893 483  11712
Воспроизведение
614 269  13743
923 270  15871
625 479  17012
894 483  18919
ILLUSION_TOP_LARGER_WIDTH:171
686 251  2006
849 247  3301
683 480  4513
848 491  5746
Воспроизведение
656 264  7701
894 263  9204
657 457  10241
855 463  11638
ILLUSION_TOP_LARGER_WIDTH:247
644 249  1823
891 250  3834
650 489  5172
890 488  6961
Воспроизведение
643 267  8740
918 272  10527
664 471  11708
902 480  13239
NO_ILLUSION0_WIDTH:266
630 255  2974
902 252  5544
646 486  6917
900 495  9239
Воспроизведение
624 259  10578
918 250  12362
625 455  13370
913 468  15313
NO_ILLUSION0_WIDTH:171
683 254  1935
849 250  3467
685 483  4615
853 494  6178
Воспроизведение
677 262  7579
890 250  8910
698 467  10005
902 475  11516
NO_ILLUSION0_WIDTH:152
694 248  1876
839 245  3105
699 491  4276
845 491  5523
Воспроизведение
665 259  6893
870 262  8110
678 474  9131
859 478  10509
NO_ILLUSION0_WIDTH:209
661 253  1769
875 252  3910
699 498  5719
875 492  7007
Воспроизведение
650 250  8409
884 243  9892
650 443  10995
874 447  12593
NO_ILLUSION0_WIDTH:247
650 247  1652
886 246  3548
645 483  4856
891 487  6716
Воспроизведение
634 266  8696
940 263  10861
650 451  12152
922 463  14250
NO_ILLUSION0_WIDTH:247
647 251  2065
890 245  3945
646 486  5192
896 486  6705
Воспроизведение
625 263  7933
881 257  9389
638 455  10491
885 451  11865
NO_ILLUSION0_WIDTH:171
684 251  1820
854 252  3213
690 493  4348
860 493  5669
Воспроизведение
658 258  7103
867 259  8445
666 473  9485
870 471  11006
NO_ILLUSION0_WIDTH:209
668 255  2421
873 249  3861
663 486  5192
872 496  6678
Воспроизведение
666 259  8048
920 271  9367
677 471  10462
890 467  11886
NO_ILLUSION0_WIDTH:266
639 250  1453
903 254  2981
641 492  4109
905 485  5798
Воспроизведение
624 252  7080
919 254  8796
648 446  9824
926 449  11534
NO_ILLUSION0_WIDTH:152
691 259  1388
848 251  2687
690 487  3644
850 499  4685
Воспроизведение
675 256  6073
876 245  7274
687 493  8459
894 501  9628
