не показывать курсор
тип стимула MULLER_TOPLARGER
перпендикулярные отрезки в Оппель-Кундта каждые... пикс 19
высота перпендикулярных отрезков в Оппель-Кундта 20
угол стрелок 45
длина стрелок 20
длина штанги (1я часть) 1 152
длина штанги (1я часть) 2 171
длина штанги (1я часть) 3 209
длина штанги (1я часть) 4 247
длина штанги (1я часть) 5 266
длина штанги (1я часть) 6 152
длина штанги (1я часть) 7 171
длина штанги (1я часть) 8 209
длина штанги (1я часть) 9 247
длина штанги (1я часть) 10 266
длина штанги (2я часть) 1 152
длина штанги (2я часть) 2 171
длина штанги (2я часть) 3 209
длина штанги (2я часть) 4 247
длина штанги (2я часть) 5 266
длина штанги (2я часть) 6 152
длина штанги (2я часть) 7 171
длина штанги (2я часть) 8 209
длина штанги (2я часть) 9 247
длина штанги (2я часть) 10 266
длина "закрывашек" 20
расстояние между линиями 240
расстояние до рельсов Понзо 20
ширина линий 4
всего опытов 20
ILLUSION_TOP_LARGER_WIDTH:209
663 259  5821
871 253  6881
660 489  7888
868 486  9166
Воспроизведение
643 270  10721
865 263  12023
642 478  12931
872 473  14304
ILLUSION_TOP_LARGER_WIDTH:152
693 262  1059
838 254  1990
691 493  2982
838 487  4102
Воспроизведение
663 255  5457
860 245  6594
662 483  7509
864 475  8776
ILLUSION_TOP_LARGER_WIDTH:247
639 256  1005
882 254  2411
649 492  3419
890 487  4934
Воспроизведение
632 268  6399
896 261  7815
648 472  8820
870 475  10423
ILLUSION_TOP_LARGER_WIDTH:209
658 260  1247
861 256  2890
672 495  4084
863 493  5568
Воспроизведение
622 263  7200
877 264  8891
640 483  9979
842 502  12543
ILLUSION_TOP_LARGER_WIDTH:171
672 256  1626
846 259  3145
683 492  4247
854 487  5779
Воспроизведение
654 259  7101
862 246  8309
670 458  9360
874 442  10782
ILLUSION_TOP_LARGER_WIDTH:171
671 253  1211
843 247  2703
684 489  3755
848 489  5357
Воспроизведение
654 275  7527
879 270  9008
678 485  9896
855 482  11467
ILLUSION_TOP_LARGER_WIDTH:152
688 258  1432
842 249  2583
697 488  3576
836 490  4620
Воспроизведение
666 262  6598
862 258  8068
698 474  8916
872 468  9991
ILLUSION_TOP_LARGER_WIDTH:247
636 248  1336
884 251  3040
642 487  4081
885 489  5662
Воспроизведение
650 259  7266
915 255  8817
675 479  9820
910 477  11432
ILLUSION_TOP_LARGER_WIDTH:266
625 256  1384
886 252  3098
638 491  4059
888 487  5574
Воспроизведение
613 266  6738
910 247  8132
632 441  8983
914 439  10452
ILLUSION_TOP_LARGER_WIDTH:266
634 259  914
895 251  2415
637 501  3361
906 496  4877
Воспроизведение
591 275  6497
890 262  8457
620 483  9411
879 479  10830
NO_ILLUSION0_WIDTH:209
664 255  1034
865 250  2238
667 489  3177
871 479  4220
Воспроизведение
646 263  5345
875 257  6468
664 486  7335
862 477  8408
NO_ILLUSION0_WIDTH:266
624 250  1104
898 243  2620
633 493  3540
903 490  4941
Воспроизведение
622 256  6028
904 258  7545
635 479  8407
898 470  9687
NO_ILLUSION0_WIDTH:152
690 246  969
842 248  2129
697 491  3058
850 483  4216
Воспроизведение
694 262  6226
867 259  7366
700 445  8594
880 436  9652
NO_ILLUSION0_WIDTH:247
643 243  966
886 247  2365
649 490  3230
890 487  4636
Воспроизведение
634 259  5660
890 256  6894
650 502  7758
929 478  9212
NO_ILLUSION0_WIDTH:171
676 248  944
842 251  1921
690 493  2808
858 491  3753
Воспроизведение
666 251  4822
863 244  5926
699 499  6854
869 493  7906
NO_ILLUSION0_WIDTH:171
675 249  928
846 246  1953
683 490  2865
865 489  4020
Воспроизведение
668 264  5777
854 259  6771
661 499  7670
853 493  8837
NO_ILLUSION0_WIDTH:152
686 254  929
839 250  2135
693 489  2965
842 489  4111
Воспроизведение
666 259  5237
847 253  6230
690 467  7363
867 455  8690
NO_ILLUSION0_WIDTH:247
634 255  976
880 253  2544
642 487  3426
908 483  5249
Воспроизведение
629 259  6583
894 245  8077
646 501  8929
921 482  10417
NO_ILLUSION0_WIDTH:209
645 248  1034
870 244  2342
658 495  3191
876 487  4435
Воспроизведение
641 260  5629
887 259  6796
645 501  7757
902 491  9353
NO_ILLUSION0_WIDTH:266
626 258  1021
891 248  2472
627 493  3399
902 491  4707
Воспроизведение
615 262  6001
894 255  7463
618 475  8235
924 473  9827
