не показывать курсор
тип стимула MULLER_TOPLARGER
перпендикулярные отрезки в Оппель-Кундта каждые... пикс 19
высота перпендикулярных отрезков в Оппель-Кундта 20
угол стрелок 45
длина стрелок 20
длина штанги (1я часть) 1 152
длина штанги (1я часть) 2 171
длина штанги (1я часть) 3 209
длина штанги (1я часть) 4 247
длина штанги (1я часть) 5 266
длина штанги (1я часть) 6 152
длина штанги (1я часть) 7 171
длина штанги (1я часть) 8 209
длина штанги (1я часть) 9 247
длина штанги (1я часть) 10 266
длина штанги (2я часть) 1 152
длина штанги (2я часть) 2 171
длина штанги (2я часть) 3 209
длина штанги (2я часть) 4 247
длина штанги (2я часть) 5 266
длина штанги (2я часть) 6 152
длина штанги (2я часть) 7 171
длина штанги (2я часть) 8 209
длина штанги (2я часть) 9 247
длина штанги (2я часть) 10 266
длина "закрывашек" 20
расстояние между линиями 240
расстояние до рельсов Понзо 20
ширина линий 4
всего опытов 20
ILLUSION_TOP_LARGER_WIDTH:152
697 241  16198
843 238  17172
701 483  18968
832 480  19882
Воспроизведение
702 267  24807
834 262  26301
731 424  28451
850 425  29605
ILLUSION_TOP_LARGER_WIDTH:209
668 243  55121
867 246  56291
658 475  57534
872 482  58779
Воспроизведение
679 253  60134
902 261  61490
728 446  62577
880 447  63791
ILLUSION_TOP_LARGER_WIDTH:209
664 251  1669
875 252  3419
674 480  4582
862 475  6081
Воспроизведение
683 239  7689
881 247  9023
710 423  10266
878 427  11559
ILLUSION_TOP_LARGER_WIDTH:152
691 242  1396
842 256  2671
703 479  4024
828 484  5154
Воспроизведение
709 241  6610
849 246  7794
720 439  8821
818 435  9574
ILLUSION_TOP_LARGER_WIDTH:171
678 239  1324
857 240  2577
679 473  3931
842 477  5289
Воспроизведение
699 222  6849
859 223  8144
704 423  9561
870 412  10732
ILLUSION_TOP_LARGER_WIDTH:247
637 241  1952
896 244  3645
650 478  5126
893 482  6593
Воспроизведение
653 243  8243
921 241  9754
699 424  11110
904 417  12326
ILLUSION_TOP_LARGER_WIDTH:266
626 235  1794
907 241  3848
634 479  5202
889 481  7127
Воспроизведение
652 236  8516
932 248  10347
670 428  11685
882 422  13060
ILLUSION_TOP_LARGER_WIDTH:171
675 239  1495
857 243  3072
687 483  4431
851 478  5938
Воспроизведение
693 235  7884
870 239  9351
702 431  10579
854 424  11769
ILLUSION_TOP_LARGER_WIDTH:266
640 233  1732
907 240  3478
646 479  4711
906 481  6409
Воспроизведение
650 240  8097
904 243  9990
683 419  11188
900 407  12783
ILLUSION_TOP_LARGER_WIDTH:247
635 235  1511
891 244  3404
648 480  4812
889 477  6457
Воспроизведение
658 247  8280
918 255  10125
676 444  11290
879 437  12680
NO_ILLUSION0_WIDTH:152
689 242  1559
837 243  2669
690 479  3895
834 475  4999
Воспроизведение
721 259  6374
860 261  7479
727 465  8726
887 458  9960
NO_ILLUSION0_WIDTH:247
650 236  1384
894 243  3231
647 484  4444
889 477  6038
Воспроизведение
653 234  11938
904 228  13655
684 435  14888
926 426  16323
NO_ILLUSION0_WIDTH:209
662 244  2126
865 243  3704
661 475  4979
864 476  6431
Воспроизведение
694 239  8200
902 239  9763
722 454  11414
910 447  12836
NO_ILLUSION0_WIDTH:152
693 235  1197
849 243  2523
690 478  3880
844 480  5081
Воспроизведение
686 232  7507
858 231  8832
703 467  10424
869 461  11940
NO_ILLUSION0_WIDTH:209
658 231  1720
876 243  3365
658 483  4800
866 481  6493
Воспроизведение
679 251  8446
898 252  9971
701 469  11593
928 453  13344
NO_ILLUSION0_WIDTH:266
626 237  1860
902 240  4196
651 483  5534
651 483  5534
651 483  5660
906 476  7364
Воспроизведение
654 243  8773
923 243  11055
637 470  12839
921 453  15013
NO_ILLUSION0_WIDTH:171
677 239  1755
858 245  3756
676 480  5305
860 478  7027
Воспроизведение
694 244  8832
853 241  10123
703 463  11570
902 447  13145
NO_ILLUSION0_WIDTH:247
641 231  1725
890 240  3380
649 481  4467
898 479  5965
Воспроизведение
662 248  7496
930 259  9272
688 479  10736
924 474  12290
NO_ILLUSION0_WIDTH:266
635 242  1581
908 247  3424
640 487  5162
902 481  6692
Воспроизведение
665 239  8584
918 241  10327
677 470  12132
941 451  13945
NO_ILLUSION0_WIDTH:171
678 235  1780
849 243  3231
673 483  4902
856 478  6274
Воспроизведение
698 245  8514
859 247  9840
726 478  11713
860 473  12761
