не показывать курсор
тип стимула MULLER_TOPLARGER
перпендикулярные отрезки в Оппель-Кундта каждые... пикс 19
высота перпендикулярных отрезков в Оппель-Кундта 20
угол стрелок 45
длина стрелок 20
длина штанги (1я часть) 1 152
длина штанги (1я часть) 2 171
длина штанги (1я часть) 3 209
длина штанги (1я часть) 4 247
длина штанги (1я часть) 5 266
длина штанги (1я часть) 6 152
длина штанги (1я часть) 7 171
длина штанги (1я часть) 8 209
длина штанги (1я часть) 9 247
длина штанги (1я часть) 10 266
длина штанги (2я часть) 1 152
длина штанги (2я часть) 2 171
длина штанги (2я часть) 3 209
длина штанги (2я часть) 4 247
длина штанги (2я часть) 5 266
длина штанги (2я часть) 6 152
длина штанги (2я часть) 7 171
длина штанги (2я часть) 8 209
длина штанги (2я часть) 9 247
длина штанги (2я часть) 10 266
длина "закрывашек" 20
расстояние между линиями 240
расстояние до рельсов Понзо 20
ширина линий 4
всего опытов 20
ILLUSION_TOP_LARGER_WIDTH:266
678 247  5767
910 245  6871
648 487  8239
905 489  9421
Воспроизведение
644 247  11055
885 247  12301
650 434  13575
880 430  15070
ILLUSION_TOP_LARGER_WIDTH:152
689 247  1452
839 255  2494
701 487  3707
838 484  4983
Воспроизведение
700 243  6462
862 242  7536
710 450  8817
854 451  9929
ILLUSION_TOP_LARGER_WIDTH:152
687 251  1208
843 251  2226
698 484  3481
849 484  4570
Воспроизведение
686 235  5987
858 231  7060
702 431  8482
818 432  9397
ILLUSION_TOP_LARGER_WIDTH:209
659 250  1134
881 243  2269
669 484  3522
874 485  5122
Воспроизведение
670 240  6452
900 242  7463
689 419  8599
879 415  9957
ILLUSION_TOP_LARGER_WIDTH:171
678 247  1248
858 252  2270
687 484  3620
857 482  4724
Воспроизведение
675 255  7840
887 257  8819
706 437  9968
878 431  11167
ILLUSION_TOP_LARGER_WIDTH:266
632 246  1323
901 253  2728
642 485  3960
898 481  5582
Воспроизведение
637 252  6949
926 255  8296
676 437  9417
893 442  10775
ILLUSION_TOP_LARGER_WIDTH:209
663 251  1259
887 257  2647
663 483  3870
867 486  5159
Воспроизведение
665 239  6605
881 233  7749
680 439  9012
882 443  10247
ILLUSION_TOP_LARGER_WIDTH:247
645 249  1070
894 254  2490
648 486  3765
883 485  5455
Воспроизведение
660 238  6823
897 239  8024
676 447  9379
882 443  10564
ILLUSION_TOP_LARGER_WIDTH:247
703 249  1489
887 247  2583
650 487  3964
882 487  5464
Воспроизведение
668 253  6880
917 251  8159
671 455  9578
894 463  10851
ILLUSION_TOP_LARGER_WIDTH:171
675 249  1071
855 246  2194
686 490  3439
846 483  4626
Воспроизведение
678 242  6317
870 243  7453
700 459  8881
878 458  9895
NO_ILLUSION0_WIDTH:209
668 251  1374
864 244  2517
669 486  3667
862 482  4849
Воспроизведение
678 247  6107
866 245  7117
700 455  8330
904 457  9498
NO_ILLUSION0_WIDTH:247
646 247  1088
886 246  2365
644 488  3530
886 486  5012
Воспроизведение
654 231  6539
887 224  7848
650 428  8935
906 436  10285
NO_ILLUSION0_WIDTH:209
668 252  1211
866 245  2443
662 483  3645
874 483  4829
Воспроизведение
662 230  6277
872 234  7286
674 443  8582
885 448  9767
NO_ILLUSION0_WIDTH:171
682 255  2048
850 245  2932
694 496  4057
861 490  5080
Воспроизведение
691 260  6801
846 259  7440
706 415  8850
908 408  10228
NO_ILLUSION0_WIDTH:152
691 252  1104
834 246  2041
694 489  3413
844 490  4314
Воспроизведение
710 237  5729
876 239  6660
722 448  7929
896 453  9006
NO_ILLUSION0_WIDTH:247
645 250  1087
881 246  2477
642 482  3644
899 485  4891
Воспроизведение
655 237  6339
906 238  7477
666 443  8752
900 455  9857
NO_ILLUSION0_WIDTH:171
686 240  1420
857 251  2453
682 483  3553
858 483  4581
Воспроизведение
706 243  5888
862 243  6836
702 452  8079
878 447  9373
NO_ILLUSION0_WIDTH:152
692 244  1260
838 247  2254
701 487  3485
834 485  4322
Воспроизведение
716 253  5680
842 251  6501
706 455  7574
866 471  8568
NO_ILLUSION0_WIDTH:266
678 246  1416
894 246  2584
634 487  4026
901 488  5838
Воспроизведение
642 243  7334
897 242  8879
670 466  10132
894 463  11594
NO_ILLUSION0_WIDTH:266
638 251  931
896 249  2256
637 482  3576
905 490  5093
Воспроизведение
651 248  6494
919 238  7868
650 456  9336
933 454  11033
