не показывать курсор
тип стимула MULLER_TOPLARGER
перпендикулярные отрезки в Оппель-Кундта каждые... пикс 19
высота перпендикулярных отрезков в Оппель-Кундта 20
угол стрелок 45
длина стрелок 20
длина штанги (1я часть) 1 152
длина штанги (1я часть) 2 171
длина штанги (1я часть) 3 209
длина штанги (1я часть) 4 247
длина штанги (1я часть) 5 266
длина штанги (1я часть) 6 152
длина штанги (1я часть) 7 171
длина штанги (1я часть) 8 209
длина штанги (1я часть) 9 247
длина штанги (1я часть) 10 266
длина штанги (2я часть) 1 152
длина штанги (2я часть) 2 171
длина штанги (2я часть) 3 209
длина штанги (2я часть) 4 247
длина штанги (2я часть) 5 266
длина штанги (2я часть) 6 152
длина штанги (2я часть) 7 171
длина штанги (2я часть) 8 209
длина штанги (2я часть) 9 247
длина штанги (2я часть) 10 266
длина "закрывашек" 20
расстояние между линиями 240
расстояние до рельсов Понзо 20
ширина линий 4
всего опытов 20
ILLUSION_TOP_LARGER_WIDTH:171
684 246  9035
856 251  10423
682 487  11525
853 489  12487
Воспроизведение
647 260  13959
829 262  14812
682 455  15711
829 462  16396
ILLUSION_TOP_LARGER_WIDTH:152
693 248  1276
843 255  2349
701 480  3375
837 485  4321
Воспроизведение
658 263  5615
829 263  6412
678 509  7273
828 508  7952
ILLUSION_TOP_LARGER_WIDTH:266
626 251  1996
906 251  3376
638 486  4401
903 487  5774
Воспроизведение
630 259  6925
909 243  7855
673 486  8629
918 491  9623
ILLUSION_TOP_LARGER_WIDTH:209
659 245  1229
872 252  2275
674 487  3207
874 487  4436
Воспроизведение
653 260  6031
857 254  6898
653 484  7749
874 485  8586
ILLUSION_TOP_LARGER_WIDTH:171
680 247  1099
853 251  2045
695 488  2990
850 492  3947
Воспроизведение
643 257  5412
847 259  6175
668 490  6915
879 489  7740
ILLUSION_TOP_LARGER_WIDTH:266
630 244  1199
892 251  2446
643 485  3374
894 488  4530
Воспроизведение
626 257  5725
888 257  6672
674 447  7453
902 455  8310
ILLUSION_TOP_LARGER_WIDTH:209
659 250  916
875 255  2022
660 489  2999
858 487  3886
Воспроизведение
629 267  5145
871 264  6000
650 488  6814
853 484  7748
ILLUSION_TOP_LARGER_WIDTH:247
640 256  1271
886 250  2457
650 487  3358
883 487  4417
Воспроизведение
625 259  5537
850 253  6449
ILLUSION_TOP_LARGER_WIDTH:247
650 489  1182
893 484  2239
Воспроизведение
610 258  4117
854 252  4783
654 482  5552
897 485  6396
ILLUSION_TOP_LARGER_WIDTH:152
703 255  1137
846 255  1940
698 491  2903
846 495  3696
Воспроизведение
667 267  5307
864 271  6005
683 491  6758
858 488  7482
NO_ILLUSION0_WIDTH:171
682 244  1025
852 251  1897
686 486  2829
855 490  3807
Воспроизведение
665 251  4940
827 255  5602
675 479  6373
864 467  7303
NO_ILLUSION0_WIDTH:171
682 249  1055
854 255  1988
700 484  2874
852 487  3773
Воспроизведение
654 265  5208
819 267  5857
669 507  6684
849 497  7419
NO_ILLUSION0_WIDTH:247
644 253  1462
884 246  3133
650 489  4331
887 484  5822
Воспроизведение
622 255  7737
830 262  8448
622 523  9345
889 524  10370
NO_ILLUSION0_WIDTH:152
696 247  1401
837 255  2160
700 494  3202
848 494  4192
Воспроизведение
690 263  5375
832 279  6037
694 519  6810
847 520  7455
NO_ILLUSION0_WIDTH:209
668 251  1113
858 258  2108
670 490  2989
875 483  4131
Воспроизведение
643 253  5269
846 252  6061
650 507  6864
875 510  7826
NO_ILLUSION0_WIDTH:266
637 253  1431
895 258  2599
666 485  3122
904 487  4749
Воспроизведение
614 255  6010
861 251  6825
630 503  7670
894 495  8647
NO_ILLUSION0_WIDTH:247
641 242  944
878 251  1953
650 488  2962
888 483  4209
Воспроизведение
627 259  5344
872 257  6213
652 496  7049
917 495  8059
NO_ILLUSION0_WIDTH:266
636 247  960
890 255  2018
635 490  2981
897 493  4057
Воспроизведение
626 255  5049
870 251  5685
625 478  6532
901 492  7494
NO_ILLUSION0_WIDTH:209
662 255  961
859 251  1822
662 491  2727
870 491  3626
Воспроизведение
651 256  4570
854 259  5211
680 507  5993
878 505  6798
NO_ILLUSION0_WIDTH:152
688 247  960
839 250  1717
698 491  2584
838 498  3311
Воспроизведение
664 265  4416
826 268  4970
675 507  5839
835 501  6554
