не показывать курсор
тип стимула MULLER_TOPLARGER
перпендикулярные отрезки в Оппель-Кундта каждые... пикс 19
высота перпендикулярных отрезков в Оппель-Кундта 20
угол стрелок 45
длина стрелок 20
длина штанги (1я часть) 1 152
длина штанги (1я часть) 2 171
длина штанги (1я часть) 3 209
длина штанги (1я часть) 4 247
длина штанги (1я часть) 5 266
длина штанги (1я часть) 6 152
длина штанги (1я часть) 7 171
длина штанги (1я часть) 8 209
длина штанги (1я часть) 9 247
длина штанги (1я часть) 10 266
длина штанги (2я часть) 1 152
длина штанги (2я часть) 2 171
длина штанги (2я часть) 3 209
длина штанги (2я часть) 4 247
длина штанги (2я часть) 5 266
длина штанги (2я часть) 6 152
длина штанги (2я часть) 7 171
длина штанги (2я часть) 8 209
длина штанги (2я часть) 9 247
длина штанги (2я часть) 10 266
длина "закрывашек" 20
расстояние между линиями 240
расстояние до рельсов Понзо 20
ширина линий 4
всего опытов 20
ILLUSION_TOP_LARGER_WIDTH:209
653 261  3578
866 262  4542
675 507  5070
675 507  5070
675 507  5136
865 492  6222
Воспроизведение
638 259  7529
873 250  7971
652 462  8555
874 468  9112
ILLUSION_TOP_LARGER_WIDTH:171
678 255  1136
847 257  1752
680 483  2509
838 491  3236
Воспроизведение
660 245  4293
848 246  4970
671 480  5606
882 487  6314
ILLUSION_TOP_LARGER_WIDTH:266
632 243  1054
914 257  1860
645 488  2679
897 495  3515
Воспроизведение
651 267  5266
906 271  5865
667 475  6667
904 496  7299
ILLUSION_TOP_LARGER_WIDTH:171
667 247  1004
849 236  1695
707 504  2639
707 504  2639
707 504  2760
833 482  3361
Воспроизведение
671 257  5546
866 269  6089
690 471  6876
871 462  7377
ILLUSION_TOP_LARGER_WIDTH:266
625 245  1556
891 244  2757
629 496  3686
892 489  5010
Воспроизведение
618 251  6351
879 247  7092
650 457  7831
921 456  8847
ILLUSION_TOP_LARGER_WIDTH:209
659 244  1072
874 249  1891
674 490  2695
866 490  3453
Воспроизведение
641 245  4539
889 253  5076
645 475  5785
891 476  6400
ILLUSION_TOP_LARGER_WIDTH:152
676 239  1070
850 252  1623
689 492  2285
836 486  2932
Воспроизведение
668 267  3999
858 261  4582
694 494  5261
850 492  5873
ILLUSION_TOP_LARGER_WIDTH:247
630 238  1242
894 262  2153
642 496  2800
881 497  3684
Воспроизведение
646 239  4724
885 247  5473
661 493  6111
891 491  6886
ILLUSION_TOP_LARGER_WIDTH:247
634 243  1018
897 254  1823
653 489  2548
888 491  3370
Воспроизведение
612 236  4552
898 239  5247
637 491  5925
878 496  6510
ILLUSION_TOP_LARGER_WIDTH:152
684 250  1245
850 251  1792
698 495  2395
834 497  3058
Воспроизведение
661 252  4447
854 248  4920
678 516  5661
862 523  6356
NO_ILLUSION0_WIDTH:152
681 242  1017
855 250  1649
689 487  2442
852 495  3122
Воспроизведение
685 254  4227
857 251  4835
692 516  5651
862 527  6252
NO_ILLUSION0_WIDTH:247
644 259  1348
890 251  2274
634 492  3029
885 494  3973
Воспроизведение
636 242  5063
883 243  5775
640 491  6459
902 494  7273
NO_ILLUSION0_WIDTH:171
671 239  994
858 253  1656
678 487  2414
858 496  3167
Воспроизведение
618 247  4552
837 251  5310
673 490  6067
873 495  6799
NO_ILLUSION0_WIDTH:247
637 254  1123
886 255  1943
638 498  2523
889 491  3361
Воспроизведение
623 259  5788
854 247  6611
648 515  7286
912 519  8154
NO_ILLUSION0_WIDTH:266
632 251  944
891 247  1580
630 483  2086
896 482  2815
Воспроизведение
605 239  4025
883 227  4661
624 467  5328
904 461  6080
NO_ILLUSION0_WIDTH:209
652 246  1098
886 251  1787
648 496  2555
869 495  3413
Воспроизведение
629 242  4578
859 250  5369
646 490  6030
877 495  6851
NO_ILLUSION0_WIDTH:209
654 246  882
866 258  1738
658 493  2352
872 495  3252
Воспроизведение
643 259  4355
882 264  5144
673 499  5884
878 504  6672
NO_ILLUSION0_WIDTH:152
686 255  1025
850 256  1661
693 497  2364
849 491  3105
Воспроизведение
638 259  4172
835 253  4730
666 517  5410
858 516  6081
NO_ILLUSION0_WIDTH:171
670 250  932
854 248  1579
677 487  2303
855 491  3156
Воспроизведение
659 243  4132
854 246  4699
674 488  5393
859 490  6093
NO_ILLUSION0_WIDTH:266
637 252  898
904 251  1783
634 487  2493
900 490  3486
Воспроизведение
614 256  4536
889 245  5336
643 475  6046
900 482  6885
