не показывать курсор
тип стимула MULLER_TOPLARGER
перпендикулярные отрезки в Оппель-Кундта каждые... пикс 19
высота перпендикулярных отрезков в Оппель-Кундта 20
угол стрелок 45
длина стрелок 20
длина штанги (1я часть) 1 152
длина штанги (1я часть) 2 171
длина штанги (1я часть) 3 209
длина штанги (1я часть) 4 247
длина штанги (1я часть) 5 266
длина штанги (1я часть) 6 152
длина штанги (1я часть) 7 171
длина штанги (1я часть) 8 209
длина штанги (1я часть) 9 247
длина штанги (1я часть) 10 266
длина штанги (2я часть) 1 152
длина штанги (2я часть) 2 171
длина штанги (2я часть) 3 209
длина штанги (2я часть) 4 247
длина штанги (2я часть) 5 266
длина штанги (2я часть) 6 152
длина штанги (2я часть) 7 171
длина штанги (2я часть) 8 209
длина штанги (2я часть) 9 247
длина штанги (2я часть) 10 266
длина "закрывашек" 20
расстояние между линиями 240
расстояние до рельсов Понзо 20
ширина линий 4
всего опытов 20
ILLUSION_TOP_LARGER_WIDTH:171
687 235  4359
850 245  5643
682 482  7762
873 487  8954
Воспроизведение
626 269  11145
787 262  12042
651 455  13343
813 455  14537
ILLUSION_TOP_LARGER_WIDTH:209
672 240  1915
865 251  3011
675 475  4064
870 487  5329
Воспроизведение
638 267  6832
854 270  8100
650 499  9107
861 488  10192
ILLUSION_TOP_LARGER_WIDTH:209
661 255  1528
871 248  2786
677 493  3800
885 484  5157
Воспроизведение
615 256  6560
846 251  7746
616 458  8780
881 451  10045
ILLUSION_TOP_LARGER_WIDTH:247
650 246  1518
899 249  2784
651 480  3714
897 482  5007
Воспроизведение
592 267  6171
828 267  7437
598 436  8422
846 422  9841
ILLUSION_TOP_LARGER_WIDTH:171
690 251  1629
870 253  2689
694 490  3576
854 483  4440
Воспроизведение
613 256  5700
816 255  6581
628 410  7500
798 404  8423
ILLUSION_TOP_LARGER_WIDTH:266
638 251  1364
898 250  2748
650 489  3726
926 490  5244
Воспроизведение
601 258  6489
896 247  8052
626 426  9021
899 424  10423
ILLUSION_TOP_LARGER_WIDTH:152
689 254  1517
848 249  2623
702 496  3858
840 483  4756
Воспроизведение
660 261  6155
875 257  7142
689 415  8111
871 406  9035
ILLUSION_TOP_LARGER_WIDTH:266
645 254  1581
921 244  3046
644 479  3968
943 497  5288
Воспроизведение
626 255  6551
878 245  8043
626 442  9008
917 432  10508
ILLUSION_TOP_LARGER_WIDTH:247
652 253  1395
922 249  2653
645 482  3686
891 486  5043
Воспроизведение
606 267  6260
925 276  7825
618 479  8838
900 461  10050
ILLUSION_TOP_LARGER_WIDTH:152
695 243  1339
842 251  2399
703 479  3238
854 486  4164
Воспроизведение
629 271  5566
839 272  6645
652 455  7544
835 455  8486
NO_ILLUSION0_WIDTH:171
679 252  1350
852 254  2409
693 492  3236
874 483  4225
Воспроизведение
626 259  5818
874 250  6995
666 451  7838
NO_ILLUSION0_WIDTH:266
854 453  125
649 239  1430
894 249  2878
643 487  3809
901 484  5059
Воспроизведение
612 252  6320
876 256  7625
612 475  8541
895 470  9743
NO_ILLUSION0_WIDTH:152
699 246  1437
852 251  2246
701 487  3145
867 491  3882
Воспроизведение
650 279  5233
802 278  6035
647 438  6818
810 431  7563
NO_ILLUSION0_WIDTH:247
651 254  1231
895 251  2579
649 477  3393
922 484  4515
Воспроизведение
611 271  5704
878 264  6989
624 444  7815
877 439  9144
NO_ILLUSION0_WIDTH:152
701 239  1386
854 243  2069
703 481  2917
850 483  3627
Воспроизведение
634 264  5077
847 258  5950
663 423  6708
851 423  7490
NO_ILLUSION0_WIDTH:209
676 253  1553
892 250  2785
681 487  3667
890 487  4618
Воспроизведение
635 271  6140
833 271  7264
638 462  8010
848 470  9033
NO_ILLUSION0_WIDTH:171
694 252  1501
855 247  2481
686 480  3479
856 479  4269
Воспроизведение
629 247  5697
846 242  6515
648 434  7182
856 451  7982
NO_ILLUSION0_WIDTH:209
674 248  1280
870 248  2169
678 498  2925
872 486  3876
Воспроизведение
633 287  5012
852 278  5777
625 443  6609
856 460  7489
NO_ILLUSION0_WIDTH:247
644 244  1269
888 245  2444
665 481  3300
893 480  4233
Воспроизведение
575 247  5698
874 243  6802
577 515  7524
846 500  8367
NO_ILLUSION0_WIDTH:266
641 247  1345
903 253  2451
650 486  3223
930 487  4220
Воспроизведение
583 255  5611
927 261  6851
601 488  7660
909 485  8782
