не показывать курсор
тип стимула MULLER_TOPLARGER
перпендикулярные отрезки в Оппель-Кундта каждые... пикс 19
высота перпендикулярных отрезков в Оппель-Кундта 20
угол стрелок 45
длина стрелок 20
длина штанги (1я часть) 1 152
длина штанги (1я часть) 2 171
длина штанги (1я часть) 3 209
длина штанги (1я часть) 4 247
длина штанги (1я часть) 5 266
длина штанги (1я часть) 6 152
длина штанги (1я часть) 7 171
длина штанги (1я часть) 8 209
длина штанги (1я часть) 9 247
длина штанги (1я часть) 10 266
длина штанги (2я часть) 1 152
длина штанги (2я часть) 2 171
длина штанги (2я часть) 3 209
длина штанги (2я часть) 4 247
длина штанги (2я часть) 5 266
длина штанги (2я часть) 6 152
длина штанги (2я часть) 7 171
длина штанги (2я часть) 8 209
длина штанги (2я часть) 9 247
длина штанги (2я часть) 10 266
длина "закрывашек" 20
расстояние между линиями 240
расстояние до рельсов Понзо 20
ширина линий 4
всего опытов 20
ILLUSION_TOP_LARGER_WIDTH:247
654 253  2375
886 239  4073
657 489  5379
886 483  6690
Воспроизведение
578 233  8446
953 205  9983
581 395  10912
930 385  12548
ILLUSION_TOP_LARGER_WIDTH:209
671 251  1759
874 239  2944
675 487  3624
675 487  3625
675 487  3695
872 484  5276
Воспроизведение
617 227  7189
843 215  8310
610 409  9298
863 406  10708
ILLUSION_TOP_LARGER_WIDTH:171
686 253  1941
854 251  3115
694 493  4754
848 489  5688
Воспроизведение
674 255  7479
877 240  8521
633 440  9611
849 430  10824
ILLUSION_TOP_LARGER_WIDTH:152
696 250  1974
836 249  3053
708 492  4234
844 491  5177
Воспроизведение
654 254  6876
868 230  7936
638 469  8618
638 469  8618
638 469  8649
808 463  10005
ILLUSION_TOP_LARGER_WIDTH:152
698 252  1732
845 245  2692
701 483  4108
843 487  4980
Воспроизведение
649 281  6461
850 271  7567
635 486  8625
842 464  9919
ILLUSION_TOP_LARGER_WIDTH:171
685 246  1587
853 246  2719
699 494  3691
854 487  4921
Воспроизведение
634 256  6604
861 239  7655
638 441  8728
883 434  10201
ILLUSION_TOP_LARGER_WIDTH:266
630 250  1726
896 247  3379
646 486  5024
903 486  6577
Воспроизведение
628 265  8416
949 240  10178
624 515  11476
906 517  13281
ILLUSION_TOP_LARGER_WIDTH:266
642 247  1468
897 243  3408
642 491  5002
891 482  6664
Воспроизведение
608 245  8106
897 228  9760
599 457  10996
926 437  12539
ILLUSION_TOP_LARGER_WIDTH:247
647 254  1600
883 242  3011
651 488  4326
882 490  5834
Воспроизведение
588 258  7617
874 242  9081
614 478  10179
882 449  11814
ILLUSION_TOP_LARGER_WIDTH:209
662 249  1423
865 246  2708
670 489  4145
864 491  5644
Воспроизведение
592 289  7457
886 277  8868
581 494  10106
898 471  11809
NO_ILLUSION0_WIDTH:209
703 246  1802
866 233  2880
672 483  4303
864 483  5758
Воспроизведение
588 303  7537
890 283  9039
626 459  10005
854 447  11486
NO_ILLUSION0_WIDTH:171
693 249  1242
693 249  1242
693 249  1274
850 247  2822
682 489  3965
852 484  5172
Воспроизведение
657 260  6834
868 246  8135
642 467  9349
857 451  10588
NO_ILLUSION0_WIDTH:266
646 244  1991
902 247  3544
642 489  4760
895 483  6233
Воспроизведение
626 276  7878
912 265  9621
624 478  10749
882 446  12381
NO_ILLUSION0_WIDTH:152
694 254  1777
850 253  2953
699 484  4263
835 485  5188
Воспроизведение
665 284  6924
864 281  7939
672 490  9014
850 483  10046
NO_ILLUSION0_WIDTH:247
652 245  1494
881 248  2878
650 493  4202
887 485  5837
Воспроизведение
627 270  7734
890 263  9136
635 476  10161
902 450  11797
NO_ILLUSION0_WIDTH:247
655 242  1541
882 247  2846
650 489  3927
894 486  5453
Воспроизведение
642 274  6888
882 267  8182
638 476  9281
NO_ILLUSION0_WIDTH:171
907 455  1
683 243  1513
855 253  2726
680 482  3885
854 487  4991
Воспроизведение
619 301  6728
854 298  7951
635 497  9153
834 492  10384
NO_ILLUSION0_WIDTH:266
652 256  1589
894 238  3062
642 487  4224
902 479  5742
Воспроизведение
606 269  7282
915 255  8917
624 490  10175
892 472  11852
NO_ILLUSION0_WIDTH:209
662 256  1599
870 240  2849
672 485  4302
866 484  5705
Воспроизведение
595 271  7810
838 267  9114
602 493  10344
837 471  11782
NO_ILLUSION0_WIDTH:152
698 247  1599
844 247  2630
697 493  3567
850 483  4608
Воспроизведение
629 273  6343
873 265  7771
670 484  8884
839 482  10096
