не показывать курсор
тип стимула MULLER_TOPLARGER
перпендикулярные отрезки в Оппель-Кундта каждые... пикс 19
высота перпендикулярных отрезков в Оппель-Кундта 20
угол стрелок 45
длина стрелок 20
длина штанги (1я часть) 1 152
длина штанги (1я часть) 2 171
длина штанги (1я часть) 3 209
длина штанги (1я часть) 4 247
длина штанги (1я часть) 5 266
длина штанги (1я часть) 6 152
длина штанги (1я часть) 7 171
длина штанги (1я часть) 8 209
длина штанги (1я часть) 9 247
длина штанги (1я часть) 10 266
длина штанги (2я часть) 1 152
длина штанги (2я часть) 2 171
длина штанги (2я часть) 3 209
длина штанги (2я часть) 4 247
длина штанги (2я часть) 5 266
длина штанги (2я часть) 6 152
длина штанги (2я часть) 7 171
длина штанги (2я часть) 8 209
длина штанги (2я часть) 9 247
длина штанги (2я часть) 10 266
длина "закрывашек" 20
расстояние между линиями 240
расстояние до рельсов Понзо 20
ширина линий 4
всего опытов 20
ILLUSION_TOP_LARGER_WIDTH:209
660 251  11747
866 251  12575
665 491  13775
857 484  14834
Воспроизведение
662 246  16095
883 247  17163
640 533  18359
890 536  19495
ILLUSION_TOP_LARGER_WIDTH:152
699 252  1370
838 251  2286
702 487  3601
834 489  4522
Воспроизведение
703 264  5896
868 260  6694
701 513  7664
898 517  8510
ILLUSION_TOP_LARGER_WIDTH:266
638 247  1249
895 251  2581
644 484  3671
894 491  5057
Воспроизведение
647 254  6483
902 257  7751
631 534  8767
894 534  10203
ILLUSION_TOP_LARGER_WIDTH:247
646 253  1258
884 249  2469
646 485  3572
877 490  4810
Воспроизведение
653 247  6241
931 243  7272
673 511  8470
938 511  9577
ILLUSION_TOP_LARGER_WIDTH:247
643 251  1102
882 251  2136
650 491  3359
892 489  4509
Воспроизведение
642 249  6043
937 256  7182
632 526  8182
924 523  9541
ILLUSION_TOP_LARGER_WIDTH:171
690 248  1293
847 245  2104
679 481  3075
840 484  4179
Воспроизведение
675 250  6116
882 258  7210
673 537  8315
865 539  9204
ILLUSION_TOP_LARGER_WIDTH:209
651 251  1266
866 250  2576
672 482  3820
873 494  4915
Воспроизведение
674 255  6327
900 262  7228
672 515  8310
912 514  9678
ILLUSION_TOP_LARGER_WIDTH:266
626 254  1244
900 251  2416
631 487  3370
896 488  4705
Воспроизведение
638 259  7630
881 263  9287
626 459  10248
914 454  11651
ILLUSION_TOP_LARGER_WIDTH:152
693 250  1582
837 246  2315
694 484  3612
835 485  4533
Воспроизведение
690 259  6010
874 255  7118
692 510  8455
881 512  9731
ILLUSION_TOP_LARGER_WIDTH:171
681 248  1640
854 248  2813
683 487  4154
840 489  5433
Воспроизведение
686 267  7101
894 262  8520
670 525  9587
874 520  10652
NO_ILLUSION0_WIDTH:171
690 249  1655
849 244  2609
676 484  3918
845 482  5047
Воспроизведение
686 254  6448
846 255  7554
674 500  8484
853 492  9529
NO_ILLUSION0_WIDTH:266
632 248  1240
892 250  2412
645 492  3715
895 490  4773
Воспроизведение
645 251  5964
898 259  6857
638 519  7372
638 519  7372
638 519  7433
894 510  8752
NO_ILLUSION0_WIDTH:209
655 245  1290
866 256  2465
661 490  3766
876 495  4718
Воспроизведение
667 243  6356
855 238  7381
647 511  8689
862 509  9503
NO_ILLUSION0_WIDTH:247
642 254  1514
876 247  2673
645 492  3777
878 487  4829
Воспроизведение
654 247  6318
912 247  7497
652 515  8586
913 513  9846
NO_ILLUSION0_WIDTH:247
648 255  1277
887 246  2573
646 490  3823
896 495  4955
Воспроизведение
652 259  6884
910 247  8052
658 513  9161
900 515  10178
NO_ILLUSION0_WIDTH:152
694 246  1751
832 252  2441
698 487  3698
854 496  4616
Воспроизведение
702 240  5866
855 238  6525
707 518  7706
886 530  8501
NO_ILLUSION0_WIDTH:171
685 243  1490
849 251  2456
687 491  3697
846 486  4675
Воспроизведение
696 251  6102
902 247  7072
694 518  8440
892 516  9697
NO_ILLUSION0_WIDTH:266
634 247  1436
899 249  2925
632 485  4467
893 488  6070
Воспроизведение
630 257  8095
906 252  9578
624 528  11030
906 531  12639
NO_ILLUSION0_WIDTH:209
670 251  1584
860 247  2685
666 486  4188
861 485  5429
Воспроизведение
655 255  7116
870 255  8380
654 523  9512
879 527  10715
NO_ILLUSION0_WIDTH:152
698 253  1585
839 247  2488
690 485  3939
838 484  5003
Воспроизведение
701 242  6530
853 245  7432
706 477  8471
842 475  9482
