не показывать курсор
тип стимула MULLER_TOPLARGER
перпендикулярные отрезки в Оппель-Кундта каждые... пикс 19
высота перпендикулярных отрезков в Оппель-Кундта 20
угол стрелок 45
длина стрелок 20
длина штанги (1я часть) 1 152
длина штанги (1я часть) 2 171
длина штанги (1я часть) 3 209
длина штанги (1я часть) 4 247
длина штанги (1я часть) 5 266
длина штанги (1я часть) 6 152
длина штанги (1я часть) 7 171
длина штанги (1я часть) 8 209
длина штанги (1я часть) 9 247
длина штанги (1я часть) 10 266
длина штанги (2я часть) 1 152
длина штанги (2я часть) 2 171
длина штанги (2я часть) 3 209
длина штанги (2я часть) 4 247
длина штанги (2я часть) 5 266
длина штанги (2я часть) 6 152
длина штанги (2я часть) 7 171
длина штанги (2я часть) 8 209
длина штанги (2я часть) 9 247
длина штанги (2я часть) 10 266
длина "закрывашек" 20
расстояние между линиями 240
расстояние до рельсов Понзо 20
ширина линий 4
всего опытов 20
ILLUSION_TOP_LARGER_WIDTH:247
642 247  4530
873 253  6220
643 496  7698
873 497  9647
Воспроизведение
652 266  11398
875 272  13125
625 511  14643
878 511  16618
ILLUSION_TOP_LARGER_WIDTH:266
630 246  1867
878 245  3179
Воспроизведение
642 495  4978
642 495  4978
615 247  5836
870 243  7096
ILLUSION_TOP_LARGER_WIDTH:152
694 248  1599
820 245  2623
694 487  3792
817 488  4880
Воспроизведение
702 257  6756
870 249  7901
674 524  9327
851 518  10719
ILLUSION_TOP_LARGER_WIDTH:247
631 252  1777
869 248  3521
650 483  5064
859 487  6751
Воспроизведение
612 259  8718
886 259  10572
624 490  12076
879 482  13697
ILLUSION_TOP_LARGER_WIDTH:209
665 251  1724
854 250  3274
658 483  4537
850 488  5849
Воспроизведение
653 250  7432
838 245  8671
643 479  10397
863 480  11795
ILLUSION_TOP_LARGER_WIDTH:266
626 251  1878
886 249  3882
642 495  5379
873 490  6846
Воспроизведение
634 253  8308
899 244  9760
642 495  10800
916 482  12299
ILLUSION_TOP_LARGER_WIDTH:152
685 247  1449
823 247  2616
687 487  3747
820 485  4835
Воспроизведение
679 238  6682
858 236  7813
666 463  9204
829 463  10290
ILLUSION_TOP_LARGER_WIDTH:171
679 251  1435
831 247  2539
676 483  3876
832 486  4965
Воспроизведение
673 254  7153
840 251  8225
647 541  9651
855 539  11124
ILLUSION_TOP_LARGER_WIDTH:171
686 251  1605
843 253  2767
676 485  3786
833 495  4674
Воспроизведение
677 247  6482
870 246  7586
677 471  8578
870 469  9787
ILLUSION_TOP_LARGER_WIDTH:209
655 251  1645
860 255  3127
650 504  4133
845 488  5616
Воспроизведение
655 265  6905
871 261  8261
652 487  9789
874 487  10877
NO_ILLUSION0_WIDTH:247
630 239  1673
874 250  3265
648 487  5140
883 483  6259
Воспроизведение
657 249  8087
882 257  9052
646 483  10172
926 479  11120
NO_ILLUSION0_WIDTH:247
650 238  7885
867 247  8917
648 493  9961
866 489  11129
Воспроизведение
641 247  12526
890 243  13728
628 513  14864
906 510  16094
NO_ILLUSION0_WIDTH:266
625 263  1180
881 247  2537
640 486  3863
882 490  5267
Воспроизведение
641 247  6737
897 243  7857
627 514  8769
928 511  10316
NO_ILLUSION0_WIDTH:152
681 253  1197
824 245  2238
688 491  3135
820 492  3970
Воспроизведение
697 242  5381
853 243  6480
684 544  7479
886 539  8552
NO_ILLUSION0_WIDTH:152
686 251  1181
822 245  1990
681 481  3093
826 485  4069
Воспроизведение
686 239  5399
844 238  6361
682 515  7466
840 512  8380
NO_ILLUSION0_WIDTH:171
677 251  1116
834 245  2094
681 487  3141
837 483  4260
Воспроизведение
682 243  6055
863 238  7303
690 539  8389
850 537  9320
NO_ILLUSION0_WIDTH:266
630 242  1231
882 248  2639
633 488  3537
875 487  4767
Воспроизведение
649 239  6281
898 238  7640
650 517  8696
866 515  9978
NO_ILLUSION0_WIDTH:209
656 245  1370
846 251  2609
654 490  3680
857 487  4849
Воспроизведение
670 251  6850
879 249  7906
676 507  8854
868 505  10040
NO_ILLUSION0_WIDTH:171
682 247  1306
839 246  2379
683 491  3344
838 483  4512
Воспроизведение
679 235  5897
858 247  7115
665 511  8168
862 512  9400
NO_ILLUSION0_WIDTH:209
652 250  1324
848 250  2834
660 482  3943
852 483  5009
Воспроизведение
650 256  6626
886 243  7950
650 515  8986
888 515  10202
