не показывать курсор
тип стимула MULLER_TOPLARGER
перпендикулярные отрезки в Оппель-Кундта каждые... пикс 19
высота перпендикулярных отрезков в Оппель-Кундта 20
угол стрелок 45
длина стрелок 20
длина штанги (1я часть) 1 152
длина штанги (1я часть) 2 171
длина штанги (1я часть) 3 209
длина штанги (1я часть) 4 247
длина штанги (1я часть) 5 266
длина штанги (1я часть) 6 152
длина штанги (1я часть) 7 171
длина штанги (1я часть) 8 209
длина штанги (1я часть) 9 247
длина штанги (1я часть) 10 266
длина штанги (2я часть) 1 152
длина штанги (2я часть) 2 171
длина штанги (2я часть) 3 209
длина штанги (2я часть) 4 247
длина штанги (2я часть) 5 266
длина штанги (2я часть) 6 152
длина штанги (2я часть) 7 171
длина штанги (2я часть) 8 209
длина штанги (2я часть) 9 247
длина штанги (2я часть) 10 266
длина "закрывашек" 20
расстояние между линиями 240
расстояние до рельсов Понзо 20
ширина линий 4
всего опытов 20
ILLUSION_TOP_LARGER_WIDTH:247
648 250  8029
893 243  9841
650 487  11867
880 486  13271
Воспроизведение
629 235  17018
873 235  18201
627 503  19750
867 503  21074
ILLUSION_TOP_LARGER_WIDTH:171
683 251  4399
848 249  5421
691 487  6691
846 484  7635
Воспроизведение
678 247  9608
834 240  10650
678 495  11999
853 487  13041
ILLUSION_TOP_LARGER_WIDTH:209
669 247  3024
873 244  4343
665 488  5892
865 479  6983
Воспроизведение
650 253  9256
852 247  10533
649 507  12130
847 495  13233
ILLUSION_TOP_LARGER_WIDTH:152
729 248  3685
846 247  4504
700 486  5917
836 485  6924
Воспроизведение
689 250  8662
836 247  9777
696 487  11187
846 486  12368
ILLUSION_TOP_LARGER_WIDTH:171
729 251  2528
856 244  3517
682 489  4973
850 483  5935
Воспроизведение
682 247  7463
850 239  8455
680 480  10053
867 476  11280
ILLUSION_TOP_LARGER_WIDTH:266
641 247  1960
904 243  3461
633 488  4960
905 487  6550
Воспроизведение
634 246  8947
910 247  10456
632 525  11991
898 526  13207
ILLUSION_TOP_LARGER_WIDTH:266
634 245  3228
908 243  4482
637 482  5688
897 483  6962
Воспроизведение
624 247  8733
893 248  9959
626 483  11901
895 484  12952
ILLUSION_TOP_LARGER_WIDTH:152
690 251  1659
842 250  2508
697 488  3949
838 487  4718
Воспроизведение
694 240  7737
838 239  8523
679 481  10214
854 483  10891
ILLUSION_TOP_LARGER_WIDTH:209
668 245  2305
876 243  3328
666 484  4666
871 486  5714
Воспроизведение
654 242  8561
890 239  9647
658 479  11260
881 481  12220
ILLUSION_TOP_LARGER_WIDTH:247
648 486  4161
894 483  5206
644 251  6585
890 250  7673
Воспроизведение
633 499  10054
905 503  11393
600 240  12771
848 237  13873
NO_ILLUSION0_WIDTH:171
682 491  1909
855 487  2763
678 253  3891
850 251  4663
Воспроизведение
650 512  7558
854 513  8250
641 254  9550
839 251  10320
NO_ILLUSION0_WIDTH:266
636 251  2034
905 248  2948
630 483  4031
906 483  5040
Воспроизведение
636 244  6699
892 246  7645
622 502  9256
913 501  10543
NO_ILLUSION0_WIDTH:247
906 483  2194
656 485  3170
898 250  4410
653 247  5528
Воспроизведение
884 491  7219
651 489  8437
881 251  10082
633 245  11169
NO_ILLUSION0_WIDTH:247
652 489  2599
895 497  3291
646 243  4581
893 243  5443
Воспроизведение
652 489  7513
903 497  8725
623 237  10304
881 241  11299
NO_ILLUSION0_WIDTH:266
634 490  2306
908 484  3251
642 243  4550
899 251  5671
Воспроизведение
632 488  8085
898 487  9173
584 247  10583
912 256  11858
NO_ILLUSION0_WIDTH:152
702 479  3348
848 488  4104
702 252  5200
846 245  5861
Воспроизведение
682 491  7651
853 494  8595
659 247  9848
854 239  10648
NO_ILLUSION0_WIDTH:209
664 486  3239
868 488  3949
658 247  4890
882 245  5696
Воспроизведение
654 496  7436
894 498  8193
649 225  9636
886 223  10534
NO_ILLUSION0_WIDTH:152
846 494  1768
705 490  2573
842 250  3642
705 249  4304
Воспроизведение
818 545  10943
645 534  11745
842 257  13189
665 248  13846
NO_ILLUSION0_WIDTH:171
685 247  2285
854 245  2992
679 479  4106
854 487  5027
Воспроизведение
682 251  6887
856 247  7768
650 512  9207
840 513  10273
NO_ILLUSION0_WIDTH:209
874 252  2828
662 244  3837
877 491  5096
670 483  5953
Воспроизведение
865 252  7599
668 244  8466
892 513  10038
642 502  11152
