не показывать курсор
тип стимула MULLER_TOPLARGER
перпендикулярные отрезки в Оппель-Кундта каждые... пикс 19
высота перпендикулярных отрезков в Оппель-Кундта 20
угол стрелок 45
длина стрелок 20
длина штанги (1я часть) 1 152
длина штанги (1я часть) 2 171
длина штанги (1я часть) 3 209
длина штанги (1я часть) 4 247
длина штанги (1я часть) 5 266
длина штанги (1я часть) 6 152
длина штанги (1я часть) 7 171
длина штанги (1я часть) 8 209
длина штанги (1я часть) 9 247
длина штанги (1я часть) 10 266
длина штанги (2я часть) 1 152
длина штанги (2я часть) 2 171
длина штанги (2я часть) 3 209
длина штанги (2я часть) 4 247
длина штанги (2я часть) 5 266
длина штанги (2я часть) 6 152
длина штанги (2я часть) 7 171
длина штанги (2я часть) 8 209
длина штанги (2я часть) 9 247
длина штанги (2я часть) 10 266
длина "закрывашек" 20
расстояние между линиями 240
расстояние до рельсов Понзо 20
ширина линий 4
всего опытов 20
ILLUSION_TOP_LARGER_WIDTH:152
684 236  5155
853 237  5846
678 482  6863
847 491  7634
Воспроизведение
665 240  9293
842 239  9939
677 484  11176
870 489  12041
ILLUSION_TOP_LARGER_WIDTH:266
906 239  1254
638 245  2108
918 496  3205
646 501  4244
Воспроизведение
909 244  5684
605 240  6455
883 471  7692
602 470  8763
ILLUSION_TOP_LARGER_WIDTH:171
674 245  1049
856 243  1679
690 499  2435
862 502  3048
Воспроизведение
675 237  4637
847 241  5091
679 507  6311
851 513  7051
ILLUSION_TOP_LARGER_WIDTH:171
862 491  894
707 489  1593
879 254  2495
681 239  3281
Воспроизведение
869 491  4799
681 497  5570
858 259  6525
666 252  7393
ILLUSION_TOP_LARGER_WIDTH:266
630 243  1207
921 245  2134
630 491  3152
922 496  4096
Воспроизведение
614 236  5555
926 238  6514
626 477  7405
940 491  8255
ILLUSION_TOP_LARGER_WIDTH:209
649 235  1303
874 239  1853
664 491  2575
870 490  3235
Воспроизведение
650 239  4493
867 247  5079
662 491  5970
903 495  6680
ILLUSION_TOP_LARGER_WIDTH:247
911 503  1126
658 500  1876
907 241  2510
651 238  3386
Воспроизведение
891 489  4599
646 490  5234
922 269  5949
626 263  6855
ILLUSION_TOP_LARGER_WIDTH:209
671 488  1459
868 487  2025
656 238  2808
874 243  3548
Воспроизведение
654 485  5192
883 485  5948
646 251  6809
875 252  7548
ILLUSION_TOP_LARGER_WIDTH:152
858 255  1111
691 241  1681
856 493  2743
704 486  3359
Воспроизведение
849 243  4786
690 234  5367
854 510  6713
675 504  7388
ILLUSION_TOP_LARGER_WIDTH:247
653 483  1074
911 502  1770
627 243  2772
902 254  3629
Воспроизведение
646 486  5145
891 490  5999
627 247  7017
879 259  7851
NO_ILLUSION0_WIDTH:209
661 493  1081
870 494  1875
651 240  2594
874 244  3160
Воспроизведение
653 484  5215
880 499  5828
639 256  6735
870 261  7552
NO_ILLUSION0_WIDTH:266
906 483  878
650 479  1711
913 250  2509
634 235  3452
Воспроизведение
906 482  4782
647 486  5599
912 268  6397
607 254  7591
NO_ILLUSION0_WIDTH:266
635 490  1144
907 496  2118
632 251  2900
898 247  3638
Воспроизведение
630 482  4972
897 491  5916
622 238  7062
906 239  8006
NO_ILLUSION0_WIDTH:171
866 495  927
701 497  1510
866 249  2293
679 239  2914
Воспроизведение
872 494  4082
703 494  4651
856 262  5418
662 240  6033
NO_ILLUSION0_WIDTH:209
673 485  1064
878 486  1744
659 252  2574
878 258  3301
Воспроизведение
674 489  4650
870 486  5406
647 252  6284
872 252  7163
NO_ILLUSION0_WIDTH:247
906 481  846
654 484  1571
906 255  2306
636 239  3225
Воспроизведение
894 483  4551
654 490  5258
872 252  6167
635 243  7056
NO_ILLUSION0_WIDTH:171
870 503  1302
694 486  1884
872 252  2526
689 244  3221
Воспроизведение
853 481  4380
694 483  4962
838 257  5823
674 245  6515
NO_ILLUSION0_WIDTH:152
684 238  1097
848 241  1805
700 488  2859
845 494  3472
Воспроизведение
698 243  4709
850 239  5326
708 455  6345
855 455  7007
NO_ILLUSION0_WIDTH:152
853 503  1111
688 499  1793
853 270  2792
686 264  3374
Воспроизведение
844 498  4768
699 493  5400
852 272  6167
685 263  6780
NO_ILLUSION0_WIDTH:247
641 268  1034
890 261  1742
650 509  2790
890 506  3559
Воспроизведение
630 255  5210
902 255  5967
638 457  6924
890 470  7663
