не показывать курсор
тип стимула MULLER_TOPLARGER
перпендикулярные отрезки в Оппель-Кундта каждые... пикс 19
высота перпендикулярных отрезков в Оппель-Кундта 20
угол стрелок 45
длина стрелок 20
длина штанги (1я часть) 1 152
длина штанги (1я часть) 2 171
длина штанги (1я часть) 3 209
длина штанги (1я часть) 4 247
длина штанги (1я часть) 5 266
длина штанги (1я часть) 6 152
длина штанги (1я часть) 7 171
длина штанги (1я часть) 8 209
длина штанги (1я часть) 9 247
длина штанги (1я часть) 10 266
длина штанги (2я часть) 1 152
длина штанги (2я часть) 2 171
длина штанги (2я часть) 3 209
длина штанги (2я часть) 4 247
длина штанги (2я часть) 5 266
длина штанги (2я часть) 6 152
длина штанги (2я часть) 7 171
длина штанги (2я часть) 8 209
длина штанги (2я часть) 9 247
длина штанги (2я часть) 10 266
длина "закрывашек" 20
расстояние между линиями 240
расстояние до рельсов Понзо 20
ширина линий 4
всего опытов 20
ILLUSION_TOP_LARGER_WIDTH:209
662 255  3077
879 246  4133
678 482  4966
872 486  5878
Воспроизведение
660 248  7648
870 235  8578
647 375  9329
899 364  10416
ILLUSION_TOP_LARGER_WIDTH:171
692 247  1596
860 242  2635
686 483  3636
863 475  4597
Воспроизведение
650 240  7836
843 233  8859
619 336  9956
845 335  11328
ILLUSION_TOP_LARGER_WIDTH:247
645 244  1255
893 244  2706
646 483  3492
898 480  4671
Воспроизведение
650 273  6551
914 247  7797
629 396  8596
913 399  9558
ILLUSION_TOP_LARGER_WIDTH:247
642 256  1394
893 253  2730
650 487  3593
888 484  4741
Воспроизведение
631 246  7250
886 236  8623
647 334  9515
910 331  10822
ILLUSION_TOP_LARGER_WIDTH:152
698 251  1363
834 246  2115
702 484  2943
842 487  3760
Воспроизведение
656 244  5152
813 241  6083
636 363  6771
806 367  7640
ILLUSION_TOP_LARGER_WIDTH:209
654 248  1081
870 251  2529
709 465  2889
709 465  2889
666 483  3518
872 482  4622
Воспроизведение
637 251  6237
863 243  7323
623 391  8325
852 381  9335
ILLUSION_TOP_LARGER_WIDTH:266
644 239  1320
895 251  2410
644 494  3410
894 484  4422
Воспроизведение
653 267  5676
906 259  6450
670 379  7275
918 383  8310
ILLUSION_TOP_LARGER_WIDTH:171
688 249  1588
870 241  2584
679 487  3585
850 483  4891
Воспроизведение
666 276  6778
878 265  7865
662 376  8602
890 371  9874
ILLUSION_TOP_LARGER_WIDTH:152
695 255  1348
846 247  2228
701 498  3089
852 483  4641
Воспроизведение
668 242  6551
868 239  7717
647 378  8484
854 377  9662
ILLUSION_TOP_LARGER_WIDTH:266
639 251  1347
902 253  2725
642 487  3523
899 487  4874
Воспроизведение
622 259  6706
892 247  7838
610 387  8653
893 376  9965
NO_ILLUSION0_WIDTH:209
670 243  1382
876 246  2817
673 484  3727
880 481  5182
Воспроизведение
631 265  8066
855 263  9246
628 380  10044
873 388  11291
NO_ILLUSION0_WIDTH:171
681 255  1220
681 255  1220
729 257  1689
861 244  2587
679 480  3322
854 485  4621
Воспроизведение
673 259  6154
855 259  7181
680 390  8010
866 385  9002
NO_ILLUSION0_WIDTH:152
689 243  1157
842 246  2105
698 500  2843
847 485  4143
Воспроизведение
706 271  5678
861 258  6599
701 397  7358
875 396  8497
NO_ILLUSION0_WIDTH:247
650 252  1458
892 251  2546
649 497  3331
887 476  4604
Воспроизведение
651 267  6012
871 260  6970
638 369  7783
866 376  8821
NO_ILLUSION0_WIDTH:266
639 251  1224
901 247  2361
635 487  3222
907 482  4371
Воспроизведение
642 263  6830
927 254  7930
626 360  8884
896 356  10316
NO_ILLUSION0_WIDTH:247
648 245  1522
889 250  2811
650 488  3687
892 483  5085
Воспроизведение
654 286  6855
905 286  8052
658 391  9031
879 381  10205
NO_ILLUSION0_WIDTH:152
685 251  1379
840 251  2323
686 481  3294
846 483  4522
Воспроизведение
703 275  6384
878 266  7496
702 407  8404
868 392  9681
NO_ILLUSION0_WIDTH:266
634 244  1172
906 247  2655
633 486  3581
905 480  5043
Воспроизведение
654 255  6733
908 251  8622
634 391  9499
902 386  11233
NO_ILLUSION0_WIDTH:209
669 250  1809
878 242  2994
672 486  3994
876 484  5271
Воспроизведение
677 273  7040
901 269  8539
665 395  9461
891 391  10817
NO_ILLUSION0_WIDTH:171
682 248  1239
861 243  2295
679 486  3188
858 481  4343
Воспроизведение
677 271  5774
918 259  7128
683 392  7928
919 396  9352
