не показывать курсор
тип стимула MULLER_TOPLARGER
перпендикулярные отрезки в Оппель-Кундта каждые... пикс 19
высота перпендикулярных отрезков в Оппель-Кундта 20
угол стрелок 45
длина стрелок 20
длина штанги (1я часть) 1 152
длина штанги (1я часть) 2 171
длина штанги (1я часть) 3 209
длина штанги (1я часть) 4 247
длина штанги (1я часть) 5 266
длина штанги (1я часть) 6 152
длина штанги (1я часть) 7 171
длина штанги (1я часть) 8 209
длина штанги (1я часть) 9 247
длина штанги (1я часть) 10 266
длина штанги (2я часть) 1 152
длина штанги (2я часть) 2 171
длина штанги (2я часть) 3 209
длина штанги (2я часть) 4 247
длина штанги (2я часть) 5 266
длина штанги (2я часть) 6 152
длина штанги (2я часть) 7 171
длина штанги (2я часть) 8 209
длина штанги (2я часть) 9 247
длина штанги (2я часть) 10 266
длина "закрывашек" 20
расстояние между линиями 240
расстояние до рельсов Понзо 20
ширина линий 4
всего опытов 20
ILLUSION_TOP_LARGER_WIDTH:152
698 258  38303
844 251  39357
705 495  40659
836 491  41468
Воспроизведение
682 295  43819
826 283  44798
654 499  45662
818 481  46786
ILLUSION_TOP_LARGER_WIDTH:266
646 263  2387
890 252  3785
646 479  4786
898 487  6094
Воспроизведение
638 270  9258
920 268  10474
623 475  11556
898 456  12692
ILLUSION_TOP_LARGER_WIDTH:171
696 256  2493
853 254  3374
690 487  4470
846 488  5419
Воспроизведение
658 303  7408
826 303  8510
650 483  9495
814 474  10503
ILLUSION_TOP_LARGER_WIDTH:152
691 257  1553
833 249  2559
690 499  3642
825 491  4635
Воспроизведение
654 299  6863
839 303  7761
653 478  8683
827 475  9501
ILLUSION_TOP_LARGER_WIDTH:247
650 253  1585
886 251  2722
656 490  3712
875 489  4908
Воспроизведение
638 276  6724
877 274  8126
644 458  9317
873 451  10419
ILLUSION_TOP_LARGER_WIDTH:266
631 251  2380
905 251  4496
643 501  5784
880 487  7265
Воспроизведение
574 242  10507
890 235  12099
574 389  13210
873 386  14820
ILLUSION_TOP_LARGER_WIDTH:247
641 257  1647
876 252  2878
646 491  4056
874 489  5656
Воспроизведение
586 296  8707
904 296  10582
579 442  11521
874 434  12984
ILLUSION_TOP_LARGER_WIDTH:209
674 255  1738
872 251  3200
669 487  4438
854 487  5460
Воспроизведение
605 289  7542
842 282  9053
575 441  10137
823 438  11506
ILLUSION_TOP_LARGER_WIDTH:209
655 253  2555
863 251  3915
670 478  5295
866 486  6847
Воспроизведение
622 287  10055
862 274  11377
585 428  12614
841 420  14040
ILLUSION_TOP_LARGER_WIDTH:171
678 261  2217
846 252  3546
687 495  4517
840 489  5619
Воспроизведение
638 290  8733
838 282  9834
657 438  11163
809 423  12252
NO_ILLUSION0_WIDTH:152
706 259  2036
825 255  3191
698 484  4662
839 483  5875
Воспроизведение
651 263  8617
819 263  9845
648 428  10829
819 418  11963
NO_ILLUSION0_WIDTH:171
690 265  1598
846 255  2626
684 498  3718
841 487  4630
Воспроизведение
660 266  6964
828 263  7908
659 438  9084
815 427  10218
NO_ILLUSION0_WIDTH:247
646 258  1543
875 252  2836
652 493  4026
875 487  5300
Воспроизведение
651 264  8869
866 265  10378
673 418  11677
852 400  13064
NO_ILLUSION0_WIDTH:209
666 247  1940
864 251  3125
665 479  4142
870 488  5375
Воспроизведение
676 298  6986
869 291  8230
680 479  9342
876 469  10351
NO_ILLUSION0_WIDTH:171
679 255  1672
849 252  2707
690 503  3770
850 490  5077
Воспроизведение
648 309  8520
838 311  9675
628 500  10740
820 499  11762
NO_ILLUSION0_WIDTH:266
636 261  1801
886 252  3341
640 490  4469
892 491  5883
Воспроизведение
631 301  8321
850 299  9478
638 458  10698
882 455  12070
NO_ILLUSION0_WIDTH:209
664 260  2275
865 256  3526
672 495  4469
860 483  5316
Воспроизведение
654 268  7447
892 259  8580
616 438  9727
829 436  10970
NO_ILLUSION0_WIDTH:266
635 261  1112
896 259  2360
647 483  3269
894 487  4464
Воспроизведение
645 251  7046
895 264  8202
610 473  9558
916 471  11248
NO_ILLUSION0_WIDTH:247
648 247  2820
879 258  4159
656 495  5082
890 490  6229
Воспроизведение
639 256  8597
889 255  9744
590 461  10557
893 464  11816
NO_ILLUSION0_WIDTH:152
688 259  1051
844 257  2088
703 491  2982
837 495  3719
Воспроизведение
671 276  5720
823 284  6541
662 467  7688
814 461  8554
