не показывать курсор
тип стимула MULLER_TOPLARGER
перпендикулярные отрезки в Оппель-Кундта каждые... пикс 19
высота перпендикулярных отрезков в Оппель-Кундта 20
угол стрелок 45
длина стрелок 20
длина штанги (1я часть) 1 152
длина штанги (1я часть) 2 171
длина штанги (1я часть) 3 209
длина штанги (1я часть) 4 247
длина штанги (1я часть) 5 266
длина штанги (1я часть) 6 152
длина штанги (1я часть) 7 171
длина штанги (1я часть) 8 209
длина штанги (1я часть) 9 247
длина штанги (1я часть) 10 266
длина штанги (2я часть) 1 152
длина штанги (2я часть) 2 171
длина штанги (2я часть) 3 209
длина штанги (2я часть) 4 247
длина штанги (2я часть) 5 266
длина штанги (2я часть) 6 152
длина штанги (2я часть) 7 171
длина штанги (2я часть) 8 209
длина штанги (2я часть) 9 247
длина штанги (2я часть) 10 266
длина "закрывашек" 20
расстояние между линиями 240
расстояние до рельсов Понзо 20
ширина линий 4
всего опытов 20
ILLUSION_TOP_LARGER_WIDTH:266
634 254  9948
901 252  13090
638 497  15855
892 491  19207
Воспроизведение
640 260  23702
859 270  26255
651 515  29031
837 522  31753
ILLUSION_TOP_LARGER_WIDTH:247
645 250  2368
889 255  6016
650 494  8814
884 487  12879
Воспроизведение
685 267  16265
864 268  19402
666 539  22160
848 545  24978
ILLUSION_TOP_LARGER_WIDTH:209
662 251  2433
870 253  6229
665 485  9076
867 489  12885
Воспроизведение
682 262  16682
855 266  19429
703 550  22511
849 553  25214
ILLUSION_TOP_LARGER_WIDTH:152
754 249  5503
844 252  7326
696 491  10229
836 487  13270
Воспроизведение
697 262  17313
863 262  20384
720 547  23103
877 547  25672
ILLUSION_TOP_LARGER_WIDTH:171
682 253  3499
854 252  7764
684 489  10673
850 487  13433
Воспроизведение
695 252  17036
872 260  19890
702 582  23166
878 590  26693
ILLUSION_TOP_LARGER_WIDTH:171
678 251  4794
856 251  8703
685 492  11564
843 487  15188
Воспроизведение
689 252  18239
875 269  21426
702 526  23836
876 526  26604
ILLUSION_TOP_LARGER_WIDTH:247
642 256  2918
890 253  6481
650 488  9138
883 488  13260
Воспроизведение
649 257  17076
880 267  20000
665 551  22376
879 549  25354
ILLUSION_TOP_LARGER_WIDTH:152
754 249  4744
842 253  6626
698 487  9370
835 487  12255
692 255  15399
841 251  18705
695 490  21612
835 488  25096
Воспроизведение
701 259  30957
874 267  33870
738 552  36330
890 557  39402
ILLUSION_TOP_LARGER_WIDTH:266
635 251  2358
899 251  5905
641 488  8626
894 485  12349
Воспроизведение
652 263  16697
910 275  19893
678 583  22616
885 583  26009
ILLUSION_TOP_LARGER_WIDTH:209
663 253  3475
870 251  7400
670 491  9986
867 487  13134
Воспроизведение
678 258  16936
901 268  20607
714 551  22840
904 556  26063
NO_ILLUSION0_WIDTH:171
680 487  10282
852 486  13742
Воспроизведение
702 267  16730
894 285  19179
704 558  21301
878 562  24031
NO_ILLUSION0_WIDTH:266
634 247  4470
898 253  8536
636 482  11047
902 487  15051
Воспроизведение
675 261  18143
927 269  21256
678 573  23666
902 572  26787
NO_ILLUSION0_WIDTH:266
635 247  2489
896 252  6466
641 486  9357
904 487  13300
Воспроизведение
649 267  17181
892 269  19957
675 578  22381
884 575  24932
NO_ILLUSION0_WIDTH:152
754 247  4286
839 250  6402
693 486  8750
838 485  11311
Воспроизведение
706 266  15063
862 274  17320
701 552  19668
866 547  21897
NO_ILLUSION0_WIDTH:152
691 251  2620
842 252  5239
697 491  7742
842 484  10407
Воспроизведение
705 259  13041
856 269  15578
701 508  17834
822 507  20296
NO_ILLUSION0_WIDTH:209
662 245  2371
871 250  5432
659 490  7782
878 487  11434
Воспроизведение
665 253  14492
878 270  17621
687 540  20022
883 545  22760
NO_ILLUSION0_WIDTH:247
642 249  2240
886 252  5748
642 487  8382
887 487  12065
645 252  16509
886 247  19775
646 485  22220
886 487  25496
Воспроизведение
668 248  28094
894 267  30841
686 507  32990
894 506  35670
NO_ILLUSION0_WIDTH:247
648 249  4153
888 254  7859
646 484  10539
892 486  13919
Воспроизведение
674 260  16494
893 269  18985
676 554  21463
898 556  24519
NO_ILLUSION0_WIDTH:171
685 255  2428
851 250  5331
678 494  7374
854 487  10055
Воспроизведение
699 266  13790
870 274  16515
726 608  18871
854 610  21057
NO_ILLUSION0_WIDTH:209
662 251  2299
868 249  5183
663 487  7652
871 487  10630
Воспроизведение
672 254  13781
886 262  16377
677 565  18647
866 569  21320
