не показывать курсор
тип стимула MULLER_TOPLARGER
перпендикулярные отрезки в Оппель-Кундта каждые... пикс 19
высота перпендикулярных отрезков в Оппель-Кундта 20
угол стрелок 45
длина стрелок 20
длина штанги (1я часть) 1 152
длина штанги (1я часть) 2 171
длина штанги (1я часть) 3 209
длина штанги (1я часть) 4 247
длина штанги (1я часть) 5 266
длина штанги (1я часть) 6 152
длина штанги (1я часть) 7 171
длина штанги (1я часть) 8 209
длина штанги (1я часть) 9 247
длина штанги (1я часть) 10 266
длина штанги (2я часть) 1 152
длина штанги (2я часть) 2 171
длина штанги (2я часть) 3 209
длина штанги (2я часть) 4 247
длина штанги (2я часть) 5 266
длина штанги (2я часть) 6 152
длина штанги (2я часть) 7 171
длина штанги (2я часть) 8 209
длина штанги (2я часть) 9 247
длина штанги (2я часть) 10 266
длина "закрывашек" 20
расстояние между линиями 240
расстояние до рельсов Понзо 20
ширина линий 4
всего опытов 20
ILLUSION_TOP_LARGER_WIDTH:266
617 255  7508
903 247  9716
632 486  11937
903 491  14435
Воспроизведение
648 246  17243
923 266  19574
670 486  21621
908 487  23821
ILLUSION_TOP_LARGER_WIDTH:152
694 259  1740
846 253  3758
691 486  6341
840 491  8398
Воспроизведение
703 259  11142
855 260  13177
719 487  14897
826 491  16449
ILLUSION_TOP_LARGER_WIDTH:247
639 251  2065
890 251  4995
637 480  6749
882 492  9400
Воспроизведение
654 244  11586
896 247  14473
677 517  16495
854 520  18571
ILLUSION_TOP_LARGER_WIDTH:209
648 262  1956
867 251  4358
665 484  6119
866 493  8775
Воспроизведение
670 245  11653
890 256  14436
702 485  16410
888 495  19052
ILLUSION_TOP_LARGER_WIDTH:171
676 257  1814
856 254  4220
678 483  6262
846 494  9302
Воспроизведение
701 251  12130
872 254  14886
700 509  16783
864 514  19618
ILLUSION_TOP_LARGER_WIDTH:209
654 258  1934
869 253  5592
655 485  7478
868 495  10570
Воспроизведение
651 250  14611
890 259  17675
697 509  19662
875 521  22715
ILLUSION_TOP_LARGER_WIDTH:266
628 260  2211
895 256  4649
628 490  6771
894 495  10421
Воспроизведение
647 255  15239
896 267  18422
654 512  20936
859 519  24005
ILLUSION_TOP_LARGER_WIDTH:247
647 242  1997
894 251  4941
645 483  7232
888 495  10619
Воспроизведение
639 248  13538
890 255  16351
651 491  18238
864 493  20686
ILLUSION_TOP_LARGER_WIDTH:171
678 255  2336
849 253  5069
682 483  6985
846 493  10112
Воспроизведение
700 262  14288
889 271  16952
703 487  18788
870 495  21673
ILLUSION_TOP_LARGER_WIDTH:152
678 248  2526
839 256  5316
690 487  7291
840 491  10246
Воспроизведение
680 265  12468
868 258  15460
704 548  17399
839 556  19558
NO_ILLUSION0_WIDTH:152
690 254  2404
846 252  5110
684 481  7316
846 489  10313
Воспроизведение
684 259  13515
865 268  15956
694 507  17742
832 512  19670
NO_ILLUSION0_WIDTH:171
674 254  6515
852 247  9046
675 480  11228
847 491  14126
Воспроизведение
684 251  17523
878 259  20383
658 538  22586
819 548  23886
NO_ILLUSION0_WIDTH:209
658 251  8285
865 249  10788
660 485  12812
867 491  16249
Воспроизведение
662 251  22988
912 251  26039
693 489  28001
893 495  30902
NO_ILLUSION0_WIDTH:152
689 252  2069
846 254  4901
689 491  6978
838 492  9635
Воспроизведение
690 249  12247
864 260  15925
694 487  17759
861 495  20309
NO_ILLUSION0_WIDTH:266
626 252  2287
894 250  5478
628 484  7542
898 490  10472
Воспроизведение
646 259  13496
919 264  16249
650 493  18242
877 496  21285
NO_ILLUSION0_WIDTH:266
631 257  2234
894 255  5965
631 485  7921
898 493  11426
Воспроизведение
633 263  15230
917 266  19098
666 487  21063
911 487  24424
NO_ILLUSION0_WIDTH:247
642 251  2560
890 259  6285
637 491  8271
888 491  12026
Воспроизведение
662 263  15192
909 269  18245
666 483  20203
886 494  23292
NO_ILLUSION0_WIDTH:171
674 257  2114
852 255  5199
670 483  7222
851 491  10292
Воспроизведение
679 255  12579
882 257  15647
674 447  17571
850 454  20210
NO_ILLUSION0_WIDTH:247
646 257  2252
888 253  6217
637 499  8203
890 493  11736
Воспроизведение
659 256  14489
913 261  17537
662 495  19355
886 503  22375
NO_ILLUSION0_WIDTH:209
663 258  2375
868 258  5775
655 493  7781
868 491  10326
Воспроизведение
674 254  13524
902 263  16324
669 490  18273
842 499  20079
