не показывать курсор
тип стимула MULLER_TOPLARGER
перпендикулярные отрезки в Оппель-Кундта каждые... пикс 19
высота перпендикулярных отрезков в Оппель-Кундта 20
угол стрелок 45
длина стрелок 20
длина штанги (1я часть) 1 152
длина штанги (1я часть) 2 171
длина штанги (1я часть) 3 209
длина штанги (1я часть) 4 247
длина штанги (1я часть) 5 266
длина штанги (1я часть) 6 152
длина штанги (1я часть) 7 171
длина штанги (1я часть) 8 209
длина штанги (1я часть) 9 247
длина штанги (1я часть) 10 266
длина штанги (2я часть) 1 152
длина штанги (2я часть) 2 171
длина штанги (2я часть) 3 209
длина штанги (2я часть) 4 247
длина штанги (2я часть) 5 266
длина штанги (2я часть) 6 152
длина штанги (2я часть) 7 171
длина штанги (2я часть) 8 209
длина штанги (2я часть) 9 247
длина штанги (2я часть) 10 266
длина "закрывашек" 20
расстояние между линиями 240
расстояние до рельсов Понзо 20
ширина линий 4
всего опытов 20
ILLUSION_TOP_LARGER_WIDTH:171
686 249  3655
859 255  4179
694 483  5072
846 481  5593
Воспроизведение
723 266  7895
887 257  8623
738 465  9657
869 451  10148
ILLUSION_TOP_LARGER_WIDTH:152
688 246  3316
847 252  3744
694 492  4387
847 485  4792
Воспроизведение
682 262  6460
879 250  6952
685 448  7687
872 457  8147
ILLUSION_TOP_LARGER_WIDTH:247
643 266  1842
889 255  2653
659 485  3390
883 481  4091
Воспроизведение
641 243  5532
907 253  6207
683 466  6942
910 469  7476
ILLUSION_TOP_LARGER_WIDTH:171
686 251  1299
858 254  1868
683 478  2635
873 483  3399
Воспроизведение
666 255  5107
865 243  5581
690 475  6223
847 471  6695
ILLUSION_TOP_LARGER_WIDTH:266
638 247  1428
911 252  1959
643 483  2651
902 485  3309
Воспроизведение
652 265  5827
930 266  6355
675 515  6950
887 512  7394
ILLUSION_TOP_LARGER_WIDTH:266
628 265  1347
906 251  2033
636 489  2687
912 494  3252
Воспроизведение
626 249  4551
936 244  5143
673 514  5909
936 507  6525
ILLUSION_TOP_LARGER_WIDTH:209
650 249  1147
873 255  1831
658 484  2455
872 495  3010
Воспроизведение
642 243  4531
889 242  5098
661 485  5913
882 481  6511
ILLUSION_TOP_LARGER_WIDTH:152
675 234  1131
854 250  1708
692 499  2626
849 491  3192
Воспроизведение
691 238  4714
901 248  5264
721 489  5862
874 491  6287
ILLUSION_TOP_LARGER_WIDTH:209
653 239  1208
887 259  1732
659 490  2375
894 488  2881
Воспроизведение
663 265  4367
903 266  4902
688 481  5499
882 478  6052
ILLUSION_TOP_LARGER_WIDTH:247
642 227  1008
906 243  1530
645 484  2073
901 489  2631
Воспроизведение
634 244  4168
924 243  4685
628 482  5235
918 472  5808
NO_ILLUSION0_WIDTH:209
649 243  1068
890 255  1628
678 495  2268
878 491  2765
Воспроизведение
692 249  6449
926 243  6847
702 443  7409
892 448  7853
NO_ILLUSION0_WIDTH:209
657 252  1223
878 248  1739
647 480  2279
879 487  2783
Воспроизведение
644 255  3967
892 255  4440
686 466  4978
899 477  5497
NO_ILLUSION0_WIDTH:171
677 241  933
859 245  1323
682 483  1826
860 483  2213
Воспроизведение
666 251  3447
873 258  3892
686 485  4439
854 487  4935
NO_ILLUSION0_WIDTH:247
636 247  1055
910 248  1547
642 480  2150
898 496  2860
Воспроизведение
621 235  4412
922 259  4933
661 479  5497
904 480  6117
NO_ILLUSION0_WIDTH:152
686 244  909
848 252  1289
702 491  1871
847 495  2346
Воспроизведение
670 255  3848
859 258  4323
690 480  4935
860 483  5504
NO_ILLUSION0_WIDTH:266
626 244  1174
916 246  1697
624 487  2194
921 484  2780
Воспроизведение
611 254  4205
937 245  4786
626 494  5413
891 508  5984
NO_ILLUSION0_WIDTH:171
671 245  1035
869 253  1448
673 499  1966
871 505  2534
Воспроизведение
676 245  3866
882 249  4356
698 500  4936
888 494  5660
NO_ILLUSION0_WIDTH:266
627 235  970
909 244  1571
618 483  2110
906 488  2762
Воспроизведение
636 268  4222
914 268  4932
642 479  5573
878 486  6363
NO_ILLUSION0_WIDTH:152
690 251  954
849 251  1364
690 472  1990
858 487  2555
Воспроизведение
691 251  3744
858 255  4204
699 488  4847
857 494  5283
NO_ILLUSION0_WIDTH:247
645 262  863
910 252  1370
643 487  1966
899 495  2669
Воспроизведение
641 265  4433
897 268  5034
618 492  5723
870 495  6341
