не показывать курсор
тип стимула MULLER_TOPLARGER
перпендикулярные отрезки в Оппель-Кундта каждые... пикс 19
высота перпендикулярных отрезков в Оппель-Кундта 20
угол стрелок 45
длина стрелок 20
длина штанги (1я часть) 1 152
длина штанги (1я часть) 2 171
длина штанги (1я часть) 3 209
длина штанги (1я часть) 4 247
длина штанги (1я часть) 5 266
длина штанги (1я часть) 6 152
длина штанги (1я часть) 7 171
длина штанги (1я часть) 8 209
длина штанги (1я часть) 9 247
длина штанги (1я часть) 10 266
длина штанги (2я часть) 1 152
длина штанги (2я часть) 2 171
длина штанги (2я часть) 3 209
длина штанги (2я часть) 4 247
длина штанги (2я часть) 5 266
длина штанги (2я часть) 6 152
длина штанги (2я часть) 7 171
длина штанги (2я часть) 8 209
длина штанги (2я часть) 9 247
длина штанги (2я часть) 10 266
длина "закрывашек" 20
расстояние между линиями 240
расстояние до рельсов Понзо 20
ширина линий 4
всего опытов 20
ILLUSION_TOP_LARGER_WIDTH:209
670 251  4163
866 259  4650
674 479  5449
866 495  6020
Воспроизведение
612 233  9169
876 243  9652
632 442  10385
846 462  10792
ILLUSION_TOP_LARGER_WIDTH:266
629 248  896
906 245  1527
646 488  2203
911 495  2803
Воспроизведение
636 254  3949
956 249  4572
660 459  5163
897 452  5741
ILLUSION_TOP_LARGER_WIDTH:247
626 244  848
906 246  1483
650 484  2165
891 492  2778
Воспроизведение
642 236  3812
944 239  4471
662 467  5121
882 470  5784
ILLUSION_TOP_LARGER_WIDTH:171
678 254  844
861 250  1331
681 495  2004
849 494  2521
Воспроизведение
676 235  3695
890 244  4339
653 455  4965
852 459  5483
ILLUSION_TOP_LARGER_WIDTH:152
682 235  1002
851 246  1461
694 483  2152
846 483  2603
Воспроизведение
677 261  3740
861 257  4278
696 450  4906
872 454  5370
ILLUSION_TOP_LARGER_WIDTH:171
670 247  923
863 250  1476
688 483  2197
854 496  2889
Воспроизведение
676 265  4184
903 256  4657
686 449  5299
879 449  5945
ILLUSION_TOP_LARGER_WIDTH:152
693 244  861
848 242  1367
700 481  2149
850 479  2649
Воспроизведение
674 235  3743
899 230  4296
684 452  5019
879 455  5556
ILLUSION_TOP_LARGER_WIDTH:247
651 256  782
909 254  1336
650 491  2150
899 499  2972
Воспроизведение
626 248  4380
911 234  5013
642 467  5733
898 459  6400
ILLUSION_TOP_LARGER_WIDTH:209
663 248  751
881 246  1272
674 482  1978
882 486  2565
Воспроизведение
646 252  3771
914 255  4308
640 451  4935
899 449  5599
ILLUSION_TOP_LARGER_WIDTH:266
628 248  767
902 254  1384
639 480  2060
898 489  2721
Воспроизведение
616 244  4099
930 243  4850
650 451  5602
885 461  6505
NO_ILLUSION0_WIDTH:266
633 244  873
899 250  1527
636 481  2169
908 483  2831
Воспроизведение
639 250  3881
929 245  4459
662 475  5223
906 469  5773
NO_ILLUSION0_WIDTH:171
685 246  861
862 242  1300
690 487  2084
866 485  2649
Воспроизведение
662 255  3823
846 252  4435
667 476  5272
856 476  5873
NO_ILLUSION0_WIDTH:266
634 255  798
913 240  1415
636 482  2010
916 495  2626
Воспроизведение
639 251  3753
907 253  4413
650 468  5025
913 476  5738
NO_ILLUSION0_WIDTH:152
702 247  736
851 243  1178
687 490  1776
851 485  2240
Воспроизведение
678 252  3383
849 261  3835
681 470  4667
846 480  5143
NO_ILLUSION0_WIDTH:209
665 256  659
880 244  1197
657 483  1761
875 496  2306
Воспроизведение
658 252  3772
878 249  4357
665 455  5051
880 460  5700
NO_ILLUSION0_WIDTH:209
674 245  723
874 247  1282
656 479  1888
881 492  2612
Воспроизведение
659 239  3755
882 235  4288
660 471  4853
876 487  5292
NO_ILLUSION0_WIDTH:247
634 256  738
903 254  1304
641 495  1868
907 496  2499
Воспроизведение
628 251  3596
880 242  4252
626 462  5045
901 450  5627
NO_ILLUSION0_WIDTH:152
697 248  832
850 246  1291
702 486  1996
857 491  2563
Воспроизведение
681 255  3864
839 257  4403
700 455  5169
851 463  5643
NO_ILLUSION0_WIDTH:171
702 247  707
857 246  1261
683 489  1841
865 487  2378
Воспроизведение
676 258  3443
847 246  4025
675 474  4700
838 473  5268
NO_ILLUSION0_WIDTH:247
646 244  657
900 244  1209
652 491  1836
902 505  2555
Воспроизведение
638 244  3536
901 240  4032
650 482  4687
880 479  5226
