не показывать курсор
тип стимула MULLER_TOPLARGER
перпендикулярные отрезки в Оппель-Кундта каждые... пикс 19
высота перпендикулярных отрезков в Оппель-Кундта 20
угол стрелок 45
длина стрелок 20
длина штанги (1я часть) 1 152
длина штанги (1я часть) 2 171
длина штанги (1я часть) 3 209
длина штанги (1я часть) 4 247
длина штанги (1я часть) 5 266
длина штанги (1я часть) 6 152
длина штанги (1я часть) 7 171
длина штанги (1я часть) 8 209
длина штанги (1я часть) 9 247
длина штанги (1я часть) 10 266
длина штанги (2я часть) 1 152
длина штанги (2я часть) 2 171
длина штанги (2я часть) 3 209
длина штанги (2я часть) 4 247
длина штанги (2я часть) 5 266
длина штанги (2я часть) 6 152
длина штанги (2я часть) 7 171
длина штанги (2я часть) 8 209
длина штанги (2я часть) 9 247
длина штанги (2я часть) 10 266
длина "закрывашек" 20
расстояние между линиями 240
расстояние до рельсов Понзо 20
ширина линий 4
всего опытов 20
ILLUSION_TOP_LARGER_WIDTH:266
650 254  4181
896 248  4826
643 484  5626
899 491  6374
Воспроизведение
626 259  7407
895 256  8228
641 454  8862
914 453  9724
ILLUSION_TOP_LARGER_WIDTH:266
636 253  891
903 251  1854
631 498  2607
906 499  3452
Воспроизведение
608 243  4520
917 247  5274
628 487  6028
934 482  6864
ILLUSION_TOP_LARGER_WIDTH:209
674 247  945
863 247  1720
674 502  2458
871 491  3232
Воспроизведение
655 244  4405
871 254  5086
665 461  5868
880 456  6589
ILLUSION_TOP_LARGER_WIDTH:152
701 234  863
838 239  1571
702 502  2434
832 491  3208
Воспроизведение
674 270  4152
847 272  4857
678 477  5624
857 470  6366
ILLUSION_TOP_LARGER_WIDTH:209
666 239  896
874 252  1767
676 487  2580
872 484  3233
Воспроизведение
653 267  4298
870 269  5027
660 486  5794
879 487  6520
ILLUSION_TOP_LARGER_WIDTH:152
697 247  899
837 245  1587
703 487  2386
847 495  2986
Воспроизведение
689 255  4008
860 255  4608
702 483  5380
866 479  6066
ILLUSION_TOP_LARGER_WIDTH:247
650 239  919
887 246  1691
652 495  2432
879 491  3095
Воспроизведение
629 262  4060
893 264  4887
662 503  5674
900 504  6616
ILLUSION_TOP_LARGER_WIDTH:171
686 239  909
837 251  1454
685 490  2249
851 484  2802
Воспроизведение
667 252  3868
850 261  4610
686 507  5408
894 511  6148
ILLUSION_TOP_LARGER_WIDTH:247
648 236  927
890 250  1589
650 486  2316
888 485  3092
Воспроизведение
646 247  4194
899 251  4939
650 485  5708
917 477  6563
ILLUSION_TOP_LARGER_WIDTH:171
694 247  783
851 253  1334
691 487  2023
851 491  2575
Воспроизведение
678 247  3866
851 254  4448
676 480  5171
854 482  5767
NO_ILLUSION0_WIDTH:209
667 241  862
863 244  1496
670 491  2280
873 492  2957
Воспроизведение
652 262  3943
860 263  4635
665 504  5423
868 499  6100
NO_ILLUSION0_WIDTH:171
679 246  830
842 243  1395
678 487  2118
853 476  2685
Воспроизведение
677 285  3546
869 285  3930
698 486  4681
870 491  5186
NO_ILLUSION0_WIDTH:209
670 258  1080
877 251  1957
670 485  2797
874 498  3488
Воспроизведение
648 259  4689
877 257  5403
657 488  6203
876 483  6885
NO_ILLUSION0_WIDTH:247
648 235  814
907 243  1559
647 486  2219
879 488  3135
Воспроизведение
634 245  4107
888 254  4752
627 482  5489
890 481  6077
NO_ILLUSION0_WIDTH:266
636 239  788
906 251  1467
629 483  2070
906 491  2761
Воспроизведение
626 248  3810
899 254  4740
648 465  5459
913 458  6294
NO_ILLUSION0_WIDTH:152
702 256  972
831 259  1575
703 498  2250
833 487  2853
Воспроизведение
678 259  3948
844 267  4427
682 476  5143
867 477  5660
NO_ILLUSION0_WIDTH:152
695 239  926
842 249  1320
702 493  1902
850 488  2344
Воспроизведение
683 261  3379
851 263  3886
696 467  4546
853 455  5077
NO_ILLUSION0_WIDTH:247
641 244  831
888 248  1419
650 479  2081
885 493  2708
Воспроизведение
628 258  3622
862 260  4174
650 480  4921
872 484  5464
NO_ILLUSION0_WIDTH:266
630 239  708
896 242  1396
647 506  2015
884 496  2631
Воспроизведение
628 250  3666
878 263  4312
638 506  5050
902 507  5748
NO_ILLUSION0_WIDTH:171
687 239  801
852 249  1307
697 495  1922
858 485  2414
Воспроизведение
667 266  4466
837 275  4956
674 509  5724
834 510  6291
