не показывать курсор
тип стимула MULLER_TOPLARGER
перпендикулярные отрезки в Оппель-Кундта каждые... пикс 19
высота перпендикулярных отрезков в Оппель-Кундта 20
угол стрелок 45
длина стрелок 20
длина штанги (1я часть) 1 152
длина штанги (1я часть) 2 171
длина штанги (1я часть) 3 209
длина штанги (1я часть) 4 247
длина штанги (1я часть) 5 266
длина штанги (1я часть) 6 152
длина штанги (1я часть) 7 171
длина штанги (1я часть) 8 209
длина штанги (1я часть) 9 247
длина штанги (1я часть) 10 266
длина штанги (2я часть) 1 152
длина штанги (2я часть) 2 171
длина штанги (2я часть) 3 209
длина штанги (2я часть) 4 247
длина штанги (2я часть) 5 266
длина штанги (2я часть) 6 152
длина штанги (2я часть) 7 171
длина штанги (2я часть) 8 209
длина штанги (2я часть) 9 247
длина штанги (2я часть) 10 266
длина "закрывашек" 20
расстояние между линиями 240
расстояние до рельсов Понзо 20
ширина линий 4
всего опытов 20
ILLUSION_TOP_LARGER_WIDTH:266
656 235  11129
902 248  12335
651 262  12710
651 262  12716
651 262  12774
903 245  14470
646 484  15820
891 485  17165
646 489  18256
904 487  19684
Воспроизведение
662 256  21783
911 253  23035
678 484  24422
909 488  25806
ILLUSION_TOP_LARGER_WIDTH:152
700 251  1979
842 249  3151
701 483  4489
842 489  5609
Воспроизведение
676 256  7853
832 252  8821
690 521  9969
850 528  10868
ILLUSION_TOP_LARGER_WIDTH:247
650 253  4374
885 245  6290
651 486  7529
889 487  8707
Воспроизведение
630 249  10403
902 254  11830
638 554  12974
930 558  14307
ILLUSION_TOP_LARGER_WIDTH:266
643 243  1760
903 247  3109
641 485  4555
900 483  5728
Воспроизведение
622 255  9375
904 245  10647
638 523  11774
888 521  12895
ILLUSION_TOP_LARGER_WIDTH:171
695 250  1804
858 248  2802
686 483  3913
852 483  4899
Воспроизведение
666 256  6467
855 257  7458
700 487  8461
854 491  9374
ILLUSION_TOP_LARGER_WIDTH:209
666 243  1707
873 246  2770
672 487  3977
877 487  5028
Воспроизведение
657 247  6778
884 243  8063
683 510  9138
879 507  10026
ILLUSION_TOP_LARGER_WIDTH:247
650 254  1565
886 246  2955
652 484  4084
885 488  5225
Воспроизведение
648 251  6724
882 255  7852
679 515  8871
886 515  9977
ILLUSION_TOP_LARGER_WIDTH:209
670 249  1400
873 249  2521
672 479  3602
870 486  4872
Воспроизведение
668 259  6390
869 252  7404
683 480  8346
881 487  9386
ILLUSION_TOP_LARGER_WIDTH:152
702 249  1455
840 248  2302
701 487  3331
851 483  4149
Воспроизведение
686 259  5644
833 251  6479
680 479  7420
846 485  8369
ILLUSION_TOP_LARGER_WIDTH:171
685 247  2307
854 247  3171
685 483  4338
854 483  5412
Воспроизведение
675 255  6711
856 250  7938
697 483  8940
848 478  9903
NO_ILLUSION0_WIDTH:209
677 251  1410
871 247  2720
673 485  3677
874 489  4733
Воспроизведение
667 243  6071
870 248  7224
677 502  8166
874 499  9226
NO_ILLUSION0_WIDTH:171
691 244  1335
847 245  2398
691 487  3275
851 487  4128
Воспроизведение
693 260  5626
848 255  6505
696 487  7412
870 483  8343
NO_ILLUSION0_WIDTH:266
645 248  1286
902 248  2588
647 484  3343
902 489  4940
Воспроизведение
641 252  6241
914 258  7696
665 474  8672
923 478  10016
NO_ILLUSION0_WIDTH:247
648 244  1159
886 247  2432
652 487  3434
890 489  4832
Воспроизведение
640 246  6083
901 249  7402
660 479  8356
906 494  9613
NO_ILLUSION0_WIDTH:266
646 246  1142
894 248  2304
644 487  3342
900 489  4610
Воспроизведение
634 249  5902
886 250  7015
642 514  8099
931 520  9611
NO_ILLUSION0_WIDTH:209
673 243  1172
862 249  2194
669 483  3164
877 485  4314
Воспроизведение
675 259  5742
883 249  6813
681 527  7669
912 535  9189
NO_ILLUSION0_WIDTH:152
698 239  2004
834 248  2970
694 488  3926
842 487  4952
Воспроизведение
706 256  6220
840 252  7124
702 499  7955
854 503  9081
NO_ILLUSION0_WIDTH:247
651 237  1176
885 248  2455
652 488  3472
888 487  4729
Воспроизведение
638 255  5970
887 249  7165
643 517  8033
906 515  9296
NO_ILLUSION0_WIDTH:171
681 248  1048
849 243  2040
688 483  2886
854 487  3844
Воспроизведение
678 259  4830
836 248  5694
695 483  6572
858 489  7611
NO_ILLUSION0_WIDTH:152
696 251  989
835 251  1951
698 489  2874
838 487  3758
Воспроизведение
674 267  5137
818 255  5992
682 492  6680
835 497  7566
