не показывать курсор
тип стимула MULLER_TOPLARGER
перпендикулярные отрезки в Оппель-Кундта каждые... пикс 19
высота перпендикулярных отрезков в Оппель-Кундта 20
угол стрелок 45
длина стрелок 20
длина штанги (1я часть) 1 152
длина штанги (1я часть) 2 171
длина штанги (1я часть) 3 209
длина штанги (1я часть) 4 247
длина штанги (1я часть) 5 266
длина штанги (1я часть) 6 152
длина штанги (1я часть) 7 171
длина штанги (1я часть) 8 209
длина штанги (1я часть) 9 247
длина штанги (1я часть) 10 266
длина штанги (2я часть) 1 152
длина штанги (2я часть) 2 171
длина штанги (2я часть) 3 209
длина штанги (2я часть) 4 247
длина штанги (2я часть) 5 266
длина штанги (2я часть) 6 152
длина штанги (2я часть) 7 171
длина штанги (2я часть) 8 209
длина штанги (2я часть) 9 247
длина штанги (2я часть) 10 266
длина "закрывашек" 20
расстояние между линиями 240
расстояние до рельсов Понзо 20
ширина линий 4
всего опытов 20
ILLUSION_TOP_LARGER_WIDTH:152
669 247  2935
854 245  3658
697 483  4427
851 483  5150
Воспроизведение
676 242  6339
903 230  6859
702 431  7581
887 418  8243
ILLUSION_TOP_LARGER_WIDTH:209
659 258  1182
871 247  1824
673 484  2665
882 483  3353
Воспроизведение
659 264  4362
915 251  5005
674 452  5677
926 441  6481
ILLUSION_TOP_LARGER_WIDTH:209
654 239  784
874 242  1477
670 491  2135
880 491  2880
Воспроизведение
648 259  3882
871 252  4746
651 480  5538
918 484  6333
ILLUSION_TOP_LARGER_WIDTH:247
658 253  1190
906 255  1992
634 485  2684
896 487  3537
Воспроизведение
625 252  4834
625 252  4834
658 233  5248
899 219  5723
674 421  6397
910 424  6948
ILLUSION_TOP_LARGER_WIDTH:266
637 243  656
908 242  1290
634 486  2086
894 487  3055
Воспроизведение
625 252  3901
879 234  4467
637 433  5162
894 439  5814
ILLUSION_TOP_LARGER_WIDTH:171
686 254  1019
861 253  1574
692 473  2262
867 484  2874
Воспроизведение
682 272  3864
879 255  4429
702 429  5034
898 419  5615
ILLUSION_TOP_LARGER_WIDTH:247
634 245  813
890 249  1591
650 492  2261
896 483  2987
Воспроизведение
642 261  3927
912 259  4674
653 469  5257
934 462  6104
ILLUSION_TOP_LARGER_WIDTH:152
695 255  785
857 247  1388
699 487  1994
854 483  2466
Воспроизведение
674 267  3608
876 270  4320
700 443  4977
895 434  5688
ILLUSION_TOP_LARGER_WIDTH:266
625 252  814
905 253  1668
622 494  2484
904 478  3352
Воспроизведение
625 252  4403
912 256  5180
638 435  5949
902 408  6571
ILLUSION_TOP_LARGER_WIDTH:171
682 247  1584
850 247  2105
692 486  2810
855 487  3346
Воспроизведение
671 262  4319
849 269  4812
676 443  5452
863 431  5972
NO_ILLUSION0_WIDTH:152
692 244  800
864 236  1259
693 485  1870
857 480  2344
Воспроизведение
700 287  3257
901 268  3792
723 462  4545
906 467  5162
NO_ILLUSION0_WIDTH:171
678 252  815
861 244  1401
681 483  2028
878 487  2706
Воспроизведение
668 271  3695
875 264  4484
700 433  5126
894 431  5864
NO_ILLUSION0_WIDTH:247
647 251  736
888 241  1429
645 488  2058
903 474  2863
Воспроизведение
650 259  3773
910 262  4438
672 455  5003
937 446  5786
NO_ILLUSION0_WIDTH:266
625 252  647
893 245  1280
632 495  1815
918 492  2509
Воспроизведение
633 264  3575
920 252  4247
648 455  4976
920 446  5606
NO_ILLUSION0_WIDTH:171
691 251  659
861 257  1100
686 480  1702
856 491  2188
Воспроизведение
665 269  3096
868 264  3663
638 486  4274
869 478  4847
NO_ILLUSION0_WIDTH:209
652 262  628
870 246  1382
674 483  2009
878 493  2548
Воспроизведение
666 287  3468
862 271  4076
668 488  4680
859 478  5452
NO_ILLUSION0_WIDTH:247
642 255  696
890 237  1485
643 471  2097
906 488  3000
Воспроизведение
650 267  3832
894 263  4526
666 480  5043
915 478  5693
NO_ILLUSION0_WIDTH:209
658 254  643
858 243  1209
661 481  1806
883 483  2539
Воспроизведение
662 282  3391
894 274  4084
681 476  4742
882 475  5594
NO_ILLUSION0_WIDTH:152
678 255  674
842 242  1180
693 488  1803
860 484  2254
Воспроизведение
681 270  3285
863 259  3800
694 446  4389
886 453  4975
NO_ILLUSION0_WIDTH:266
625 252  689
887 235  1335
642 479  1947
898 487  2568
Воспроизведение
622 284  3816
897 280  4392
630 460  4998
902 458  5740
