не показывать курсор
тип стимула MULLER_TOPLARGER
перпендикулярные отрезки в Оппель-Кундта каждые... пикс 19
высота перпендикулярных отрезков в Оппель-Кундта 20
угол стрелок 45
длина стрелок 20
длина штанги (1я часть) 1 152
длина штанги (1я часть) 2 171
длина штанги (1я часть) 3 209
длина штанги (1я часть) 4 247
длина штанги (1я часть) 5 266
длина штанги (1я часть) 6 152
длина штанги (1я часть) 7 171
длина штанги (1я часть) 8 209
длина штанги (1я часть) 9 247
длина штанги (1я часть) 10 266
длина штанги (2я часть) 1 152
длина штанги (2я часть) 2 171
длина штанги (2я часть) 3 209
длина штанги (2я часть) 4 247
длина штанги (2я часть) 5 266
длина штанги (2я часть) 6 152
длина штанги (2я часть) 7 171
длина штанги (2я часть) 8 209
длина штанги (2я часть) 9 247
длина штанги (2я часть) 10 266
длина "закрывашек" 20
расстояние между линиями 240
расстояние до рельсов Понзо 20
ширина линий 4
всего опытов 20
ILLUSION_TOP_LARGER_WIDTH:171
698 247  2733
873 242  3318
682 487  4214
859 485  4914
Воспроизведение
667 274  6324
854 271  6944
682 440  7508
876 452  8196
ILLUSION_TOP_LARGER_WIDTH:247
649 255  1071
878 254  1802
639 485  2610
898 487  3354
Воспроизведение
653 244  4495
898 240  5129
674 440  5927
929 433  6626
ILLUSION_TOP_LARGER_WIDTH:152
685 239  738
872 243  1307
685 498  2059
851 482  2614
Воспроизведение
663 252  3758
886 240  4500
678 415  5156
916 415  5928
ILLUSION_TOP_LARGER_WIDTH:152
678 259  972
870 240  1666
678 479  2297
872 478  2932
Воспроизведение
682 260  3863
880 250  4426
701 445  5167
894 446  5748
ILLUSION_TOP_LARGER_WIDTH:209
652 251  976
877 251  1783
665 497  2346
888 488  3182
Воспроизведение
671 251  4186
894 252  4818
687 423  5633
921 425  6310
ILLUSION_TOP_LARGER_WIDTH:266
631 243  939
901 249  1888
639 487  2486
922 479  3167
Воспроизведение
615 260  4436
921 253  5211
652 436  5973
953 429  6759
ILLUSION_TOP_LARGER_WIDTH:266
634 250  990
911 246  1685
650 496  2374
928 483  3049
Воспроизведение
612 263  4128
911 265  4757
625 458  5386
912 450  6079
ILLUSION_TOP_LARGER_WIDTH:247
634 255  781
908 246  1409
647 482  2013
906 483  2643
Воспроизведение
616 260  3628
898 257  4178
638 469  4772
909 470  5464
ILLUSION_TOP_LARGER_WIDTH:171
679 246  610
890 247  1129
675 505  1740
881 489  2306
Воспроизведение
653 247  3276
855 232  3764
647 455  4361
853 444  4869
ILLUSION_TOP_LARGER_WIDTH:209
650 246  741
879 243  1304
658 487  1916
889 490  2668
Воспроизведение
631 257  3632
883 243  4231
661 425  4782
881 433  5560
NO_ILLUSION0_WIDTH:266
626 259  656
914 251  1378
618 493  1952
932 470  2522
Воспроизведение
638 246  3848
904 236  4474
650 457  5125
921 444  5647
NO_ILLUSION0_WIDTH:171
654 245  816
861 247  1494
682 491  2107
868 488  2548
Воспроизведение
647 276  3535
829 271  4011
673 467  4619
830 466  4949
NO_ILLUSION0_WIDTH:171
689 244  769
842 251  1350
686 493  2069
860 481  2549
Воспроизведение
668 251  3819
863 244  4316
695 463  5069
858 459  5795
NO_ILLUSION0_WIDTH:152
682 243  826
870 251  1302
694 497  1863
878 492  2385
Воспроизведение
659 252  3652
861 243  4076
660 477  4659
854 467  5258
NO_ILLUSION0_WIDTH:209
661 244  896
865 253  1481
660 502  1997
889 486  2463
Воспроизведение
647 262  3793
878 252  4494
680 464  6188
879 461  6625
NO_ILLUSION0_WIDTH:247
640 247  770
909 254  1542
645 495  2138
905 483  2864
Воспроизведение
624 259  3930
890 255  4492
645 443  5018
878 443  5693
NO_ILLUSION0_WIDTH:209
658 255  688
915 250  1175
658 502  1785
892 483  2348
Воспроизведение
646 258  3303
865 259  3758
654 445  4274
861 443  4793
NO_ILLUSION0_WIDTH:152
686 251  675
844 244  1162
682 483  1835
850 479  2310
Воспроизведение
686 243  3392
862 241  3888
727 439  5059
858 433  5500
NO_ILLUSION0_WIDTH:266
633 259  877
902 247  1600
653 491  2196
902 485  2845
Воспроизведение
661 267  3937
926 251  4585
671 438  5305
930 442  5983
NO_ILLUSION0_WIDTH:247
644 253  863
903 243  1481
644 483  2123
900 487  2771
Воспроизведение
594 241  3996
900 247  4595
614 459  5191
892 469  5790
