не показывать курсор
тип стимула MULLER_TOPLARGER
перпендикулярные отрезки в Оппель-Кундта каждые... пикс 19
высота перпендикулярных отрезков в Оппель-Кундта 20
угол стрелок 45
длина стрелок 20
длина штанги (1я часть) 1 152
длина штанги (1я часть) 2 171
длина штанги (1я часть) 3 209
длина штанги (1я часть) 4 247
длина штанги (1я часть) 5 266
длина штанги (1я часть) 6 152
длина штанги (1я часть) 7 171
длина штанги (1я часть) 8 209
длина штанги (1я часть) 9 247
длина штанги (1я часть) 10 266
длина штанги (2я часть) 1 152
длина штанги (2я часть) 2 171
длина штанги (2я часть) 3 209
длина штанги (2я часть) 4 247
длина штанги (2я часть) 5 266
длина штанги (2я часть) 6 152
длина штанги (2я часть) 7 171
длина штанги (2я часть) 8 209
длина штанги (2я часть) 9 247
длина штанги (2я часть) 10 266
длина "закрывашек" 20
расстояние между линиями 240
расстояние до рельсов Понзо 20
ширина линий 4
всего опытов 20
ILLUSION_TOP_LARGER_WIDTH:266
644 251  3304
898 253  4197
642 496  5147
889 488  6332
Воспроизведение
662 255  8001
893 262  8822
641 498  9458
904 496  10456
ILLUSION_TOP_LARGER_WIDTH:209
664 251  937
869 251  1680
662 502  2353
870 487  3532
Воспроизведение
646 253  4833
862 252  6020
642 493  6869
871 484  8057
ILLUSION_TOP_LARGER_WIDTH:247
655 247  887
886 262  1632
637 499  2286
882 478  3255
Воспроизведение
634 294  4673
882 280  5662
648 507  6421
898 483  7239
ILLUSION_TOP_LARGER_WIDTH:209
664 251  946
874 248  1731
661 495  2357
861 483  3182
Воспроизведение
617 277  4230
890 299  5038
653 542  5668
905 513  6637
ILLUSION_TOP_LARGER_WIDTH:266
633 255  863
894 250  1609
642 487  2252
906 481  3010
Воспроизведение
623 245  4154
895 255  4868
646 499  5604
904 473  6346
ILLUSION_TOP_LARGER_WIDTH:171
671 255  814
858 251  1471
686 487  2044
861 486  2638
Воспроизведение
674 262  3979
867 250  4578
662 505  5209
896 487  5961
ILLUSION_TOP_LARGER_WIDTH:171
678 250  643
850 255  1163
678 489  1743
846 485  2590
Воспроизведение
662 269  3847
851 268  4555
668 499  5334
874 485  6144
ILLUSION_TOP_LARGER_WIDTH:152
686 256  986
834 258  1811
686 496  2436
842 485  3355
Воспроизведение
683 243  4489
861 247  5452
701 484  6159
878 474  6952
ILLUSION_TOP_LARGER_WIDTH:247
642 253  867
894 256  1665
650 499  2249
895 483  2991
Воспроизведение
622 256  4354
894 248  5201
633 483  5735
870 473  6347
ILLUSION_TOP_LARGER_WIDTH:152
684 240  753
850 244  1289
694 487  1918
835 488  2547
Воспроизведение
682 256  3596
822 259  4129
698 486  4850
870 481  5718
NO_ILLUSION0_WIDTH:247
638 259  870
878 259  1848
647 499  2600
878 488  3357
Воспроизведение
642 260  4703
906 256  5460
676 511  6212
890 487  7211
NO_ILLUSION0_WIDTH:247
637 242  988
881 251  1631
646 483  2306
875 477  3198
Воспроизведение
634 248  4150
885 245  5003
654 471  5648
914 463  6171
NO_ILLUSION0_WIDTH:266
640 275  752
890 261  1588
640 493  2267
894 482  3432
Воспроизведение
624 255  5281
885 263  6060
684 484  6941
968 465  7904
NO_ILLUSION0_WIDTH:152
678 251  627
841 249  1099
674 490  1789
854 479  2476
Воспроизведение
678 241  3506
827 254  3900
662 487  4576
868 471  5220
NO_ILLUSION0_WIDTH:171
666 245  1205
848 253  1762
673 494  2339
848 484  2930
Воспроизведение
674 262  4920
854 259  5454
685 486  6080
866 473  6853
NO_ILLUSION0_WIDTH:209
661 263  644
878 247  1133
658 490  1666
874 488  2329
Воспроизведение
641 247  3552
902 251  4358
652 479  5001
894 468  5920
NO_ILLUSION0_WIDTH:266
632 247  1050
905 256  1653
639 485  2657
895 487  3454
Воспроизведение
636 231  5501
875 242  6021
647 466  6601
878 472  7229
NO_ILLUSION0_WIDTH:209
657 245  547
888 263  970
654 487  1690
870 475  2239
Воспроизведение
683 257  4428
906 263  5230
660 471  5919
906 451  6878
NO_ILLUSION0_WIDTH:152
685 253  640
844 241  1064
695 480  1644
858 481  2020
Воспроизведение
690 243  3271
860 237  3790
674 481  4465
864 478  5146
NO_ILLUSION0_WIDTH:171
684 255  1003
862 259  1683
675 498  2428
843 484  3166
Воспроизведение
677 252  4285
842 247  4912
683 478  5682
862 475  6555
