не показывать курсор
тип стимула MULLER_TOPLARGER
перпендикулярные отрезки в Оппель-Кундта каждые... пикс 19
высота перпендикулярных отрезков в Оппель-Кундта 20
угол стрелок 45
длина стрелок 20
длина штанги (1я часть) 1 152
длина штанги (1я часть) 2 171
длина штанги (1я часть) 3 209
длина штанги (1я часть) 4 247
длина штанги (1я часть) 5 266
длина штанги (1я часть) 6 152
длина штанги (1я часть) 7 171
длина штанги (1я часть) 8 209
длина штанги (1я часть) 9 247
длина штанги (1я часть) 10 266
длина штанги (2я часть) 1 152
длина штанги (2я часть) 2 171
длина штанги (2я часть) 3 209
длина штанги (2я часть) 4 247
длина штанги (2я часть) 5 266
длина штанги (2я часть) 6 152
длина штанги (2я часть) 7 171
длина штанги (2я часть) 8 209
длина штанги (2я часть) 9 247
длина штанги (2я часть) 10 266
длина "закрывашек" 20
расстояние между линиями 240
расстояние до рельсов Понзо 20
ширина линий 4
всего опытов 20
ILLUSION_TOP_LARGER_WIDTH:209
702 244  16858
877 246  17764
666 494  18754
869 492  20622
Воспроизведение
662 269  22453
662 269  22453
662 269  22484
899 257  24272
643 519  25619
898 509  26977
ILLUSION_TOP_LARGER_WIDTH:171
684 250  3283
855 251  4189
675 495  5600
850 487  6572
Воспроизведение
674 255  8372
871 243  9488
675 511  10901
872 507  11918
ILLUSION_TOP_LARGER_WIDTH:209
659 257  1807
867 246  3520
674 484  4784
880 484  6041
Воспроизведение
646 267  10589
863 275  11554
636 538  12857
891 541  13944
ILLUSION_TOP_LARGER_WIDTH:266
634 245  2409
902 247  3830
632 484  4740
894 487  6449
Воспроизведение
627 251  9037
921 260  10501
628 510  11380
628 510  11380
628 510  11451
873 517  12896
ILLUSION_TOP_LARGER_WIDTH:247
640 256  2097
890 241  3479
647 491  4607
890 491  6383
Воспроизведение
615 249  8542
912 242  10192
628 510  11555
909 508  12719
ILLUSION_TOP_LARGER_WIDTH:171
693 244  2047
850 243  2990
685 483  4213
854 491  5321
Воспроизведение
646 257  9103
883 248  9872
655 515  10782
882 523  11616
ILLUSION_TOP_LARGER_WIDTH:266
636 241  1613
906 248  2752
649 487  3786
903 489  5234
Воспроизведение
628 247  7818
894 243  9077
628 508  10063
895 529  10858
ILLUSION_TOP_LARGER_WIDTH:152
699 248  1791
842 252  2724
681 560  3085
681 560  3085
694 486  3804
840 496  4670
Воспроизведение
678 256  6937
818 228  7550
674 487  8617
842 489  9526
ILLUSION_TOP_LARGER_WIDTH:152
688 248  1645
858 246  2524
698 492  3641
841 483  4742
Воспроизведение
683 259  6960
841 254  7794
680 502  8701
874 495  9711
ILLUSION_TOP_LARGER_WIDTH:247
642 250  1396
892 236  2384
650 498  3203
882 495  4460
Воспроизведение
625 239  7493
890 231  8244
650 503  9037
914 519  10380
NO_ILLUSION0_WIDTH:209
651 256  1062
868 244  2282
672 491  3117
877 487  4394
Воспроизведение
674 248  6258
869 228  7119
650 497  7998
866 502  8775
NO_ILLUSION0_WIDTH:171
694 255  1317
857 244  2330
685 487  3321
850 485  4441
Воспроизведение
677 268  6385
866 265  7622
672 514  8682
848 507  9577
NO_ILLUSION0_WIDTH:152
694 247  1657
834 238  2633
691 493  3747
839 484  4488
Воспроизведение
702 246  5947
850 241  6788
697 491  7685
862 483  8594
NO_ILLUSION0_WIDTH:171
688 247  1646
849 243  2499
679 492  3568
852 483  4763
Воспроизведение
701 258  6676
866 252  7487
702 487  8336
869 480  9064
NO_ILLUSION0_WIDTH:247
647 250  1387
888 241  2852
650 484  3729
866 495  5162
Воспроизведение
649 257  6756
850 252  7921
642 500  8733
887 507  9681
NO_ILLUSION0_WIDTH:266
629 244  1255
890 235  2528
644 486  3416
894 481  4447
Воспроизведение
651 258  5849
908 242  6712
642 507  7546
922 499  8569
NO_ILLUSION0_WIDTH:152
699 251  1415
834 241  2375
698 500  3379
841 487  4170
Воспроизведение
698 256  5600
832 251  6277
700 506  7315
858 493  8054
NO_ILLUSION0_WIDTH:266
648 251  2177
894 244  3458
652 482  4320
898 490  5791
Воспроизведение
634 255  7283
916 235  8459
629 518  9303
910 496  10232
NO_ILLUSION0_WIDTH:247
642 250  1474
882 244  3162
650 499  3843
883 492  5528
Воспроизведение
634 240  7349
905 232  8960
628 504  9914
925 502  10914
NO_ILLUSION0_WIDTH:209
674 256  1414
872 243  2666
670 492  3655
868 479  4900
Воспроизведение
662 248  6265
880 242  7259
659 511  8133
860 503  8797
