не показывать курсор
тип стимула MULLER_TOPLARGER
перпендикулярные отрезки в Оппель-Кундта каждые... пикс 19
высота перпендикулярных отрезков в Оппель-Кундта 20
угол стрелок 45
длина стрелок 20
длина штанги (1я часть) 1 152
длина штанги (1я часть) 2 171
длина штанги (1я часть) 3 209
длина штанги (1я часть) 4 247
длина штанги (1я часть) 5 266
длина штанги (1я часть) 6 152
длина штанги (1я часть) 7 171
длина штанги (1я часть) 8 209
длина штанги (1я часть) 9 247
длина штанги (1я часть) 10 266
длина штанги (2я часть) 1 152
длина штанги (2я часть) 2 171
длина штанги (2я часть) 3 209
длина штанги (2я часть) 4 247
длина штанги (2я часть) 5 266
длина штанги (2я часть) 6 152
длина штанги (2я часть) 7 171
длина штанги (2я часть) 8 209
длина штанги (2я часть) 9 247
длина штанги (2я часть) 10 266
длина "закрывашек" 20
расстояние между линиями 240
расстояние до рельсов Понзо 20
ширина линий 4
всего опытов 20
ILLUSION_TOP_LARGER_WIDTH:171
674 255  3263
846 245  4381
680 483  5354
848 483  6495
Воспроизведение
696 267  8568
885 254  9753
706 511  10836
879 507  11991
ILLUSION_TOP_LARGER_WIDTH:247
652 257  1881
880 250  3259
648 489  4169
883 491  5402
Воспроизведение
649 231  7079
890 235  8679
653 508  9727
900 506  11257
ILLUSION_TOP_LARGER_WIDTH:152
694 256  1630
832 258  2558
702 491  3403
841 492  4474
Воспроизведение
701 235  5961
850 233  7016
723 513  8098
866 518  9076
ILLUSION_TOP_LARGER_WIDTH:247
643 251  1333
877 255  2487
646 496  3354
875 495  4774
Воспроизведение
642 238  6406
858 237  7907
652 473  8940
869 465  10448
ILLUSION_TOP_LARGER_WIDTH:152
705 252  1519
832 249  2650
696 491  3482
842 491  4742
Воспроизведение
701 258  6296
868 252  7770
716 523  8831
874 531  9931
ILLUSION_TOP_LARGER_WIDTH:171
681 250  1443
843 251  2530
694 487  3533
849 490  4764
Воспроизведение
691 242  6156
883 243  7420
716 540  8426
899 538  9644
ILLUSION_TOP_LARGER_WIDTH:266
634 235  1665
889 251  3198
649 487  4176
892 495  5737
Воспроизведение
631 234  7266
886 232  8832
651 520  9897
898 518  11252
ILLUSION_TOP_LARGER_WIDTH:209
668 243  1473
861 250  2563
669 498  3349
869 488  4579
Воспроизведение
671 251  6098
899 243  7536
672 507  8428
927 499  9936
ILLUSION_TOP_LARGER_WIDTH:266
623 247  1098
623 247  1098
623 247  1276
891 250  2885
647 491  3715
904 493  4996
Воспроизведение
639 247  6766
911 237  8114
669 512  9257
955 507  10851
ILLUSION_TOP_LARGER_WIDTH:209
673 259  1333
870 257  2561
673 499  3296
874 493  4494
Воспроизведение
662 252  5732
896 247  7188
676 508  8013
894 504  9387
NO_ILLUSION0_WIDTH:247
654 247  1459
876 247  2667
651 480  3467
884 488  4902
Воспроизведение
658 251  6220
880 247  7566
689 499  8555
914 498  10342
NO_ILLUSION0_WIDTH:209
675 246  1425
856 247  2544
669 494  3445
869 493  4881
Воспроизведение
671 264  6274
879 263  7651
663 485  8668
887 470  10265
NO_ILLUSION0_WIDTH:209
662 241  1268
868 255  2310
674 499  3303
866 496  4471
Воспроизведение
663 247  5966
865 245  7371
677 507  8409
892 503  9848
NO_ILLUSION0_WIDTH:152
689 253  1162
834 250  2015
700 497  3009
842 493  4029
Воспроизведение
706 241  5583
874 241  6717
696 485  7784
886 487  9241
NO_ILLUSION0_WIDTH:152
694 250  1414
837 244  2215
690 481  2949
841 487  3924
Воспроизведение
698 242  5475
846 241  6578
699 478  7725
878 474  9052
NO_ILLUSION0_WIDTH:247
646 245  1317
871 248  2623
641 489  3534
882 491  5107
Воспроизведение
658 242  6452
878 240  7686
654 511  8784
914 511  10380
NO_ILLUSION0_WIDTH:266
639 243  1134
890 243  2175
650 490  3038
890 491  4688
Воспроизведение
644 242  6255
904 238  7691
627 531  8899
954 519  10793
NO_ILLUSION0_WIDTH:171
682 246  1423
851 242  2079
690 496  2787
855 497  3483
Воспроизведение
698 244  4747
838 241  5474
686 501  6270
862 497  7048
NO_ILLUSION0_WIDTH:266
651 251  1149
889 248  1917
644 490  2528
898 490  3505
Воспроизведение
646 247  5149
894 245  6301
643 522  7102
910 515  8352
NO_ILLUSION0_WIDTH:171
682 238  1200
853 237  1917
690 483  2672
846 487  3647
Воспроизведение
686 247  4980
867 255  5963
684 501  6677
894 493  7881
