не показывать курсор
тип стимула MULLER_TOPLARGER
перпендикулярные отрезки в Оппель-Кундта каждые... пикс 19
высота перпендикулярных отрезков в Оппель-Кундта 20
угол стрелок 45
длина стрелок 20
длина штанги (1я часть) 1 152
длина штанги (1я часть) 2 171
длина штанги (1я часть) 3 209
длина штанги (1я часть) 4 247
длина штанги (1я часть) 5 266
длина штанги (1я часть) 6 152
длина штанги (1я часть) 7 171
длина штанги (1я часть) 8 209
длина штанги (1я часть) 9 247
длина штанги (1я часть) 10 266
длина штанги (2я часть) 1 152
длина штанги (2я часть) 2 171
длина штанги (2я часть) 3 209
длина штанги (2я часть) 4 247
длина штанги (2я часть) 5 266
длина штанги (2я часть) 6 152
длина штанги (2я часть) 7 171
длина штанги (2я часть) 8 209
длина штанги (2я часть) 9 247
длина штанги (2я часть) 10 266
длина "закрывашек" 20
расстояние между линиями 240
расстояние до рельсов Понзо 20
ширина линий 4
всего опытов 20
ILLUSION_TOP_LARGER_WIDTH:209
662 251  4874
868 252  5627
674 494  6847
870 483  7492
Воспроизведение
660 249  8828
890 249  9461
675 512  10370
888 503  11008
ILLUSION_TOP_LARGER_WIDTH:266
630 253  1258
888 255  1968
645 495  2753
893 484  3398
Воспроизведение
638 251  4809
890 247  5514
658 485  6222
894 479  6823
ILLUSION_TOP_LARGER_WIDTH:209
656 247  1079
865 257  1853
669 496  2559
873 494  3219
Воспроизведение
663 243  4409
891 247  5007
675 507  5752
879 495  6396
ILLUSION_TOP_LARGER_WIDTH:171
682 251  1087
850 252  1638
682 488  2422
849 490  3100
Воспроизведение
682 256  4468
862 262  5084
711 506  5946
879 491  6610
ILLUSION_TOP_LARGER_WIDTH:247
643 255  1114
885 255  1796
650 495  2570
886 486  3326
Воспроизведение
651 263  4533
897 263  5194
676 509  5962
887 499  6626
ILLUSION_TOP_LARGER_WIDTH:152
687 244  1088
845 253  1587
696 489  2294
843 488  2854
Воспроизведение
700 259  4193
844 257  4685
719 512  5510
866 504  6040
ILLUSION_TOP_LARGER_WIDTH:171
685 255  1144
845 255  1651
685 491  2325
856 487  2902
Воспроизведение
686 263  4212
865 260  4800
702 515  5723
854 504  6216
ILLUSION_TOP_LARGER_WIDTH:266
637 241  1333
900 252  2129
646 491  3091
889 491  3925
Воспроизведение
651 255  5293
885 258  6063
676 491  6872
893 492  7541
ILLUSION_TOP_LARGER_WIDTH:247
652 247  938
652 247  938
652 247  1033
882 255  1901
650 492  2726
881 491  3642
Воспроизведение
652 247  4799
882 247  5555
653 495  6306
882 484  7093
ILLUSION_TOP_LARGER_WIDTH:152
686 253  1160
842 257  1650
702 490  2493
846 484  3011
Воспроизведение
690 246  4268
842 247  4804
686 485  5670
854 480  6267
NO_ILLUSION0_WIDTH:171
681 249  909
850 254  1458
690 491  2447
855 484  3068
Воспроизведение
692 259  4322
866 252  4843
702 512  5674
880 509  6306
NO_ILLUSION0_WIDTH:152
694 254  1113
842 251  1603
690 491  2343
850 483  2961
Воспроизведение
703 253  4205
846 257  4725
710 511  5515
875 503  6145
NO_ILLUSION0_WIDTH:209
666 254  1204
865 251  1732
666 495  2511
865 490  3189
Воспроизведение
677 255  4613
878 251  5318
685 503  6167
885 494  6907
NO_ILLUSION0_WIDTH:209
652 247  1013
865 255  1721
674 485  2598
875 487  3198
Воспроизведение
669 259  4562
843 259  5160
678 507  6041
886 503  6919
NO_ILLUSION0_WIDTH:152
696 253  1065
837 251  1475
701 490  2478
840 492  3128
Воспроизведение
688 267  4425
840 267  4986
701 482  5797
881 472  6429
NO_ILLUSION0_WIDTH:247
646 253  1476
886 251  2046
648 486  2891
881 481  3743
Воспроизведение
654 261  4954
866 259  5547
651 466  6393
899 451  7256
NO_ILLUSION0_WIDTH:266
632 256  846
898 252  1506
639 489  2351
890 493  3208
Воспроизведение
639 251  4286
906 240  4952
654 491  5750
928 491  6380
NO_ILLUSION0_WIDTH:171
676 246  1409
841 259  1916
683 492  2557
855 487  3171
Воспроизведение
682 249  4298
843 242  4770
699 473  5413
854 469  5897
NO_ILLUSION0_WIDTH:247
650 250  974
883 251  1567
650 485  2311
878 484  2984
Воспроизведение
646 267  4174
878 264  4844
658 513  5700
882 511  6470
NO_ILLUSION0_WIDTH:266
634 251  958
892 258  1670
643 480  2550
897 483  3408
Воспроизведение
650 273  4591
887 268  5355
646 489  6213
886 477  7005
