не показывать курсор
тип стимула MULLER_TOPLARGER
перпендикулярные отрезки в Оппель-Кундта каждые... пикс 19
высота перпендикулярных отрезков в Оппель-Кундта 20
угол стрелок 45
длина стрелок 20
длина штанги (1я часть) 1 152
длина штанги (1я часть) 2 171
длина штанги (1я часть) 3 209
длина штанги (1я часть) 4 247
длина штанги (1я часть) 5 266
длина штанги (1я часть) 6 152
длина штанги (1я часть) 7 171
длина штанги (1я часть) 8 209
длина штанги (1я часть) 9 247
длина штанги (1я часть) 10 266
длина штанги (2я часть) 1 152
длина штанги (2я часть) 2 171
длина штанги (2я часть) 3 209
длина штанги (2я часть) 4 247
длина штанги (2я часть) 5 266
длина штанги (2я часть) 6 152
длина штанги (2я часть) 7 171
длина штанги (2я часть) 8 209
длина штанги (2я часть) 9 247
длина штанги (2я часть) 10 266
длина "закрывашек" 20
расстояние между линиями 240
расстояние до рельсов Понзо 20
ширина линий 4
всего опытов 20
ILLUSION_TOP_LARGER_WIDTH:171
686 255  5190
850 263  5432
698 493  5960
872 498  6234
Воспроизведение
662 249  7127
893 262  7399
650 417  7757
874 408  7976
ILLUSION_TOP_LARGER_WIDTH:247
634 238  767
909 241  1059
649 490  1547
890 492  1952
Воспроизведение
628 245  2605
906 246  2874
633 475  3252
876 479  3555
ILLUSION_TOP_LARGER_WIDTH:247
640 244  597
911 241  876
650 482  1335
885 494  1655
Воспроизведение
644 261  2344
925 267  2623
646 450  2989
938 467  3290
ILLUSION_TOP_LARGER_WIDTH:209
654 257  554
920 267  868
659 487  1256
879 480  1551
Воспроизведение
651 290  2186
937 312  2458
657 477  2802
910 487  3090
ILLUSION_TOP_LARGER_WIDTH:266
598 263  696
922 241  1035
635 488  1508
911 501  1815
Воспроизведение
641 505  2497
916 500  2775
655 279  3236
916 304  3511
ILLUSION_TOP_LARGER_WIDTH:171
673 478  531
865 455  810
663 247  1242
899 237  1499
Воспроизведение
673 237  2108
888 262  2376
669 485  2721
912 475  2973
ILLUSION_TOP_LARGER_WIDTH:266
650 475  690
929 500  977
645 247  1477
927 261  1730
Воспроизведение
634 515  2442
893 487  2684
619 268  3111
918 271  3376
ILLUSION_TOP_LARGER_WIDTH:152
700 488  630
834 493  855
672 247  1400
872 232  1664
Воспроизведение
676 481  2350
864 487  2583
678 259  3035
857 263  3255
ILLUSION_TOP_LARGER_WIDTH:152
702 482  723
849 490  957
671 257  1471
866 253  1725
Воспроизведение
687 255  2507
859 243  2739
678 479  3109
877 467  3310
ILLUSION_TOP_LARGER_WIDTH:209
658 238  689
878 252  999
682 479  1491
874 490  1799
Воспроизведение
677 507  2475
899 506  2775
689 297  3261
892 299  3579
NO_ILLUSION0_WIDTH:266
632 487  699
898 479  1059
628 264  1602
891 250  1948
Воспроизведение
642 499  2610
933 498  2893
669 254  3469
918 261  3757
NO_ILLUSION0_WIDTH:266
643 487  657
912 479  956
633 254  1456
904 236  1776
Воспроизведение
625 251  2520
926 228  2826
647 454  3219
910 468  3482
NO_ILLUSION0_WIDTH:247
655 493  584
905 483  862
648 247  1486
891 228  1809
Воспроизведение
630 487  2494
919 490  2767
673 271  3219
931 270  3455
NO_ILLUSION0_WIDTH:247
646 481  713
866 479  972
658 261  1490
878 252  1791
Воспроизведение
634 491  2857
889 506  3118
647 274  3577
894 283  3840
NO_ILLUSION0_WIDTH:152
694 486  674
863 475  871
698 239  1449
858 254  1673
Воспроизведение
676 487  2629
844 491  2889
673 271  3307
874 283  3541
NO_ILLUSION0_WIDTH:152
694 490  597
875 474  849
690 246  1347
850 240  1602
Воспроизведение
679 503  2344
874 494  2577
699 261  3095
NO_ILLUSION0_WIDTH:209
875 268  0
666 488  732
892 499  976
673 271  1526
888 255  1810
Воспроизведение
668 503  2542
882 502  2777
673 271  3270
882 292  3503
NO_ILLUSION0_WIDTH:171
672 491  612
887 464  846
678 255  1319
848 247  1506
Воспроизведение
659 509  2374
848 473  2584
677 254  3069
857 251  3302
NO_ILLUSION0_WIDTH:209
656 485  785
876 471  995
674 236  1621
859 241  1922
Воспроизведение
648 265  2658
884 252  2939
678 453  3345
878 475  3578
NO_ILLUSION0_WIDTH:171
689 499  705
881 493  920
681 256  1500
853 269  1761
Воспроизведение
675 488  2462
882 493  2653
702 259  3156
884 270  3395
