не показывать курсор
тип стимула MULLER_TOPLARGER
перпендикулярные отрезки в Оппель-Кундта каждые... пикс 19
высота перпендикулярных отрезков в Оппель-Кундта 20
угол стрелок 45
длина стрелок 20
длина штанги (1я часть) 1 152
длина штанги (1я часть) 2 171
длина штанги (1я часть) 3 209
длина штанги (1я часть) 4 247
длина штанги (1я часть) 5 266
длина штанги (1я часть) 6 152
длина штанги (1я часть) 7 171
длина штанги (1я часть) 8 209
длина штанги (1я часть) 9 247
длина штанги (1я часть) 10 266
длина штанги (2я часть) 1 152
длина штанги (2я часть) 2 171
длина штанги (2я часть) 3 209
длина штанги (2я часть) 4 247
длина штанги (2я часть) 5 266
длина штанги (2я часть) 6 152
длина штанги (2я часть) 7 171
длина штанги (2я часть) 8 209
длина штанги (2я часть) 9 247
длина штанги (2я часть) 10 266
длина "закрывашек" 20
расстояние между линиями 240
расстояние до рельсов Понзо 20
ширина линий 4
всего опытов 20
ILLUSION_TOP_LARGER_WIDTH:247
650 251  30205
912 260  30752
658 479  31543
865 490  32085
Воспроизведение
646 247  33705
874 255  34198
643 484  34784
867 476  35221
ILLUSION_TOP_LARGER_WIDTH:247
641 256  1787
894 243  2379
651 490  3150
895 487  3675
Воспроизведение
619 252  5021
924 262  5505
653 461  6210
904 453  6677
ILLUSION_TOP_LARGER_WIDTH:209
666 250  1215
878 244  1721
675 478  2479
865 479  3030
Воспроизведение
652 491  4208
860 516  4585
643 303  5244
942 327  5736
ILLUSION_TOP_LARGER_WIDTH:266
641 491  941
909 497  1371
620 244  1890
930 258  2374
Воспроизведение
635 499  3571
892 512  3965
618 286  4489
935 303  4856
ILLUSION_TOP_LARGER_WIDTH:209
672 245  957
893 256  1354
663 481  1989
902 483  2313
Воспроизведение
650 503  3456
890 515  3810
625 269  4477
942 287  4939
ILLUSION_TOP_LARGER_WIDTH:266
621 255  897
908 246  1502
647 491  2025
898 487  2448
Воспроизведение
641 487  3652
924 507  3982
610 265  4592
952 296  5035
ILLUSION_TOP_LARGER_WIDTH:171
698 489  993
839 487  1546
672 250  2166
854 244  2552
Воспроизведение
708 257  3858
914 263  4142
698 504  4814
836 474  5097
ILLUSION_TOP_LARGER_WIDTH:171
683 502  973
838 485  1354
687 248  1934
879 235  2176
Воспроизведение
682 512  3503
842 521  3759
655 305  4426
853 316  4740
ILLUSION_TOP_LARGER_WIDTH:152
710 497  826
850 481  1119
694 259  1651
862 255  2003
Воспроизведение
695 490  3220
876 507  3499
693 283  4090
896 299  4416
ILLUSION_TOP_LARGER_WIDTH:152
693 491  808
853 501  1074
694 249  1649
889 252  1943
Воспроизведение
703 504  3170
822 511  3412
687 276  4054
868 279  4330
NO_ILLUSION0_WIDTH:171
688 479  832
852 478  1128
680 247  1713
846 246  2058
Воспроизведение
679 479  3233
850 499  3519
673 287  3999
866 310  4322
NO_ILLUSION0_WIDTH:171
681 492  894
854 501  1157
682 238  1775
858 240  2080
Воспроизведение
684 500  3358
878 517  3610
695 287  4209
915 299  4435
NO_ILLUSION0_WIDTH:152
692 495  752
861 486  1017
681 239  1619
858 250  1888
Воспроизведение
727 492  3057
906 500  3255
730 273  3784
895 289  4009
NO_ILLUSION0_WIDTH:266
655 483  808
914 499  1113
642 254  1618
918 244  1904
Воспроизведение
618 502  3246
889 504  3597
629 258  4035
916 279  4325
NO_ILLUSION0_WIDTH:152
702 463  734
836 479  1010
694 238  1475
859 248  1745
Воспроизведение
686 482  2922
870 507  3190
697 267  3634
884 285  3879
NO_ILLUSION0_WIDTH:266
633 481  822
902 483  1207
639 244  1708
929 239  2023
Воспроизведение
634 507  3128
933 536  3454
642 264  3940
956 284  4311
NO_ILLUSION0_WIDTH:209
659 482  723
870 469  1045
675 239  1478
885 248  1744
Воспроизведение
654 491  2857
867 516  3173
633 283  3594
898 309  3870
NO_ILLUSION0_WIDTH:209
664 489  751
856 483  1190
648 235  1600
870 245  1916
Воспроизведение
680 469  3005
880 492  3223
680 263  3762
876 286  3991
NO_ILLUSION0_WIDTH:247
638 484  723
894 495  1069
647 252  1574
903 258  1853
Воспроизведение
652 487  2971
883 507  3276
647 275  3713
909 289  4001
NO_ILLUSION0_WIDTH:247
654 479  753
900 475  1049
654 246  1543
915 248  1830
Воспроизведение
636 505  2812
893 511  3132
650 277  3519
898 292  3771
