не показывать курсор
тип стимула MULLER_TOPLARGER
перпендикулярные отрезки в Оппель-Кундта каждые... пикс 19
высота перпендикулярных отрезков в Оппель-Кундта 20
угол стрелок 45
длина стрелок 20
длина штанги (1я часть) 1 152
длина штанги (1я часть) 2 171
длина штанги (1я часть) 3 209
длина штанги (1я часть) 4 247
длина штанги (1я часть) 5 266
длина штанги (1я часть) 6 152
длина штанги (1я часть) 7 171
длина штанги (1я часть) 8 209
длина штанги (1я часть) 9 247
длина штанги (1я часть) 10 266
длина штанги (2я часть) 1 152
длина штанги (2я часть) 2 171
длина штанги (2я часть) 3 209
длина штанги (2я часть) 4 247
длина штанги (2я часть) 5 266
длина штанги (2я часть) 6 152
длина штанги (2я часть) 7 171
длина штанги (2я часть) 8 209
длина штанги (2я часть) 9 247
длина штанги (2я часть) 10 266
длина "закрывашек" 20
расстояние между линиями 240
расстояние до рельсов Понзо 20
ширина линий 4
всего опытов 20
ILLUSION_TOP_LARGER_WIDTH:171
679 247  3454
845 247  4335
687 485  5350
842 485  5998
Воспроизведение
678 259  7124
862 252  7824
673 479  8527
858 478  9174
ILLUSION_TOP_LARGER_WIDTH:247
640 240  1338
885 243  2267
650 488  3004
886 490  3776
Воспроизведение
638 251  4812
891 243  5604
650 493  6269
910 492  7068
ILLUSION_TOP_LARGER_WIDTH:209
656 243  1244
860 246  2044
664 486  2672
872 484  3329
Воспроизведение
666 261  4346
913 251  5137
680 509  5793
914 494  6610
ILLUSION_TOP_LARGER_WIDTH:266
626 247  1120
894 243  1864
630 495  2460
889 491  3223
Воспроизведение
624 251  4162
902 235  4855
637 497  5508
910 499  6281
ILLUSION_TOP_LARGER_WIDTH:152
682 237  565
682 237  565
682 263  977
851 253  1606
690 490  2280
842 494  2875
Воспроизведение
686 259  3965
890 245  4523
696 506  5234
903 511  5879
ILLUSION_TOP_LARGER_WIDTH:171
675 253  961
854 242  1493
676 495  2141
858 493  2699
Воспроизведение
682 237  3842
879 241  4375
692 472  5020
890 469  5648
ILLUSION_TOP_LARGER_WIDTH:152
682 237  964
838 245  1441
694 494  2097
847 492  2617
Воспроизведение
682 259  3522
856 253  3965
699 492  4606
858 497  5181
ILLUSION_TOP_LARGER_WIDTH:247
635 243  1105
896 248  1735
638 488  2344
890 491  2947
Воспроизведение
640 251  3859
910 247  4436
643 496  5121
914 500  5776
ILLUSION_TOP_LARGER_WIDTH:266
628 254  803
902 249  1461
630 489  2109
888 480  2765
Воспроизведение
626 244  3636
912 243  4194
635 507  4813
934 501  5541
ILLUSION_TOP_LARGER_WIDTH:209
649 246  896
857 243  1462
659 491  2086
884 490  2732
Воспроизведение
655 255  3822
898 253  4425
673 487  4960
935 494  5642
NO_ILLUSION0_WIDTH:209
660 247  1074
857 242  1655
658 498  2293
866 485  2960
Воспроизведение
672 255  3958
910 249  4536
675 508  5141
896 508  5797
NO_ILLUSION0_WIDTH:152
696 248  959
830 258  1336
685 486  1955
854 473  2501
Воспроизведение
694 259  3517
863 244  3967
701 509  4681
874 500  5123
NO_ILLUSION0_WIDTH:209
661 255  1176
878 244  1815
655 484  2450
874 492  3097
Воспроизведение
650 246  4319
890 236  4859
678 481  5467
890 490  6078
NO_ILLUSION0_WIDTH:247
633 245  1049
878 247  1607
633 499  2204
898 494  2861
Воспроизведение
634 247  3746
908 235  4356
638 499  4968
910 489  5651
NO_ILLUSION0_WIDTH:247
641 241  917
881 243  1465
647 491  2025
909 491  2628
Воспроизведение
645 256  3606
902 243  4172
654 491  4741
934 499  5523
NO_ILLUSION0_WIDTH:171
675 242  954
844 236  1396
676 490  2007
853 481  2555
Воспроизведение
669 251  3475
886 235  3952
679 490  4579
866 491  5181
NO_ILLUSION0_WIDTH:171
670 240  859
850 239  1281
673 487  1887
850 490  2379
Воспроизведение
676 251  3395
854 245  3799
677 499  4473
874 492  5021
NO_ILLUSION0_WIDTH:152
686 252  971
835 235  1330
691 487  1991
847 485  2449
Воспроизведение
680 259  3660
835 255  4165
694 479  4766
852 475  5198
NO_ILLUSION0_WIDTH:266
623 251  936
902 255  1520
624 487  2147
886 479  2803
Воспроизведение
630 243  3885
916 237  4472
653 493  4965
910 483  5495
NO_ILLUSION0_WIDTH:266
622 237  992
907 240  1655
627 495  2256
900 489  2901
Воспроизведение
622 251  4064
909 237  4656
623 515  5354
906 515  5884
