не показывать курсор
тип стимула MULLER_TOPLARGER
перпендикулярные отрезки в Оппель-Кундта каждые... пикс 19
высота перпендикулярных отрезков в Оппель-Кундта 20
угол стрелок 45
длина стрелок 20
длина штанги (1я часть) 1 152
длина штанги (1я часть) 2 171
длина штанги (1я часть) 3 209
длина штанги (1я часть) 4 247
длина штанги (1я часть) 5 266
длина штанги (1я часть) 6 152
длина штанги (1я часть) 7 171
длина штанги (1я часть) 8 209
длина штанги (1я часть) 9 247
длина штанги (1я часть) 10 266
длина штанги (2я часть) 1 152
длина штанги (2я часть) 2 171
длина штанги (2я часть) 3 209
длина штанги (2я часть) 4 247
длина штанги (2я часть) 5 266
длина штанги (2я часть) 6 152
длина штанги (2я часть) 7 171
длина штанги (2я часть) 8 209
длина штанги (2я часть) 9 247
длина штанги (2я часть) 10 266
длина "закрывашек" 20
расстояние между линиями 240
расстояние до рельсов Понзо 20
ширина линий 4
всего опытов 20
ILLUSION_TOP_LARGER_WIDTH:247
628 246  2979
898 243  3580
644 490  4306
889 484  4853
Воспроизведение
633 250  5876
890 251  6378
640 479  7094
883 479  7586
ILLUSION_TOP_LARGER_WIDTH:171
666 255  965
842 251  1360
677 488  1948
855 489  2404
Воспроизведение
657 252  3353
857 243  3757
658 494  4323
846 492  4835
ILLUSION_TOP_LARGER_WIDTH:247
627 247  878
868 238  1364
642 487  1942
862 477  2417
Воспроизведение
626 246  3685
903 239  4144
642 468  4715
901 468  5163
ILLUSION_TOP_LARGER_WIDTH:209
643 245  844
859 244  1248
672 486  1818
865 482  2284
Воспроизведение
618 244  3299
872 245  3694
636 523  4297
883 514  4746
ILLUSION_TOP_LARGER_WIDTH:171
660 247  895
856 247  1272
674 494  1910
855 499  2251
Воспроизведение
637 247  4245
882 243  4632
655 495  5234
837 487  5665
ILLUSION_TOP_LARGER_WIDTH:152
670 247  894
855 243  1253
677 493  1910
834 491  2287
Воспроизведение
642 241  3274
839 244  3668
662 508  4304
858 513  4725
ILLUSION_TOP_LARGER_WIDTH:209
633 251  963
866 247  1431
655 481  2069
873 475  2528
Воспроизведение
634 255  3517
861 261  3922
634 498  4558
874 485  5024
ILLUSION_TOP_LARGER_WIDTH:266
599 244  899
905 245  1412
624 489  2032
908 487  2517
Воспроизведение
598 245  3544
887 239  3967
618 479  4607
911 471  5028
ILLUSION_TOP_LARGER_WIDTH:266
604 240  865
887 239  1279
622 479  1835
907 474  2320
Воспроизведение
585 231  3284
898 231  3716
594 491  4319
899 489  4768
ILLUSION_TOP_LARGER_WIDTH:152
659 239  794
866 245  1153
664 483  1714
846 475  2089
Воспроизведение
638 251  3047
862 252  3396
647 502  4035
NO_ILLUSION0_WIDTH:266
855 503  107
614 239  1114
912 251  1565
613 480  2116
902 475  2564
Воспроизведение
607 248  3597
894 254  4010
640 470  4608
911 471  5110
NO_ILLUSION0_WIDTH:247
614 241  815
890 244  1174
625 474  1712
893 468  2187
Воспроизведение
589 261  3125
940 266  3637
635 488  4224
918 485  4736
NO_ILLUSION0_WIDTH:171
655 244  873
866 253  1197
662 480  1813
859 494  2145
Воспроизведение
642 248  3230
879 263  3553
654 521  4276
857 515  4661
NO_ILLUSION0_WIDTH:266
610 250  1008
885 254  1456
619 481  1999
891 476  2438
Воспроизведение
621 263  3577
908 268  4017
616 511  4569
914 500  5090
NO_ILLUSION0_WIDTH:209
638 239  901
870 251  1277
646 498  1871
872 479  2329
Воспроизведение
618 246  3330
866 245  3707
632 503  4285
854 494  4672
NO_ILLUSION0_WIDTH:152
664 247  898
865 251  1266
675 463  1834
848 478  2230
Воспроизведение
667 235  3262
874 239  3630
678 521  4241
872 523  4594
NO_ILLUSION0_WIDTH:209
632 256  782
897 262  1140
646 479  1696
898 477  2064
Воспроизведение
626 255  3115
891 263  3475
638 519  4013
891 509  4426
NO_ILLUSION0_WIDTH:152
661 251  814
870 255  1110
661 483  1680
857 487  1967
Воспроизведение
667 251  3027
874 252  3341
679 487  3910
873 479  4259
NO_ILLUSION0_WIDTH:247
634 243  887
884 245  1291
626 474  1842
882 471  2282
Воспроизведение
630 261  3363
916 259  3766
642 503  4290
922 495  4738
NO_ILLUSION0_WIDTH:171
662 258  1035
851 258  1340
666 479  1965
858 479  2315
Воспроизведение
636 247  3426
854 249  3794
632 501  4350
872 495  4788
