не показывать курсор
тип стимула MULLER_TOPLARGER
перпендикулярные отрезки в Оппель-Кундта каждые... пикс 19
высота перпендикулярных отрезков в Оппель-Кундта 20
угол стрелок 45
длина стрелок 20
длина штанги (1я часть) 1 152
длина штанги (1я часть) 2 171
длина штанги (1я часть) 3 209
длина штанги (1я часть) 4 247
длина штанги (1я часть) 5 266
длина штанги (1я часть) 6 152
длина штанги (1я часть) 7 171
длина штанги (1я часть) 8 209
длина штанги (1я часть) 9 247
длина штанги (1я часть) 10 266
длина штанги (2я часть) 1 152
длина штанги (2я часть) 2 171
длина штанги (2я часть) 3 209
длина штанги (2я часть) 4 247
длина штанги (2я часть) 5 266
длина штанги (2я часть) 6 152
длина штанги (2я часть) 7 171
длина штанги (2я часть) 8 209
длина штанги (2я часть) 9 247
длина штанги (2я часть) 10 266
длина "закрывашек" 20
расстояние между линиями 240
расстояние до рельсов Понзо 20
ширина линий 4
всего опытов 20
ILLUSION_TOP_LARGER_WIDTH:209
674 242  3123
905 255  3626
676 481  4204
867 492  4738
Воспроизведение
649 252  5687
930 244  6288
667 481  6696
935 483  7300
ILLUSION_TOP_LARGER_WIDTH:152
672 259  642
857 253  1114
690 502  1616
857 487  2104
Воспроизведение
671 244  3133
930 250  3598
671 531  4006
908 532  4447
ILLUSION_TOP_LARGER_WIDTH:247
624 263  645
936 264  1115
625 503  1507
913 500  2029
Воспроизведение
625 243  3207
964 252  3729
630 514  4123
966 509  4640
ILLUSION_TOP_LARGER_WIDTH:266
634 251  846
957 251  1306
618 488  1802
940 493  2252
Воспроизведение
611 233  3427
965 242  3931
614 539  4400
955 539  4856
ILLUSION_TOP_LARGER_WIDTH:171
660 259  753
894 261  1210
692 498  1605
876 497  1979
Воспроизведение
665 266  4863
941 263  5367
614 515  6015
932 530  6462
ILLUSION_TOP_LARGER_WIDTH:171
665 255  990
902 260  1368
680 491  1885
892 493  2261
Воспроизведение
666 263  3721
923 261  4159
642 569  4834
943 559  5323
ILLUSION_TOP_LARGER_WIDTH:152
687 249  1035
899 253  1366
682 498  1759
870 503  2184
Воспроизведение
656 239  3327
962 261  3753
648 497  4175
927 534  4568
ILLUSION_TOP_LARGER_WIDTH:247
630 232  830
942 238  1208
624 490  1584
905 507  2060
Воспроизведение
606 234  3201
958 240  3658
614 491  4049
948 494  4583
ILLUSION_TOP_LARGER_WIDTH:209
638 241  814
874 238  1300
665 504  1818
895 493  2262
Воспроизведение
661 266  3715
956 268  4187
665 516  4657
985 520  5160
ILLUSION_TOP_LARGER_WIDTH:266
625 262  720
908 237  1270
621 483  1787
910 499  2292
Воспроизведение
585 281  3529
945 271  4064
619 537  4675
950 535  5209
NO_ILLUSION0_WIDTH:209
660 250  781
878 259  1191
652 503  1583
876 495  2070
Воспроизведение
647 235  3681
896 250  4137
620 467  4591
943 472  5064
NO_ILLUSION0_WIDTH:152
667 255  612
862 261  1051
698 477  1537
859 489  1897
Воспроизведение
664 254  2914
836 248  3370
685 502  3855
888 500  4279
NO_ILLUSION0_WIDTH:152
681 240  814
861 251  1239
678 491  1789
Воспроизведение
869 489  2242
691 246  3039
908 240  3446
679 521  3933
904 523  4325
NO_ILLUSION0_WIDTH:266
612 260  674
932 249  1147
638 479  1632
918 484  2102
Воспроизведение
594 236  3167
948 239  3684
626 515  4231
991 516  4797
NO_ILLUSION0_WIDTH:171
646 238  625
882 254  1086
683 487  1572
878 482  1920
Воспроизведение
646 250  2913
881 257  3318
654 539  3773
896 535  4071
NO_ILLUSION0_WIDTH:266
619 239  705
926 255  1238
612 501  1718
930 487  2159
Воспроизведение
622 241  3100
957 236  3602
641 532  4118
972 527  4655
NO_ILLUSION0_WIDTH:247
617 235  766
880 231  1289
642 487  1710
917 483  2157
Воспроизведение
638 236  3097
918 235  3537
621 508  4073
942 506  4542
NO_ILLUSION0_WIDTH:171
672 233  547
867 242  941
658 514  1535
867 492  1961
Воспроизведение
658 238  2824
881 254  3233
670 533  3829
894 513  4285
NO_ILLUSION0_WIDTH:209
641 238  656
888 254  1191
650 486  1727
902 481  2166
Воспроизведение
618 235  3167
894 238  3608
626 515  4187
901 516  4722
NO_ILLUSION0_WIDTH:247
638 243  580
931 249  1068
630 488  1570
934 497  2057
Воспроизведение
645 256  3186
958 252  3709
652 479  4193
969 472  4648
