не показывать курсор
тип стимула MULLER_TOPLARGER
перпендикулярные отрезки в Оппель-Кундта каждые... пикс 19
высота перпендикулярных отрезков в Оппель-Кундта 20
угол стрелок 45
длина стрелок 20
длина штанги (1я часть) 1 152
длина штанги (1я часть) 2 171
длина штанги (1я часть) 3 209
длина штанги (1я часть) 4 247
длина штанги (1я часть) 5 266
длина штанги (1я часть) 6 152
длина штанги (1я часть) 7 171
длина штанги (1я часть) 8 209
длина штанги (1я часть) 9 247
длина штанги (1я часть) 10 266
длина штанги (2я часть) 1 152
длина штанги (2я часть) 2 171
длина штанги (2я часть) 3 209
длина штанги (2я часть) 4 247
длина штанги (2я часть) 5 266
длина штанги (2я часть) 6 152
длина штанги (2я часть) 7 171
длина штанги (2я часть) 8 209
длина штанги (2я часть) 9 247
длина штанги (2я часть) 10 266
длина "закрывашек" 20
расстояние между линиями 240
расстояние до рельсов Понзо 20
ширина линий 4
всего опытов 20
ILLUSION_TOP_LARGER_WIDTH:209
651 251  3014
866 246  3645
671 483  4490
870 491  5167
Воспроизведение
652 248  6734
948 242  7522
648 512  8353
922 506  9046
ILLUSION_TOP_LARGER_WIDTH:171
670 249  1266
854 251  1879
683 488  2679
848 483  3280
Воспроизведение
673 251  4266
921 248  4944
654 527  5747
924 526  6457
ILLUSION_TOP_LARGER_WIDTH:266
626 253  1130
908 258  1760
649 475  2545
900 499  3144
Воспроизведение
642 254  4320
977 259  5170
630 508  5859
947 501  6479
ILLUSION_TOP_LARGER_WIDTH:247
640 257  1067
912 248  1748
650 492  2595
888 485  3307
Воспроизведение
654 245  4136
930 237  5068
634 508  5759
942 497  6420
ILLUSION_TOP_LARGER_WIDTH:209
664 256  971
873 259  1553
674 489  2274
874 479  2840
Воспроизведение
655 248  3842
907 251  4458
650 519  5194
913 511  5868
ILLUSION_TOP_LARGER_WIDTH:171
674 250  913
886 251  1431
698 487  2136
851 482  2598
Воспроизведение
652 265  3821
867 252  4354
667 481  5027
871 478  5592
ILLUSION_TOP_LARGER_WIDTH:152
674 251  944
860 262  1477
700 491  2183
842 487  2657
Воспроизведение
658 231  3753
886 235  4284
661 527  4989
871 518  5572
ILLUSION_TOP_LARGER_WIDTH:247
634 243  925
907 261  1571
650 489  2268
886 492  2864
Воспроизведение
610 231  5978
959 270  6797
598 547  7455
987 540  8195
ILLUSION_TOP_LARGER_WIDTH:152
680 251  1051
855 250  1488
697 485  2198
850 486  2674
Воспроизведение
679 243  3646
920 252  4229
682 509  4897
884 513  5408
ILLUSION_TOP_LARGER_WIDTH:266
619 235  892
919 254  1491
649 475  2039
921 496  2800
Воспроизведение
597 237  3923
956 265  4547
594 541  5277
945 547  5878
NO_ILLUSION0_WIDTH:171
672 257  814
859 250  1349
676 483  1929
862 479  2448
Воспроизведение
670 234  4137
956 251  4773
696 492  5539
922 491  6064
NO_ILLUSION0_WIDTH:266
661 244  962
661 244  962
625 251  1179
902 243  1823
640 491  2559
914 494  3281
Воспроизведение
624 247  4737
958 254  5364
628 521  6037
934 526  6688
NO_ILLUSION0_WIDTH:266
632 247  1079
899 243  1756
625 488  2414
914 486  3121
Воспроизведение
641 243  4422
960 251  5177
644 540  5804
970 542  6437
NO_ILLUSION0_WIDTH:247
635 238  784
901 245  1413
649 475  2033
896 494  2641
Воспроизведение
606 255  4208
909 260  4763
602 509  5430
NO_ILLUSION0_WIDTH:209
926 511  204
655 247  1175
882 253  1679
650 497  2181
879 485  2716
Воспроизведение
666 252  3688
866 258  4146
630 493  4617
908 489  5185
NO_ILLUSION0_WIDTH:209
664 261  815
867 258  1338
658 489  1809
877 487  2329
Воспроизведение
639 233  3534
903 234  4025
636 483  4715
910 486  5284
NO_ILLUSION0_WIDTH:247
647 239  1986
887 248  2676
649 475  3327
884 482  3844
Воспроизведение
634 254  5082
950 255  5697
630 555  6322
929 567  6937
NO_ILLUSION0_WIDTH:152
699 255  1378
850 248  1862
680 502  2549
847 488  3063
Воспроизведение
680 253  4234
874 252  4659
678 523  5384
NO_ILLUSION0_WIDTH:152
881 521  47
684 258  1044
852 251  1496
681 484  2091
863 491  2542
Воспроизведение
679 249  3608
888 251  4004
673 503  4727
873 508  5139
NO_ILLUSION0_WIDTH:171
676 239  783
858 245  1272
676 485  1930
850 482  2401
Воспроизведение
654 263  4846
891 269  5349
645 542  6229
908 534  6766
