не показывать курсор
тип стимула MULLER_TOPLARGER
перпендикулярные отрезки в Оппель-Кундта каждые... пикс 19
высота перпендикулярных отрезков в Оппель-Кундта 20
угол стрелок 45
длина стрелок 20
длина штанги (1я часть) 1 152
длина штанги (1я часть) 2 171
длина штанги (1я часть) 3 209
длина штанги (1я часть) 4 247
длина штанги (1я часть) 5 266
длина штанги (1я часть) 6 152
длина штанги (1я часть) 7 171
длина штанги (1я часть) 8 209
длина штанги (1я часть) 9 247
длина штанги (1я часть) 10 266
длина штанги (2я часть) 1 152
длина штанги (2я часть) 2 171
длина штанги (2я часть) 3 209
длина штанги (2я часть) 4 247
длина штанги (2я часть) 5 266
длина штанги (2я часть) 6 152
длина штанги (2я часть) 7 171
длина штанги (2я часть) 8 209
длина штанги (2я часть) 9 247
длина штанги (2я часть) 10 266
длина "закрывашек" 20
расстояние между линиями 240
расстояние до рельсов Понзо 20
ширина линий 4
всего опытов 20
ILLUSION_TOP_LARGER_WIDTH:152
728 243  5721
850 243  6406
702 482  7627
838 479  8358
Воспроизведение
646 256  9909
883 253  10838
657 426  11909
874 411  12806
ILLUSION_TOP_LARGER_WIDTH:247
653 250  1262
901 245  2214
650 479  3248
886 482  4307
Воспроизведение
637 271  5795
894 276  6651
637 479  7660
901 476  8539
ILLUSION_TOP_LARGER_WIDTH:247
642 245  1146
895 251  1907
663 479  2586
882 485  3852
Воспроизведение
654 255  5375
907 247  6336
642 450  7401
884 452  8316
ILLUSION_TOP_LARGER_WIDTH:266
637 241  1199
906 247  2131
638 485  3069
896 483  4138
Воспроизведение
638 257  5751
910 256  6686
630 455  7749
921 456  8918
ILLUSION_TOP_LARGER_WIDTH:209
660 244  1018
882 244  1716
676 489  2611
878 484  3424
Воспроизведение
654 251  4922
905 253  5830
650 443  6781
861 443  7481
ILLUSION_TOP_LARGER_WIDTH:266
630 243  1151
911 245  2214
640 482  3345
890 487  4277
Воспроизведение
636 252  5998
905 260  7003
632 436  7931
906 431  8930
ILLUSION_TOP_LARGER_WIDTH:171
670 253  1051
868 246  1926
691 485  2827
856 487  3413
Воспроизведение
670 259  5002
844 258  5892
676 468  6764
842 469  7529
ILLUSION_TOP_LARGER_WIDTH:152
693 239  1325
852 246  2014
702 478  2936
841 483  3533
Воспроизведение
678 256  5025
864 251  5694
681 441  6562
873 446  7297
ILLUSION_TOP_LARGER_WIDTH:209
669 239  1285
881 251  2088
674 484  3082
864 487  3848
Воспроизведение
654 255  5751
895 256  6667
670 451  7515
889 451  8273
ILLUSION_TOP_LARGER_WIDTH:171
681 241  1334
862 243  2166
694 487  3175
847 489  3872
Воспроизведение
661 269  5274
883 257  6218
666 473  7321
889 470  8219
NO_ILLUSION0_WIDTH:247
642 237  1149
893 249  2022
647 491  2848
890 479  3721
Воспроизведение
650 251  5330
889 247  6130
638 444  7127
899 443  8105
NO_ILLUSION0_WIDTH:171
679 241  1064
863 247  1796
682 490  2623
850 491  3402
Воспроизведение
670 242  4728
888 247  5505
690 457  6362
893 463  7144
NO_ILLUSION0_WIDTH:247
648 238  1096
900 243  1975
645 482  2825
886 489  3777
Воспроизведение
647 253  5046
877 252  5879
650 459  6782
897 464  7689
NO_ILLUSION0_WIDTH:266
633 243  1117
906 242  2003
641 490  2895
899 483  3792
Воспроизведение
650 254  5188
902 245  6057
653 447  6936
901 445  7954
NO_ILLUSION0_WIDTH:152
689 244  783
854 243  1407
701 487  2250
847 488  3138
Воспроизведение
698 255  4454
844 252  5421
693 439  6391
846 438  7128
NO_ILLUSION0_WIDTH:266
630 252  1139
905 248  1984
643 483  2862
898 484  3746
Воспроизведение
638 260  5078
907 263  5957
634 459  6810
891 453  7754
NO_ILLUSION0_WIDTH:171
682 239  1022
864 245  1736
692 497  2643
854 485  3357
Воспроизведение
674 256  4768
867 254  5705
674 473  6495
880 477  7392
NO_ILLUSION0_WIDTH:209
676 243  1166
875 247  1911
662 486  2752
881 480  3631
Воспроизведение
668 250  5169
875 252  5973
653 472  6864
878 460  7635
NO_ILLUSION0_WIDTH:209
658 244  959
882 246  1733
662 490  2602
871 483  3401
Воспроизведение
667 255  4852
874 255  5770
650 465  6637
866 459  7471
NO_ILLUSION0_WIDTH:152
691 250  858
846 243  1548
703 484  2591
843 486  3352
Воспроизведение
694 259  4587
856 258  5258
679 467  6322
858 459  6969
