не показывать курсор
тип стимула MULLER_TOPLARGER
перпендикулярные отрезки в Оппель-Кундта каждые... пикс 19
высота перпендикулярных отрезков в Оппель-Кундта 20
угол стрелок 45
длина стрелок 20
длина штанги (1я часть) 1 152
длина штанги (1я часть) 2 171
длина штанги (1я часть) 3 209
длина штанги (1я часть) 4 247
длина штанги (1я часть) 5 266
длина штанги (1я часть) 6 152
длина штанги (1я часть) 7 171
длина штанги (1я часть) 8 209
длина штанги (1я часть) 9 247
длина штанги (1я часть) 10 266
длина штанги (2я часть) 1 152
длина штанги (2я часть) 2 171
длина штанги (2я часть) 3 209
длина штанги (2я часть) 4 247
длина штанги (2я часть) 5 266
длина штанги (2я часть) 6 152
длина штанги (2я часть) 7 171
длина штанги (2я часть) 8 209
длина штанги (2я часть) 9 247
длина штанги (2я часть) 10 266
длина "закрывашек" 20
расстояние между линиями 240
расстояние до рельсов Понзо 20
ширина линий 4
всего опытов 20
ILLUSION_TOP_LARGER_WIDTH:152
697 255  17954
860 249  18685
702 486  19485
840 487  19943
Воспроизведение
683 223  21667
862 227  22378
687 461  23345
854 459  24066
ILLUSION_TOP_LARGER_WIDTH:247
651 251  2055
908 258  2991
658 484  3976
871 489  4758
Воспроизведение
620 265  6160
911 261  6910
646 480  7896
896 488  8805
ILLUSION_TOP_LARGER_WIDTH:171
678 253  1573
881 262  2320
682 486  3302
847 479  3907
Воспроизведение
669 236  5594
857 239  6268
674 451  7106
850 441  7825
ILLUSION_TOP_LARGER_WIDTH:152
692 246  1303
860 258  1863
706 484  2691
836 478  3198
Воспроизведение
673 263  4574
859 269  5215
692 480  6070
859 471  6661
ILLUSION_TOP_LARGER_WIDTH:171
687 247  4635
876 255  5157
691 484  5938
844 483  6458
Воспроизведение
674 250  7933
857 243  8629
676 487  9346
803 483  9859
ILLUSION_TOP_LARGER_WIDTH:209
666 238  2121
909 262  2875
678 485  3750
859 484  4335
Воспроизведение
647 258  6238
897 263  6910
663 461  7799
837 464  8486
ILLUSION_TOP_LARGER_WIDTH:266
647 244  1954
938 260  2628
648 479  3446
886 476  4128
Воспроизведение
628 257  5862
911 259  6710
646 451  7501
871 449  8284
ILLUSION_TOP_LARGER_WIDTH:209
665 243  1461
894 255  2133
670 480  3080
874 494  3998
Воспроизведение
642 279  6813
898 283  7459
668 495  8341
874 487  9002
ILLUSION_TOP_LARGER_WIDTH:266
644 249  3064
910 255  3622
642 480  4289
887 483  4976
Воспроизведение
630 228  6677
892 237  7308
639 472  8187
881 478  9142
ILLUSION_TOP_LARGER_WIDTH:247
638 248  1692
906 255  2357
656 477  3255
878 489  3964
Воспроизведение
621 243  5820
888 259  6516
654 464  7463
862 458  8120
NO_ILLUSION0_WIDTH:209
663 256  1925
887 260  2844
667 482  3845
874 488  4701
Воспроизведение
631 247  6391
862 259  7195
644 474  8216
856 473  8928
NO_ILLUSION0_WIDTH:247
638 261  1393
901 259  2106
646 499  2749
880 491  3581
Воспроизведение
626 271  5289
890 267  6170
657 475  7141
882 468  7922
NO_ILLUSION0_WIDTH:247
643 255  1447
904 259  2250
646 497  3083
884 495  3848
Воспроизведение
630 257  5525
888 259  6282
638 473  7253
884 472  8060
NO_ILLUSION0_WIDTH:152
696 244  2105
850 255  2733
705 483  3503
838 486  4039
Воспроизведение
662 262  5263
822 262  5827
678 476  6720
837 475  7288
NO_ILLUSION0_WIDTH:209
663 251  1294
882 260  1976
673 506  2946
872 492  3656
Воспроизведение
658 243  5362
892 242  6047
661 468  7002
853 463  7702
NO_ILLUSION0_WIDTH:266
630 256  1192
914 255  1922
643 488  2724
902 501  3613
Воспроизведение
626 235  4943
890 235  5752
635 462  6658
867 455  7448
NO_ILLUSION0_WIDTH:152
694 255  1771
856 245  2313
696 488  3105
842 480  3596
Воспроизведение
691 263  4995
866 254  5543
669 484  6340
838 471  6903
NO_ILLUSION0_WIDTH:266
646 244  1250
906 251  1851
646 491  2792
900 494  3564
Воспроизведение
629 255  5956
909 259  6734
643 477  7560
898 468  8450
NO_ILLUSION0_WIDTH:171
686 245  1922
854 253  2397
692 491  3072
859 489  3584
Воспроизведение
672 263  5751
839 271  6407
697 473  7269
856 480  7970
NO_ILLUSION0_WIDTH:171
683 240  1193
870 258  1783
689 482  2532
848 499  3083
Воспроизведение
669 251  4472
874 263  5079
674 474  5924
871 479  6604
