не показывать курсор
тип стимула MULLER_TOPLARGER
перпендикулярные отрезки в Оппель-Кундта каждые... пикс 19
высота перпендикулярных отрезков в Оппель-Кундта 20
угол стрелок 45
длина стрелок 20
длина штанги (1я часть) 1 152
длина штанги (1я часть) 2 171
длина штанги (1я часть) 3 209
длина штанги (1я часть) 4 247
длина штанги (1я часть) 5 266
длина штанги (1я часть) 6 152
длина штанги (1я часть) 7 171
длина штанги (1я часть) 8 209
длина штанги (1я часть) 9 247
длина штанги (1я часть) 10 266
длина штанги (2я часть) 1 152
длина штанги (2я часть) 2 171
длина штанги (2я часть) 3 209
длина штанги (2я часть) 4 247
длина штанги (2я часть) 5 266
длина штанги (2я часть) 6 152
длина штанги (2я часть) 7 171
длина штанги (2я часть) 8 209
длина штанги (2я часть) 9 247
длина штанги (2я часть) 10 266
длина "закрывашек" 20
расстояние между линиями 240
расстояние до рельсов Понзо 20
ширина линий 4
всего опытов 20
ILLUSION_TOP_LARGER_WIDTH:171
696 239  2843
852 250  3616
686 487  4604
843 487  5475
Воспроизведение
691 265  6436
898 253  7306
670 491  8113
873 491  8688
ILLUSION_TOP_LARGER_WIDTH:171
687 252  1288
869 251  1828
679 491  2750
846 490  3398
Воспроизведение
657 252  4720
906 247  5295
661 496  6086
863 483  6561
ILLUSION_TOP_LARGER_WIDTH:209
666 245  1488
872 256  2173
674 480  3137
873 484  3903
Воспроизведение
673 249  4989
958 258  5600
677 492  6489
922 497  7037
ILLUSION_TOP_LARGER_WIDTH:266
638 250  1334
902 240  2178
645 491  3169
902 487  3977
Воспроизведение
653 263  5157
958 263  5724
671 523  6645
944 524  7220
ILLUSION_TOP_LARGER_WIDTH:152
702 241  1662
858 240  2119
702 483  3031
847 491  3489
Воспроизведение
679 263  4797
899 259  5299
678 519  6137
874 525  6721
ILLUSION_TOP_LARGER_WIDTH:247
654 244  1267
910 243  1988
650 491  2814
902 497  3533
Воспроизведение
642 254  4725
926 263  5318
624 489  6235
924 482  6811
ILLUSION_TOP_LARGER_WIDTH:152
700 246  1226
860 238  1765
694 494  2586
832 486  3124
Воспроизведение
677 251  4335
856 258  4812
671 515  5786
831 517  6236
ILLUSION_TOP_LARGER_WIDTH:247
650 250  1330
882 255  2077
650 484  2894
Воспроизведение
905 481  3559
676 251  4303
676 251  4304
676 251  4334
958 250  5171
649 511  6024
945 515  6563
ILLUSION_TOP_LARGER_WIDTH:209
676 251  1297
875 257  1855
662 482  2619
870 476  3249
Воспроизведение
662 271  4418
920 271  4993
670 500  5878
926 483  6418
ILLUSION_TOP_LARGER_WIDTH:266
637 247  1161
915 251  1862
640 483  2779
899 480  3498
Воспроизведение
657 244  4808
974 251  5455
624 519  6340
955 508  6924
NO_ILLUSION0_WIDTH:152
706 246  1307
843 249  1845
700 486  2927
848 489  3463
Воспроизведение
683 263  4715
896 262  5191
682 536  6027
884 522  6477
NO_ILLUSION0_WIDTH:171
696 250  1137
874 254  1721
685 483  2547
869 481  3034
Воспроизведение
692 265  4419
910 261  4906
689 517  5739
918 515  6225
NO_ILLUSION0_WIDTH:266
638 246  1180
914 243  1901
634 480  2674
906 484  3232
Воспроизведение
646 254  4601
922 262  5204
639 519  6087
944 526  6626
NO_ILLUSION0_WIDTH:247
649 254  1204
897 240  1790
654 492  2656
878 490  3223
Воспроизведение
648 259  4547
979 258  5096
653 506  6075
926 509  6597
NO_ILLUSION0_WIDTH:209
673 254  1166
878 243  1688
669 491  2538
866 498  3130
Воспроизведение
672 251  4401
899 251  4931
662 479  5792
885 479  6259
NO_ILLUSION0_WIDTH:171
690 260  1219
858 242  1713
700 482  2690
883 475  3221
Воспроизведение
705 245  4515
905 248  4975
699 455  5820
904 451  6289
NO_ILLUSION0_WIDTH:209
677 250  1189
890 260  1701
658 481  2557
872 484  3032
Воспроизведение
678 257  4323
906 256  4810
675 443  5682
944 443  6220
NO_ILLUSION0_WIDTH:266
636 243  1194
908 246  1904
642 484  2755
907 479  3474
Воспроизведение
650 252  4473
957 271  5013
650 479  5878
962 475  6453
NO_ILLUSION0_WIDTH:247
646 250  1062
903 239  1628
647 477  2499
900 476  3101
Воспроизведение
666 251  4440
884 240  4961
677 439  5854
960 454  6349
NO_ILLUSION0_WIDTH:152
702 251  1255
873 250  1722
691 491  2591
845 493  2996
Воспроизведение
687 238  4440
876 230  4827
675 474  5660
869 470  6056
