не показывать курсор
тип стимула MULLER_TOPLARGER
перпендикулярные отрезки в Оппель-Кундта каждые... пикс 19
высота перпендикулярных отрезков в Оппель-Кундта 20
угол стрелок 45
длина стрелок 20
длина штанги (1я часть) 1 152
длина штанги (1я часть) 2 171
длина штанги (1я часть) 3 209
длина штанги (1я часть) 4 247
длина штанги (1я часть) 5 266
длина штанги (1я часть) 6 152
длина штанги (1я часть) 7 171
длина штанги (1я часть) 8 209
длина штанги (1я часть) 9 247
длина штанги (1я часть) 10 266
длина штанги (2я часть) 1 152
длина штанги (2я часть) 2 171
длина штанги (2я часть) 3 209
длина штанги (2я часть) 4 247
длина штанги (2я часть) 5 266
длина штанги (2я часть) 6 152
длина штанги (2я часть) 7 171
длина штанги (2я часть) 8 209
длина штанги (2я часть) 9 247
длина штанги (2я часть) 10 266
длина "закрывашек" 20
расстояние между линиями 240
расстояние до рельсов Понзо 20
ширина линий 4
всего опытов 20
ILLUSION_TOP_LARGER_WIDTH:209
676 258  5883
877 255  6924
686 492  8372
873 496  9394
Воспроизведение
663 271  12394
909 272  13570
678 479  14846
900 479  15763
ILLUSION_TOP_LARGER_WIDTH:171
693 255  2730
862 251  3671
701 496  5172
851 490  6070
Воспроизведение
695 269  7989
913 274  8895
734 490  9962
879 495  10565
ILLUSION_TOP_LARGER_WIDTH:247
652 243  2326
890 251  3449
662 498  4651
882 480  5666
Воспроизведение
657 272  7748
919 275  8691
685 466  9935
898 468  10878
ILLUSION_TOP_LARGER_WIDTH:266
638 250  2014
903 261  3207
650 483  4932
898 485  6009
Воспроизведение
637 250  8228
930 256  9163
622 466  10227
851 455  11052
ILLUSION_TOP_LARGER_WIDTH:266
646 251  2374
898 254  3372
644 486  4631
892 479  5536
Воспроизведение
650 260  7185
931 258  8182
641 467  9308
907 467  10152
ILLUSION_TOP_LARGER_WIDTH:247
643 248  2006
885 254  2984
662 487  4196
889 487  5029
Воспроизведение
645 258  6715
921 257  7649
653 487  8818
894 491  9556
ILLUSION_TOP_LARGER_WIDTH:152
694 253  2104
854 247  2839
707 479  4157
835 484  4739
Воспроизведение
687 235  6390
857 241  7181
693 483  8317
846 477  8971
ILLUSION_TOP_LARGER_WIDTH:152
690 248  1980
858 252  2708
716 491  3894
850 492  4530
Воспроизведение
694 258  6175
897 264  6857
703 503  7871
851 494  8474
ILLUSION_TOP_LARGER_WIDTH:209
672 256  2138
883 255  2928
676 491  4080
878 489  4781
Воспроизведение
673 248  6570
903 253  7323
662 474  8420
895 469  9111
ILLUSION_TOP_LARGER_WIDTH:171
683 241  1953
864 255  2735
699 497  3968
858 486  4631
Воспроизведение
669 237  7178
918 235  7905
690 504  9115
893 503  9661
NO_ILLUSION0_WIDTH:152
701 243  2245
858 251  2865
694 478  3840
843 483  4450
Воспроизведение
719 244  6476
900 242  7113
678 506  8228
893 493  8750
NO_ILLUSION0_WIDTH:171
679 239  3580
861 251  4119
685 483  5034
846 493  5635
Воспроизведение
694 255  7595
891 253  8205
652 547  9300
873 530  9946
NO_ILLUSION0_WIDTH:266
631 252  1740
897 248  2495
643 484  3485
913 482  4157
Воспроизведение
652 235  5724
944 231  6396
624 511  7474
906 511  8085
NO_ILLUSION0_WIDTH:209
664 244  1308
872 253  1937
673 485  3014
870 487  3662
Воспроизведение
682 265  5190
913 269  5729
651 453  6817
920 442  7419
NO_ILLUSION0_WIDTH:171
679 259  1581
861 247  2129
681 480  3276
839 479  3814
Воспроизведение
702 265  5400
899 272  5975
685 539  6900
867 518  7404
NO_ILLUSION0_WIDTH:209
670 249  1702
884 257  2357
670 487  3417
863 487  3982
Воспроизведение
686 252  5562
940 259  6102
659 511  7067
930 515  7542
NO_ILLUSION0_WIDTH:266
644 253  1521
907 248  2204
642 484  3214
903 487  3841
Воспроизведение
651 256  5205
988 259  5933
626 525  6881
961 526  7538
NO_ILLUSION0_WIDTH:247
643 246  1431
918 257  2096
656 490  3144
886 492  3754
Воспроизведение
666 251  5280
1006 263  5926
647 517  6877
946 513  7425
NO_ILLUSION0_WIDTH:152
702 250  1446
827 247  1913
698 479  2854
857 489  3231
Воспроизведение
675 240  4589
855 251  5082
682 485  6073
834 485  6594
NO_ILLUSION0_WIDTH:247
652 263  1579
879 248  2279
650 479  3233
895 491  4006
Воспроизведение
656 251  5383
1006 251  6111
646 516  7062
934 507  7816
