не показывать курсор
тип стимула MULLER_TOPLARGER
перпендикулярные отрезки в Оппель-Кундта каждые... пикс 19
высота перпендикулярных отрезков в Оппель-Кундта 20
угол стрелок 45
длина стрелок 20
длина штанги (1я часть) 1 152
длина штанги (1я часть) 2 171
длина штанги (1я часть) 3 209
длина штанги (1я часть) 4 247
длина штанги (1я часть) 5 266
длина штанги (1я часть) 6 152
длина штанги (1я часть) 7 171
длина штанги (1я часть) 8 209
длина штанги (1я часть) 9 247
длина штанги (1я часть) 10 266
длина штанги (2я часть) 1 152
длина штанги (2я часть) 2 171
длина штанги (2я часть) 3 209
длина штанги (2я часть) 4 247
длина штанги (2я часть) 5 266
длина штанги (2я часть) 6 152
длина штанги (2я часть) 7 171
длина штанги (2я часть) 8 209
длина штанги (2я часть) 9 247
длина штанги (2я часть) 10 266
длина "закрывашек" 20
расстояние между линиями 240
расстояние до рельсов Понзо 20
ширина линий 4
всего опытов 20
ILLUSION_TOP_LARGER_WIDTH:247
638 248  3760
902 250  5053
646 489  6016
899 487  7588
638 246  8603
898 252  9770
648 483  10685
890 491  11969
Воспроизведение
651 242  13323
906 244  14546
643 440  15473
920 443  16803
ILLUSION_TOP_LARGER_WIDTH:209
663 251  1625
875 253  2560
665 494  3459
872 487  4383
Воспроизведение
655 241  5471
927 239  6513
650 463  7299
903 463  8351
ILLUSION_TOP_LARGER_WIDTH:171
682 248  1234
850 243  2115
689 483  3075
852 481  3837
Воспроизведение
684 249  4703
856 249  5636
696 451  6591
863 449  7497
ILLUSION_TOP_LARGER_WIDTH:171
677 244  1281
861 248  2262
688 485  3347
851 487  4354
Воспроизведение
678 250  5636
874 249  6536
670 437  7400
847 439  8603
ILLUSION_TOP_LARGER_WIDTH:266
623 252  1289
898 250  2764
632 490  3609
897 486  4741
Воспроизведение
634 245  5634
902 252  6810
646 449  7815
910 451  9226
ILLUSION_TOP_LARGER_WIDTH:247
645 250  1298
900 250  2477
650 485  3122
880 482  4192
Воспроизведение
641 243  5196
885 249  6464
630 475  7770
879 475  9145
ILLUSION_TOP_LARGER_WIDTH:152
690 245  1266
854 248  2056
701 485  2884
840 483  3773
Воспроизведение
687 247  4905
849 253  5911
675 465  7016
853 455  8183
ILLUSION_TOP_LARGER_WIDTH:266
634 247  1152
898 251  2293
642 488  3268
892 485  4499
Воспроизведение
637 247  5575
890 243  7031
634 463  8115
926 459  9436
ILLUSION_TOP_LARGER_WIDTH:152
688 242  2196
849 243  3096
689 491  4003
838 493  4854
Воспроизведение
682 251  5835
866 254  6879
698 450  7857
886 449  8647
ILLUSION_TOP_LARGER_WIDTH:209
659 248  1066
871 251  2117
666 494  2993
Воспроизведение
870 487  4144
654 250  5026
874 244  6374
675 443  7313
907 445  8606
NO_ILLUSION0_WIDTH:171
676 247  1241
848 252  2212
690 487  3257
851 488  4200
Воспроизведение
670 248  5164
871 248  6298
680 467  7149
882 464  8245
NO_ILLUSION0_WIDTH:209
662 248  990
866 252  1853
664 489  2568
874 488  3519
Воспроизведение
666 251  4453
876 251  5650
665 484  6579
886 481  7719
NO_ILLUSION0_WIDTH:171
688 244  1196
847 250  2040
676 494  2815
846 488  3802
Воспроизведение
671 257  4665
863 260  5968
682 471  6796
879 469  7766
NO_ILLUSION0_WIDTH:266
631 243  1175
902 258  2506
637 487  3372
898 487  4728
Воспроизведение
625 255  5695
930 260  6945
666 474  7972
931 474  9391
NO_ILLUSION0_WIDTH:152
685 246  1678
847 243  2407
695 489  3356
853 491  4279
Воспроизведение
684 248  5283
853 247  6183
694 461  6921
845 459  7934
706 416  15016
870 411  15779
NO_ILLUSION0_WIDTH:247
639 245  2041
883 246  3202
642 482  4239
886 491  5442
Воспроизведение
640 248  6835
902 243  8247
648 428  9149
922 422  10516
NO_ILLUSION0_WIDTH:152
686 246  1035
840 248  1791
699 502  2835
854 491  3822
Воспроизведение
701 252  4803
851 254  5675
702 470  6615
878 471  7405
NO_ILLUSION0_WIDTH:266
629 246  1173
894 248  2432
635 489  3291
902 487  4423
Воспроизведение
639 246  5332
909 247  6537
629 506  7482
NO_ILLUSION0_WIDTH:247
910 498  358
638 250  1604
902 251  2746
642 493  3605
898 488  4684
Воспроизведение
638 255  5954
902 252  7185
644 495  8310
898 488  9685
NO_ILLUSION0_WIDTH:209
662 254  1093
870 259  2008
670 479  2900
861 485  3978
Воспроизведение
669 245  4972
878 252  5987
678 467  6821
857 456  7971
