не показывать курсор
тип стимула MULLER_TOPLARGER
перпендикулярные отрезки в Оппель-Кундта каждые... пикс 19
высота перпендикулярных отрезков в Оппель-Кундта 20
угол стрелок 45
длина стрелок 20
длина штанги (1я часть) 1 152
длина штанги (1я часть) 2 171
длина штанги (1я часть) 3 209
длина штанги (1я часть) 4 247
длина штанги (1я часть) 5 266
длина штанги (1я часть) 6 152
длина штанги (1я часть) 7 171
длина штанги (1я часть) 8 209
длина штанги (1я часть) 9 247
длина штанги (1я часть) 10 266
длина штанги (2я часть) 1 152
длина штанги (2я часть) 2 171
длина штанги (2я часть) 3 209
длина штанги (2я часть) 4 247
длина штанги (2я часть) 5 266
длина штанги (2я часть) 6 152
длина штанги (2я часть) 7 171
длина штанги (2я часть) 8 209
длина штанги (2я часть) 9 247
длина штанги (2я часть) 10 266
длина "закрывашек" 20
расстояние между линиями 240
расстояние до рельсов Понзо 20
ширина линий 4
всего опытов 20
ILLUSION_TOP_LARGER_WIDTH:171
662 241  2383
852 250  3362
678 483  4244
854 482  5033
Воспроизведение
679 253  6509
856 256  7551
677 455  8320
887 451  9074
ILLUSION_TOP_LARGER_WIDTH:171
670 255  1202
869 253  2023
681 489  2709
868 485  3408
Воспроизведение
674 245  5273
867 245  6022
702 436  6893
845 440  7563
ILLUSION_TOP_LARGER_WIDTH:247
638 245  998
902 245  1884
649 482  2753
902 475  3532
Воспроизведение
647 251  5181
915 254  6162
673 446  7440
882 442  8471
ILLUSION_TOP_LARGER_WIDTH:266
625 243  1755
906 249  2868
629 487  3598
896 489  4491
Воспроизведение
626 244  6445
882 244  7281
650 473  8372
855 463  9063
ILLUSION_TOP_LARGER_WIDTH:266
626 243  1078
898 243  2056
640 487  2785
906 479  3629
Воспроизведение
609 243  6050
897 243  6871
649 484  7676
649 484  7677
615 471  7956
871 471  8815
ILLUSION_TOP_LARGER_WIDTH:152
685 239  1230
867 242  2043
701 491  3018
841 481  3874
Воспроизведение
675 248  6250
870 246  7382
705 437  8872
809 431  9449
ILLUSION_TOP_LARGER_WIDTH:209
654 247  1249
875 243  2160
675 488  3147
870 487  4223
Воспроизведение
670 239  5965
869 237  7110
703 426  9352
864 423  10380
ILLUSION_TOP_LARGER_WIDTH:209
666 250  1549
903 251  2408
685 487  3480
876 479  4321
Воспроизведение
646 267  7283
864 262  8801
686 458  10519
864 459  11351
ILLUSION_TOP_LARGER_WIDTH:247
631 248  1146
894 248  1911
649 484  2782
890 488  3683
Воспроизведение
619 237  4836
883 251  5822
659 489  8479
898 493  9267
ILLUSION_TOP_LARGER_WIDTH:152
679 243  1189
848 243  1689
705 479  2716
847 482  3289
Воспроизведение
680 246  4792
854 244  5442
706 486  6601
856 484  7202
NO_ILLUSION0_WIDTH:209
670 250  1436
870 246  2304
649 484  3336
877 479  4380
Воспроизведение
680 259  5928
874 267  6704
854 477  7559
854 477  7559
650 474  8370
890 482  9064
NO_ILLUSION0_WIDTH:171
676 251  1512
848 239  2344
676 489  3137
859 479  3942
Воспроизведение
688 279  5717
860 275  6520
699 507  8313
870 503  9090
NO_ILLUSION0_WIDTH:247
633 263  1429
897 265  2267
628 482  3050
902 488  4081
Воспроизведение
669 261  5550
893 259  6306
656 478  7154
895 475  7977
NO_ILLUSION0_WIDTH:247
648 251  1988
897 253  2834
633 494  3684
905 483  4714
Воспроизведение
676 254  7303
894 256  7975
648 496  9569
898 493  10535
NO_ILLUSION0_WIDTH:171
680 255  1177
856 243  1940
679 479  2638
877 481  3210
Воспроизведение
681 264  4608
681 264  4608
681 264  4673
875 260  5548
695 494  6341
870 485  6970
NO_ILLUSION0_WIDTH:266
632 255  1023
897 254  1865
630 476  2548
902 479  3285
Воспроизведение
630 231  4540
896 244  5274
662 477  5950
902 467  6502
NO_ILLUSION0_WIDTH:266
627 251  1114
890 256  1905
641 486  2571
899 483  3301
Воспроизведение
620 255  4694
926 255  5348
656 475  5986
939 475  6838
NO_ILLUSION0_WIDTH:209
644 247  874
878 258  1475
655 487  2211
879 498  2939
Воспроизведение
681 264  4423
910 256  5042
693 443  5760
891 437  6248
NO_ILLUSION0_WIDTH:152
699 267  910
874 263  1362
687 479  2114
850 486  2678
Воспроизведение
652 239  4690
840 236  5235
652 439  5896
872 435  6712
NO_ILLUSION0_WIDTH:152
681 264  1294
864 261  1906
678 489  2580
866 496  3305
Воспроизведение
681 264  5510
906 256  6315
724 457  7037
931 473  7743
