не показывать курсор
тип стимула MULLER_TOPLARGER
перпендикулярные отрезки в Оппель-Кундта каждые... пикс 19
высота перпендикулярных отрезков в Оппель-Кундта 20
угол стрелок 45
длина стрелок 20
длина штанги (1я часть) 1 152
длина штанги (1я часть) 2 171
длина штанги (1я часть) 3 209
длина штанги (1я часть) 4 247
длина штанги (1я часть) 5 266
длина штанги (1я часть) 6 152
длина штанги (1я часть) 7 171
длина штанги (1я часть) 8 209
длина штанги (1я часть) 9 247
длина штанги (1я часть) 10 266
длина штанги (2я часть) 1 152
длина штанги (2я часть) 2 171
длина штанги (2я часть) 3 209
длина штанги (2я часть) 4 247
длина штанги (2я часть) 5 266
длина штанги (2я часть) 6 152
длина штанги (2я часть) 7 171
длина штанги (2я часть) 8 209
длина штанги (2я часть) 9 247
длина штанги (2я часть) 10 266
длина "закрывашек" 20
расстояние между линиями 240
расстояние до рельсов Понзо 20
ширина линий 4
всего опытов 20
ILLUSION_TOP_LARGER_WIDTH:152
670 242  1535
851 247  2065
681 477  2776
845 485  3257
Воспроизведение
682 251  4650
868 253  5169
703 493  5933
899 488  6570
ILLUSION_TOP_LARGER_WIDTH:171
663 246  981
866 245  1590
685 490  2189
842 491  2726
Воспроизведение
656 244  3750
854 235  4323
687 443  5394
879 435  6022
ILLUSION_TOP_LARGER_WIDTH:152
666 245  704
854 245  1262
687 490  1888
844 483  2417
Воспроизведение
674 243  3520
852 246  4073
706 452  5103
846 460  5609
ILLUSION_TOP_LARGER_WIDTH:247
627 241  840
894 239  1541
638 484  2172
874 474  2945
Воспроизведение
633 242  3876
879 234  4674
669 449  5697
858 445  6333
ILLUSION_TOP_LARGER_WIDTH:247
625 243  769
870 247  1503
638 490  2168
871 485  2807
Воспроизведение
648 226  3955
897 230  4684
666 462  5829
899 469  6452
ILLUSION_TOP_LARGER_WIDTH:209
635 243  776
867 246  1541
649 494  2230
847 483  2871
Воспроизведение
649 252  4786
905 263  5842
659 461  6796
907 451  7572
ILLUSION_TOP_LARGER_WIDTH:266
612 246  722
904 244  1586
636 492  2200
899 482  3082
Воспроизведение
637 241  4135
886 245  4935
646 467  5590
884 471  6194
ILLUSION_TOP_LARGER_WIDTH:266
620 243  746
923 242  1567
637 501  2148
876 479  2675
Воспроизведение
622 243  3588
926 240  4259
681 458  4796
878 454  5296
ILLUSION_TOP_LARGER_WIDTH:171
666 240  606
869 243  1175
684 499  1724
842 486  2296
Воспроизведение
674 238  3406
876 242  3988
698 455  4850
861 451  5357
ILLUSION_TOP_LARGER_WIDTH:209
652 255  776
891 252  1508
651 503  2070
870 495  2704
Воспроизведение
662 239  3868
887 235  4450
695 481  5172
878 467  5764
NO_ILLUSION0_WIDTH:171
666 248  1063
862 252  1611
669 499  2167
839 492  2736
Воспроизведение
678 240  3768
867 254  4283
670 476  4994
869 463  5697
NO_ILLUSION0_WIDTH:247
638 243  929
891 247  1708
639 489  2349
892 484  3003
Воспроизведение
638 242  3944
869 249  4636
673 451  5703
894 444  6330
NO_ILLUSION0_WIDTH:209
654 234  666
861 239  1242
658 490  1918
879 495  2430
Воспроизведение
658 250  3434
891 247  4193
696 464  5485
927 463  6078
NO_ILLUSION0_WIDTH:171
659 239  719
848 239  1250
662 491  1944
869 491  2499
Воспроизведение
670 239  3443
875 235  4214
699 446  5153
890 451  5744
NO_ILLUSION0_WIDTH:247
626 238  775
901 242  1411
638 475  2085
886 474  2725
Воспроизведение
639 232  3640
923 243  4584
646 443  5587
906 434  6426
NO_ILLUSION0_WIDTH:266
618 241  626
899 244  1227
627 478  1699
902 477  2284
Воспроизведение
651 256  4259
919 269  4770
643 472  5516
945 457  6297
NO_ILLUSION0_WIDTH:152
674 236  775
843 236  1240
686 485  1913
842 484  2444
Воспроизведение
690 245  3436
838 247  4039
686 452  4956
838 439  5687
NO_ILLUSION0_WIDTH:266
614 248  717
914 252  1420
634 477  1969
897 476  2541
Воспроизведение
628 244  3541
886 247  4427
645 451  5445
894 445  6145
NO_ILLUSION0_WIDTH:152
670 234  605
846 236  1132
677 495  1784
847 491  2317
Воспроизведение
689 243  3123
846 252  3621
698 457  4238
843 455  4830
NO_ILLUSION0_WIDTH:209
648 246  781
880 250  1433
659 485  2071
864 475  2734
Воспроизведение
662 251  3709
830 245  4236
648 426  4791
846 426  5475
