не показывать курсор
тип стимула MULLER_TOPLARGER
перпендикулярные отрезки в Оппель-Кундта каждые... пикс 19
высота перпендикулярных отрезков в Оппель-Кундта 20
угол стрелок 45
длина стрелок 20
длина штанги (1я часть) 1 152
длина штанги (1я часть) 2 171
длина штанги (1я часть) 3 209
длина штанги (1я часть) 4 247
длина штанги (1я часть) 5 266
длина штанги (1я часть) 6 152
длина штанги (1я часть) 7 171
длина штанги (1я часть) 8 209
длина штанги (1я часть) 9 247
длина штанги (1я часть) 10 266
длина штанги (2я часть) 1 152
длина штанги (2я часть) 2 171
длина штанги (2я часть) 3 209
длина штанги (2я часть) 4 247
длина штанги (2я часть) 5 266
длина штанги (2я часть) 6 152
длина штанги (2я часть) 7 171
длина штанги (2я часть) 8 209
длина штанги (2я часть) 9 247
длина штанги (2я часть) 10 266
длина "закрывашек" 20
расстояние между линиями 240
расстояние до рельсов Понзо 20
ширина линий 4
всего опытов 20
ILLUSION_TOP_LARGER_WIDTH:266
636 247  2082
901 243  2837
639 490  3843
889 492  4480
Воспроизведение
624 247  5474
870 239  6229
651 443  7142
874 445  7978
ILLUSION_TOP_LARGER_WIDTH:171
674 254  1001
839 248  1641
695 490  2358
840 484  2754
Воспроизведение
664 255  4239
852 242  4697
686 433  5450
861 438  5854
ILLUSION_TOP_LARGER_WIDTH:247
646 245  1159
899 243  1649
654 502  2429
874 489  2968
Воспроизведение
630 245  4425
912 243  4991
639 473  5695
891 470  6234
ILLUSION_TOP_LARGER_WIDTH:171
696 249  1084
850 241  1479
676 484  2141
846 483  2562
Воспроизведение
671 252  4128
888 233  4720
686 435  5421
877 427  5925
ILLUSION_TOP_LARGER_WIDTH:152
694 244  1090
838 243  1524
693 492  2328
833 491  2781
Воспроизведение
672 247  3880
861 237  4335
675 463  5144
846 457  5575
ILLUSION_TOP_LARGER_WIDTH:152
685 251  1092
841 246  1478
700 479  2319
840 480  2711
Воспроизведение
686 247  3823
850 254  4290
684 459  5076
865 464  5582
ILLUSION_TOP_LARGER_WIDTH:209
661 246  1214
878 244  1739
670 490  2488
874 482  3042
Воспроизведение
657 251  3942
888 232  4542
667 452  5285
876 459  5810
ILLUSION_TOP_LARGER_WIDTH:266
637 255  1200
898 257  1728
630 496  2505
885 482  3143
Воспроизведение
629 252  4170
922 239  4785
658 465  5549
903 455  6178
ILLUSION_TOP_LARGER_WIDTH:247
639 252  1066
898 257  1696
649 483  2369
885 470  3069
Воспроизведение
653 236  4174
904 247  4704
646 478  5556
896 476  6072
ILLUSION_TOP_LARGER_WIDTH:209
660 251  1295
874 251  1808
665 491  2598
846 499  3056
Воспроизведение
657 247  4471
882 232  4930
663 452  5815
878 463  6353
NO_ILLUSION0_WIDTH:152
694 237  3317
844 232  3697
686 485  4475
841 482  4878
Воспроизведение
685 251  6200
862 251  6631
702 469  7444
873 459  7892
NO_ILLUSION0_WIDTH:209
653 257  1085
874 263  1586
664 484  2349
878 501  2843
Воспроизведение
676 263  4195
890 258  4687
682 459  5502
898 468  5993
NO_ILLUSION0_WIDTH:247
639 252  1185
887 242  1644
641 475  2383
897 488  2858
Воспроизведение
658 249  3988
913 251  4465
661 464  5086
925 479  5585
NO_ILLUSION0_WIDTH:171
678 256  1029
843 256  1406
678 487  2226
867 483  2720
Воспроизведение
666 225  3844
850 231  4193
667 447  4844
865 443  5260
NO_ILLUSION0_WIDTH:152
702 244  938
852 242  1220
690 480  1895
836 482  2236
Воспроизведение
698 236  3262
850 231  3595
677 453  4191
850 467  4577
NO_ILLUSION0_WIDTH:171
686 252  957
851 243  1291
676 494  1872
851 487  2303
Воспроизведение
678 233  3448
853 230  3909
690 480  4594
849 475  4967
NO_ILLUSION0_WIDTH:266
629 248  1123
895 243  1552
628 491  2169
899 506  2712
Воспроизведение
634 244  3865
907 230  4314
650 470  5074
912 465  5602
NO_ILLUSION0_WIDTH:209
659 243  5700
877 251  5988
658 479  6630
909 479  6991
Воспроизведение
654 233  8242
874 219  8600
650 445  9173
899 435  9544
NO_ILLUSION0_WIDTH:266
646 257  743
906 246  1078
612 479  1585
906 486  1998
Воспроизведение
635 231  2978
910 234  3326
647 449  3848
919 464  4317
NO_ILLUSION0_WIDTH:247
642 247  907
903 246  1310
635 479  1982
901 490  2399
Воспроизведение
643 255  3390
884 245  3809
653 491  4371
910 491  4893
