не показывать курсор
тип стимула MULLER_TOPLARGER
перпендикулярные отрезки в Оппель-Кундта каждые... пикс 19
высота перпендикулярных отрезков в Оппель-Кундта 20
угол стрелок 45
длина стрелок 20
длина штанги (1я часть) 1 152
длина штанги (1я часть) 2 171
длина штанги (1я часть) 3 209
длина штанги (1я часть) 4 247
длина штанги (1я часть) 5 266
длина штанги (1я часть) 6 152
длина штанги (1я часть) 7 171
длина штанги (1я часть) 8 209
длина штанги (1я часть) 9 247
длина штанги (1я часть) 10 266
длина штанги (2я часть) 1 152
длина штанги (2я часть) 2 171
длина штанги (2я часть) 3 209
длина штанги (2я часть) 4 247
длина штанги (2я часть) 5 266
длина штанги (2я часть) 6 152
длина штанги (2я часть) 7 171
длина штанги (2я часть) 8 209
длина штанги (2я часть) 9 247
длина штанги (2я часть) 10 266
длина "закрывашек" 20
расстояние между линиями 240
расстояние до рельсов Понзо 20
ширина линий 4
всего опытов 20
ILLUSION_TOP_LARGER_WIDTH:171
688 255  1871
888 244  2144
680 485  2626
879 479  2925
Воспроизведение
664 243  3668
906 252  3972
662 469  4383
870 458  4743
ILLUSION_TOP_LARGER_WIDTH:247
635 251  539
885 249  872
646 475  1323
882 476  1663
Воспроизведение
634 234  2465
898 231  2845
630 464  3253
887 469  3628
ILLUSION_TOP_LARGER_WIDTH:266
620 244  568
900 249  914
638 471  1369
912 460  1668
Воспроизведение
641 231  2539
938 236  2880
656 442  3326
933 443  3687
ILLUSION_TOP_LARGER_WIDTH:209
662 250  669
890 255  1036
664 478  1435
902 484  1763
Воспроизведение
672 224  2521
915 223  2845
666 463  3252
910 446  3623
ILLUSION_TOP_LARGER_WIDTH:209
663 247  493
883 258  833
667 501  1279
898 489  1598
Воспроизведение
646 208  2398
910 229  2709
660 455  3088
920 459  3459
ILLUSION_TOP_LARGER_WIDTH:171
664 238  607
878 254  896
690 486  1321
873 480  1588
Воспроизведение
694 227  2451
901 241  2738
701 477  3204
909 479  3511
ILLUSION_TOP_LARGER_WIDTH:152
683 244  679
887 268  966
685 499  1434
858 496  1726
Воспроизведение
671 243  2530
850 266  2799
667 443  3238
860 452  3504
ILLUSION_TOP_LARGER_WIDTH:247
629 244  680
908 257  976
647 465  1482
906 483  1822
Воспроизведение
618 199  2691
885 210  3049
642 448  3555
905 449  3891
ILLUSION_TOP_LARGER_WIDTH:266
623 243  681
905 240  1005
622 482  1506
930 457  1974
Воспроизведение
630 220  2648
941 245  3045
666 475  3469
954 478  3833
ILLUSION_TOP_LARGER_WIDTH:152
702 254  780
858 261  1060
694 487  1562
862 489  1870
Воспроизведение
687 239  2815
896 260  3128
691 474  3612
887 472  3894
NO_ILLUSION0_WIDTH:171
675 257  738
864 263  1105
662 485  1612
870 466  1915
Воспроизведение
665 239  2839
881 238  3147
695 482  3683
891 490  3987
NO_ILLUSION0_WIDTH:209
660 258  727
888 251  1043
655 488  1588
904 471  1955
Воспроизведение
640 242  2870
898 239  3197
673 479  3733
913 462  4025
NO_ILLUSION0_WIDTH:266
629 246  695
903 259  1036
638 470  1626
914 471  1954
Воспроизведение
628 255  2898
922 259  3265
652 480  3778
910 472  4137
NO_ILLUSION0_WIDTH:152
682 248  712
858 235  1026
682 485  1609
860 477  1873
Воспроизведение
663 251  2785
879 249  3087
694 481  3619
907 472  3917
NO_ILLUSION0_WIDTH:247
641 253  634
916 263  954
643 499  1461
950 507  1763
Воспроизведение
645 244  2688
922 250  3036
637 452  3600
903 468  3938
NO_ILLUSION0_WIDTH:209
657 247  683
871 247  971
646 491  1593
880 486  1930
Воспроизведение
628 260  2832
850 253  3127
631 477  3632
898 458  4011
NO_ILLUSION0_WIDTH:152
686 250  604
852 250  885
694 492  1391
887 483  1662
Воспроизведение
675 239  2451
896 243  2722
705 490  3249
906 482  3513
NO_ILLUSION0_WIDTH:247
637 248  696
902 243  993
650 483  1559
908 487  1888
Воспроизведение
621 234  2839
903 233  3183
639 501  3718
888 487  4039
NO_ILLUSION0_WIDTH:266
616 263  680
912 257  1017
639 493  1517
916 490  1826
Воспроизведение
626 238  2889
945 231  3218
647 483  3776
942 475  4122
NO_ILLUSION0_WIDTH:171
678 242  637
854 255  903
678 490  1474
874 484  1742
Воспроизведение
653 235  2812
852 234  3092
677 476  3671
881 455  3963
