не показывать курсор
тип стимула MULLER_TOPLARGER
перпендикулярные отрезки в Оппель-Кундта каждые... пикс 19
высота перпендикулярных отрезков в Оппель-Кундта 20
угол стрелок 45
длина стрелок 20
длина штанги (1я часть) 1 152
длина штанги (1я часть) 2 171
длина штанги (1я часть) 3 209
длина штанги (1я часть) 4 247
длина штанги (1я часть) 5 266
длина штанги (1я часть) 6 152
длина штанги (1я часть) 7 171
длина штанги (1я часть) 8 209
длина штанги (1я часть) 9 247
длина штанги (1я часть) 10 266
длина штанги (2я часть) 1 152
длина штанги (2я часть) 2 171
длина штанги (2я часть) 3 209
длина штанги (2я часть) 4 247
длина штанги (2я часть) 5 266
длина штанги (2я часть) 6 152
длина штанги (2я часть) 7 171
длина штанги (2я часть) 8 209
длина штанги (2я часть) 9 247
длина штанги (2я часть) 10 266
длина "закрывашек" 20
расстояние между линиями 240
расстояние до рельсов Понзо 20
ширина линий 4
всего опытов 20
ILLUSION_TOP_LARGER_WIDTH:152
683 255  1593
870 251  2266
691 495  2909
866 483  3457
Воспроизведение
658 256  4635
890 251  5164
656 471  5689
901 463  6175
ILLUSION_TOP_LARGER_WIDTH:247
640 255  849
919 254  1389
650 495  2073
892 487  2649
Воспроизведение
625 260  3496
938 243  4016
650 453  4637
907 441  5202
ILLUSION_TOP_LARGER_WIDTH:209
650 251  675
902 251  1213
647 494  1765
890 481  2323
Воспроизведение
629 254  3374
897 253  3950
648 474  4523
901 471  5063
ILLUSION_TOP_LARGER_WIDTH:266
628 249  738
923 249  1367
636 481  1924
901 475  2590
Воспроизведение
611 245  3517
962 251  4111
628 499  4596
916 474  5090
ILLUSION_TOP_LARGER_WIDTH:266
633 258  772
927 251  1295
636 496  1960
919 479  2527
Воспроизведение
608 253  3379
958 259  3954
629 486  4523
919 477  5089
ILLUSION_TOP_LARGER_WIDTH:171
659 247  678
900 253  1199
681 479  1870
875 478  2374
Воспроизведение
670 253  3341
901 257  3897
658 457  4566
924 446  5123
ILLUSION_TOP_LARGER_WIDTH:171
675 251  695
875 243  1162
676 491  1690
872 484  2139
Воспроизведение
655 244  2955
898 247  3475
699 441  3819
874 435  4574
ILLUSION_TOP_LARGER_WIDTH:247
626 248  737
913 252  1321
634 496  1942
898 488  2579
Воспроизведение
626 248  3408
954 239  4018
647 464  4559
942 430  5179
ILLUSION_TOP_LARGER_WIDTH:209
650 252  622
894 250  1197
653 495  1707
887 491  2273
Воспроизведение
650 254  3145
926 248  3710
658 464  4193
931 463  4749
ILLUSION_TOP_LARGER_WIDTH:152
690 247  800
873 246  1212
689 483  1788
850 478  2227
Воспроизведение
675 248  3109
894 240  3566
682 469  4186
908 458  4653
NO_ILLUSION0_WIDTH:171
677 250  681
856 255  1113
675 492  1696
864 484  2108
Воспроизведение
675 259  2981
866 255  3511
669 466  4024
874 444  4546
NO_ILLUSION0_WIDTH:247
635 254  711
907 243  1206
645 491  1779
903 477  2426
Воспроизведение
646 259  3207
926 254  3728
649 464  4393
924 450  4966
NO_ILLUSION0_WIDTH:152
693 252  792
859 255  1196
685 487  1791
866 485  2239
Воспроизведение
665 249  2925
938 251  3429
690 468  3951
906 443  4499
NO_ILLUSION0_WIDTH:209
654 255  689
883 244  1183
653 486  1730
887 487  2287
Воспроизведение
650 259  3013
935 251  3562
666 468  4026
890 468  4584
NO_ILLUSION0_WIDTH:266
634 255  624
907 253  1110
628 487  1643
923 477  2192
Воспроизведение
646 256  2966
938 263  3487
670 479  4084
921 463  4614
NO_ILLUSION0_WIDTH:266
634 245  591
918 251  1049
636 483  1602
896 482  2131
Воспроизведение
625 259  2913
952 251  3435
658 471  3948
946 462  4459
NO_ILLUSION0_WIDTH:171
666 255  574
883 245  997
679 490  1561
875 482  2002
Воспроизведение
653 251  2840
899 234  3399
657 454  3922
916 437  4508
NO_ILLUSION0_WIDTH:247
650 259  617
907 241  1121
648 480  1741
893 483  2314
Воспроизведение
642 240  3089
958 247  3664
652 479  4167
934 441  4815
NO_ILLUSION0_WIDTH:209
658 243  675
881 247  1151
652 486  1746
886 478  2256
Воспроизведение
650 251  3036
961 243  3582
667 480  4118
925 456  4629
NO_ILLUSION0_WIDTH:152
688 247  573
882 247  977
687 495  1552
Воспроизведение
864 487  2045
671 239  2763
911 246  3321
669 480  3748
912 439  4394
