не показывать курсор
тип стимула MULLER_TOPLARGER
перпендикулярные отрезки в Оппель-Кундта каждые... пикс 19
высота перпендикулярных отрезков в Оппель-Кундта 20
угол стрелок 45
длина стрелок 20
длина штанги (1я часть) 1 152
длина штанги (1я часть) 2 171
длина штанги (1я часть) 3 209
длина штанги (1я часть) 4 247
длина штанги (1я часть) 5 266
длина штанги (1я часть) 6 152
длина штанги (1я часть) 7 171
длина штанги (1я часть) 8 209
длина штанги (1я часть) 9 247
длина штанги (1я часть) 10 266
длина штанги (2я часть) 1 152
длина штанги (2я часть) 2 171
длина штанги (2я часть) 3 209
длина штанги (2я часть) 4 247
длина штанги (2я часть) 5 266
длина штанги (2я часть) 6 152
длина штанги (2я часть) 7 171
длина штанги (2я часть) 8 209
длина штанги (2я часть) 9 247
длина штанги (2я часть) 10 266
длина "закрывашек" 20
расстояние между линиями 240
расстояние до рельсов Понзо 20
ширина линий 4
всего опытов 20
ILLUSION_TOP_LARGER_WIDTH:266
626 249  1520
922 242  2258
630 488  2918
911 480  3475
Воспроизведение
599 255  4791
938 259  5321
612 471  6014
937 471  6705
ILLUSION_TOP_LARGER_WIDTH:171
658 245  749
887 243  1209
672 485  1787
874 479  2218
Воспроизведение
666 241  3055
908 253  3476
669 477  4031
875 468  4578
ILLUSION_TOP_LARGER_WIDTH:171
663 245  656
874 247  1079
673 483  1639
868 480  2088
Воспроизведение
664 234  3008
902 239  3475
658 451  4085
860 438  4560
ILLUSION_TOP_LARGER_WIDTH:266
604 257  689
920 251  1228
626 486  1799
912 469  2409
Воспроизведение
615 243  3207
951 251  3701
623 461  4198
935 449  4800
ILLUSION_TOP_LARGER_WIDTH:152
679 240  567
869 247  945
687 509  1543
858 506  2046
Воспроизведение
646 250  2996
947 255  3526
672 459  4047
886 467  4567
ILLUSION_TOP_LARGER_WIDTH:209
647 242  706
887 255  1209
658 495  1802
890 480  2231
Воспроизведение
622 243  3103
942 248  3622
640 463  4142
896 466  4673
ILLUSION_TOP_LARGER_WIDTH:209
642 239  714
892 248  1180
663 493  1740
904 480  2153
Воспроизведение
632 243  3060
931 261  3564
629 477  4152
916 468  4710
ILLUSION_TOP_LARGER_WIDTH:247
622 243  686
927 257  1217
627 489  1827
912 490  2340
Воспроизведение
607 247  3372
942 247  3946
618 471  4595
931 467  5224
ILLUSION_TOP_LARGER_WIDTH:152
669 244  627
874 254  1084
676 491  1672
859 476  2148
Воспроизведение
653 247  3014
898 252  3508
652 486  4083
886 475  4595
ILLUSION_TOP_LARGER_WIDTH:247
633 243  730
925 257  1170
623 484  1707
908 479  2209
Воспроизведение
614 245  3081
950 246  3610
629 455  4116
945 467  4672
NO_ILLUSION0_WIDTH:209
656 243  638
914 250  1050
645 485  1594
885 475  2132
Воспроизведение
627 240  2869
926 251  3347
646 481  3925
948 479  4437
NO_ILLUSION0_WIDTH:152
678 252  613
870 259  1027
683 493  1584
873 470  2015
Воспроизведение
692 241  2772
873 249  3184
702 476  3813
874 479  4226
NO_ILLUSION0_WIDTH:171
670 243  726
869 247  1157
660 487  1712
874 475  2196
Воспроизведение
670 235  2930
916 241  3379
685 468  3985
890 466  4425
NO_ILLUSION0_WIDTH:171
674 253  576
872 247  1007
666 495  1605
882 475  2009
Воспроизведение
646 242  2796
889 244  3228
662 501  3746
871 491  4231
NO_ILLUSION0_WIDTH:247
635 246  636
910 254  1048
643 500  1655
911 476  2112
Воспроизведение
614 237  2919
939 247  3413
646 468  3989
926 459  4546
NO_ILLUSION0_WIDTH:152
676 243  679
856 247  1146
677 485  1677
866 474  2091
Воспроизведение
664 242  2851
872 230  3392
661 485  3920
877 484  4514
NO_ILLUSION0_WIDTH:209
650 246  695
902 239  1152
650 481  1717
898 469  2266
Воспроизведение
638 237  2847
959 239  3440
662 447  3989
942 462  4581
NO_ILLUSION0_WIDTH:247
638 243  654
929 248  1067
633 484  1600
915 472  2148
Воспроизведение
616 260  2864
950 256  3457
626 491  3966
943 495  4594
NO_ILLUSION0_WIDTH:266
631 263  763
934 262  1311
634 502  1989
919 491  2573
Воспроизведение
616 251  3375
940 257  3887
616 463  4544
945 470  5235
NO_ILLUSION0_WIDTH:266
636 254  471
939 238  946
630 482  1562
925 479  2147
Воспроизведение
626 254  2867
943 260  3469
596 482  4218
969 483  4910
