не показывать курсор
тип стимула MULLER_TOPLARGER
перпендикулярные отрезки в Оппель-Кундта каждые... пикс 19
высота перпендикулярных отрезков в Оппель-Кундта 20
угол стрелок 45
длина стрелок 20
длина штанги (1я часть) 1 152
длина штанги (1я часть) 2 171
длина штанги (1я часть) 3 209
длина штанги (1я часть) 4 247
длина штанги (1я часть) 5 266
длина штанги (1я часть) 6 152
длина штанги (1я часть) 7 171
длина штанги (1я часть) 8 209
длина штанги (1я часть) 9 247
длина штанги (1я часть) 10 266
длина штанги (2я часть) 1 152
длина штанги (2я часть) 2 171
длина штанги (2я часть) 3 209
длина штанги (2я часть) 4 247
длина штанги (2я часть) 5 266
длина штанги (2я часть) 6 152
длина штанги (2я часть) 7 171
длина штанги (2я часть) 8 209
длина штанги (2я часть) 9 247
длина штанги (2я часть) 10 266
длина "закрывашек" 20
расстояние между линиями 240
расстояние до рельсов Понзо 20
ширина линий 4
всего опытов 20
ILLUSION_TOP_LARGER_WIDTH:266
618 264  22844
925 259  23751
634 488  24655
901 487  25374
Воспроизведение
626 271  28788
912 266  29479
618 475  30662
957 457  31370
ILLUSION_TOP_LARGER_WIDTH:266
633 247  4619
893 257  5194
644 483  5939
901 476  6413
Воспроизведение
632 260  7546
926 265  8128
609 476  8928
912 462  9464
ILLUSION_TOP_LARGER_WIDTH:152
689 255  1368
830 257  1729
694 483  2406
832 490  2792
Воспроизведение
675 268  3918
842 263  4340
641 488  4971
858 475  5491
ILLUSION_TOP_LARGER_WIDTH:247
645 247  1248
867 259  1768
627 496  2704
877 489  3162
Воспроизведение
654 263  4517
903 266  5080
601 488  6009
922 463  6547
ILLUSION_TOP_LARGER_WIDTH:152
685 257  1081
827 252  1474
678 499  2205
862 488  2607
Воспроизведение
686 267  3847
856 261  4259
662 464  4966
842 457  5486
ILLUSION_TOP_LARGER_WIDTH:171
669 259  914
852 252  1292
667 500  1840
859 483  2306
Воспроизведение
692 266  3223
845 264  3691
690 447  4341
841 448  4825
ILLUSION_TOP_LARGER_WIDTH:171
674 254  1007
862 248  1430
676 502  2087
859 481  2509
Воспроизведение
710 268  3958
882 264  4380
650 485  5170
874 466  5610
ILLUSION_TOP_LARGER_WIDTH:209
671 259  1055
857 257  1522
652 484  2161
866 468  2654
Воспроизведение
659 268  3708
872 270  4182
626 479  5069
894 456  5662
ILLUSION_TOP_LARGER_WIDTH:247
638 255  972
894 251  1429
638 485  2226
895 468  2754
Воспроизведение
661 271  3839
879 265  4458
642 479  5262
899 468  5845
ILLUSION_TOP_LARGER_WIDTH:209
662 250  1041
866 254  1517
645 495  2349
874 476  2844
Воспроизведение
662 259  4006
893 259  4677
634 469  5476
854 455  6022
NO_ILLUSION0_WIDTH:152
698 251  994
833 249  1424
666 505  2100
857 493  2621
Воспроизведение
718 266  3784
845 260  4198
706 485  5052
854 480  5482
NO_ILLUSION0_WIDTH:209
667 250  1025
849 247  1448
661 491  2219
861 479  2676
Воспроизведение
705 268  3763
881 263  4239
664 471  5097
890 451  5626
NO_ILLUSION0_WIDTH:266
628 259  1055
881 252  1612
624 488  2293
914 478  2912
Воспроизведение
647 263  4289
887 261  4809
645 478  5675
906 471  6204
NO_ILLUSION0_WIDTH:152
690 258  1090
839 259  1522
666 502  2373
844 486  2803
Воспроизведение
713 251  4042
850 239  4463
646 507  5289
856 491  6042
NO_ILLUSION0_WIDTH:247
633 256  1130
865 255  1713
638 498  2568
879 491  3089
Воспроизведение
670 253  4443
860 244  4909
638 482  5901
865 469  6744
NO_ILLUSION0_WIDTH:247
644 251  1010
861 262  1539
621 493  2279
874 498  2818
Воспроизведение
694 267  3964
895 264  4477
643 491  5294
872 489  6058
NO_ILLUSION0_WIDTH:209
659 255  1038
860 256  1478
650 495  2324
852 485  2809
Воспроизведение
698 257  4137
873 254  4676
694 466  5843
862 462  6318
NO_ILLUSION0_WIDTH:266
626 264  995
888 255  1614
632 505  2386
896 484  2987
Воспроизведение
673 255  4375
904 245  4958
654 499  5789
899 484  6417
NO_ILLUSION0_WIDTH:171
674 252  930
846 256  1397
668 499  2170
866 486  2664
Воспроизведение
690 264  3953
851 250  4394
666 503  5142
866 491  5627
NO_ILLUSION0_WIDTH:171
692 263  907
850 251  1311
673 505  2129
863 488  2577
Воспроизведение
702 267  3934
872 255  4403
666 479  5233
867 461  5825
