не показывать курсор
тип стимула MULLER_TOPLARGER
перпендикулярные отрезки в Оппель-Кундта каждые... пикс 19
высота перпендикулярных отрезков в Оппель-Кундта 20
угол стрелок 45
длина стрелок 20
длина штанги (1я часть) 1 152
длина штанги (1я часть) 2 171
длина штанги (1я часть) 3 209
длина штанги (1я часть) 4 247
длина штанги (1я часть) 5 266
длина штанги (1я часть) 6 152
длина штанги (1я часть) 7 171
длина штанги (1я часть) 8 209
длина штанги (1я часть) 9 247
длина штанги (1я часть) 10 266
длина штанги (2я часть) 1 152
длина штанги (2я часть) 2 171
длина штанги (2я часть) 3 209
длина штанги (2я часть) 4 247
длина штанги (2я часть) 5 266
длина штанги (2я часть) 6 152
длина штанги (2я часть) 7 171
длина штанги (2я часть) 8 209
длина штанги (2я часть) 9 247
длина штанги (2я часть) 10 266
длина "закрывашек" 20
расстояние между линиями 240
расстояние до рельсов Понзо 20
ширина линий 4
всего опытов 20
ILLUSION_TOP_LARGER_WIDTH:266
620 255  2577
897 254  3412
641 489  4237
896 483  4919
Воспроизведение
632 254  6531
878 257  7240
650 392  8346
953 393  9370
ILLUSION_TOP_LARGER_WIDTH:247
638 254  1480
908 247  2396
644 484  3549
887 479  4438
Воспроизведение
649 252  5406
925 252  6565
651 435  7587
917 435  8773
ILLUSION_TOP_LARGER_WIDTH:247
637 244  1057
890 244  1983
639 485  2928
894 486  3871
Воспроизведение
654 268  5115
916 273  6228
669 446  7198
950 445  8186
ILLUSION_TOP_LARGER_WIDTH:152
678 253  811
854 255  1357
689 483  2318
848 485  3208
Воспроизведение
704 245  4892
890 242  5808
726 426  6855
914 423  7655
ILLUSION_TOP_LARGER_WIDTH:266
616 254  835
900 246  1805
644 486  2810
890 484  3636
Воспроизведение
670 254  4763
914 251  5741
679 438  6753
930 443  7651
ILLUSION_TOP_LARGER_WIDTH:209
654 249  949
857 255  1614
654 494  2525
880 486  3234
Воспроизведение
648 250  4112
897 238  4957
681 447  5881
949 432  6895
ILLUSION_TOP_LARGER_WIDTH:171
676 246  833
869 245  1542
676 484  2433
873 479  3125
Воспроизведение
696 247  4566
889 249  5385
702 463  6453
905 459  7242
ILLUSION_TOP_LARGER_WIDTH:209
651 246  1167
868 252  1974
656 491  3006
866 486  3795
Воспроизведение
676 265  4814
869 265  5623
682 450  6571
890 449  7289
ILLUSION_TOP_LARGER_WIDTH:171
677 246  1028
856 247  1658
679 494  2538
Воспроизведение
860 478  3381
685 263  4264
880 263  4947
678 455  5812
893 469  6349
ILLUSION_TOP_LARGER_WIDTH:152
682 242  958
847 260  1470
690 490  2380
849 491  2792
Воспроизведение
708 264  3797
895 267  4514
675 494  5282
882 497  5820
NO_ILLUSION0_WIDTH:209
653 244  1052
857 251  1617
655 485  2465
879 483  2985
Воспроизведение
683 259  4091
898 257  4800
696 475  5759
922 466  6468
NO_ILLUSION0_WIDTH:171
675 245  834
845 251  1309
676 483  2204
843 483  2724
Воспроизведение
710 264  3901
884 262  4459
678 479  5388
877 468  6089
NO_ILLUSION0_WIDTH:266
627 252  823
884 245  1532
624 495  2494
905 487  3301
Воспроизведение
682 272  4595
902 275  5341
662 479  6241
906 478  6914
NO_ILLUSION0_WIDTH:247
635 249  1017
874 255  1673
646 487  2626
898 475  3442
Воспроизведение
646 260  4820
910 257  5655
674 447  6406
929 455  7123
NO_ILLUSION0_WIDTH:266
635 261  951
894 251  1644
626 483  2566
895 483  3294
Воспроизведение
642 263  4353
889 275  5044
641 477  5840
641 477  5840
641 477  5872
929 482  6851
NO_ILLUSION0_WIDTH:152
683 256  899
834 249  1519
689 490  2355
848 491  2866
Воспроизведение
702 285  4110
886 277  4766
701 488  5940
918 484  6613
NO_ILLUSION0_WIDTH:209
649 247  1027
859 251  1978
654 484  2774
863 481  3403
Воспроизведение
692 271  4525
904 267  5154
681 445  6087
899 448  6715
NO_ILLUSION0_WIDTH:152
688 250  1176
832 249  1661
698 487  2844
828 484  3248
Воспроизведение
690 263  4280
845 260  4745
688 510  5620
866 511  6122
NO_ILLUSION0_WIDTH:171
678 266  833
851 247  1372
674 499  2198
845 481  2844
Воспроизведение
678 263  4383
858 262  4895
677 463  5810
886 469  6376
NO_ILLUSION0_WIDTH:247
647 254  1854
866 247  2429
626 489  3105
879 485  3778
Воспроизведение
651 248  4634
865 263  5361
647 466  6408
885 463  7000
